static/ion/2023-12-07.23i
     1.0            IONOSPHERE MAPS     GNSS                IONEX VERSION / TYPE
IONINX V5.5         AIUB                06-DEC-23 07:42     PGM / RUN BY / DATE 
CODE'S 2-DAY PREDICTED IONOSPHERE MAPS FOR DAY 341, 2023    COMMENT             
Global ionosphere maps (GIM) are generated on a daily basis DESCRIPTION         
at CODE using data from about 120 GNSS sites of the IGS and DESCRIPTION         
other institutions. The vertical total electron content     DESCRIPTION         
(VTEC) is modeled in a solar-geomagnetic reference frame    DESCRIPTION         
using a spherical harmonics expansion up to degree and      DESCRIPTION         
order 15. Piece-wise linear functions are used for          DESCRIPTION         
representation in the time domain. The time spacing of      DESCRIPTION         
their vertices is 1 hour, conforming with the epochs of the DESCRIPTION         
VTEC maps.                                                  DESCRIPTION         
To convert line-of-sight TEC into vertical TEC, a modified  DESCRIPTION         
single-layer model mapping function approximating the JPL   DESCRIPTION         
extended slab model mapping function is adopted. The        DESCRIPTION         
mapping function is evaluated at geodetic satellite         DESCRIPTION         
elevation angles. For the computation of the ionospheric    DESCRIPTION         
pierce points, a spherical layer with a radius of 6821 km   DESCRIPTION         
is assumed, implying geocentric, not geodetic IONEX         DESCRIPTION         
latitudes.                                                  DESCRIPTION         
Instrumental biases with respect to each involved GNSS code DESCRIPTION         
observable are estimated as constant values for each        DESCRIPTION         
day. They are modeled with one set of bias parameters for   DESCRIPTION         
each satellite and each station in case of GPS and for each DESCRIPTION         
satellite-station link in case of GLONASS. The code bias    DESCRIPTION         
datum is defined by zero-mean conditions imposed on the     DESCRIPTION         
satellite bias estimates. In this file, just GPS C1W-C2W    DESCRIPTION         
satellite and station bias values are included. The         DESCRIPTION         
complete set of GNSS code bias results is provided in an    DESCRIPTION         
additional Bias-SINEX file as pseudo-absolute values        DESCRIPTION         
specific to each observable.                                DESCRIPTION         
Contact address: code(at)aiub.unibe.ch                      DESCRIPTION         
Data archive:    ftp.aiub.unibe.ch/CODE/                    DESCRIPTION         
                 www.aiub.unibe.ch/download/CODE/           DESCRIPTION         
  2023    12     7     0     0     0                        EPOCH OF FIRST MAP  
  2023    12     8     0     0     0                        EPOCH OF LAST MAP   
  3600                                                      INTERVAL            
    25                                                      # OF MAPS IN FILE   
  NONE                                                      MAPPING FUNCTION    
    10.0                                                    ELEVATION CUTOFF    
One-way carrier phase leveled to code                       OBSERVABLES USED    
  6371.0                                                    BASE RADIUS         
     2                                                      MAP DIMENSION       
   450.0 450.0   0.0                                        HGT1 / HGT2 / DHGT  
    87.5 -87.5  -2.5                                        LAT1 / LAT2 / DLAT  
  -180.0 180.0   5.0                                        LON1 / LON2 / DLON  
    -1                                                      EXPONENT            
TEC/RMS values in 0.1 TECU; 9999, if no value available     COMMENT             
                                                            END OF HEADER       
[from data line 9438]
    23                                                      START OF TEC MAP    
  2023    12     7    22     0     0                        EPOCH OF CURRENT MAP
    87.5-180.0 180.0   5.0 450.0                            LAT/LON1/LON2/DLON/H
   66   67   68   69   69   70   71   71   72   72   73   73   73   73   72   72
   71   71   70   69   68   67   66   64   63   62   60   59   57   56   55   54
   53   52   51   50   50   49   49   48   48   48   48   49   49   50   50   51
   51   52   53   54   54   55   56   57   57   58   58   59   59   60   60   61
   61   62   62   63   64   64   65   66   66
    85.0-180.0 180.0   5.0 450.0                            LAT/LON1/LON2/DLON/H
   65   67   69   71   73   76   78   81   83   84   86   87   87   87   87   86
   85   83   81   79   77   74   72   69   66   63   61   58   55   53   50   48
   46   44   42   40   39   38   38   37   38   38   39   40   41   42   44   46
   48   50   52   54   55   57   58   59   60   60   61   61   61   61   60   60
   60   60   60   60   60   61   62   63   65
    82.5-180.0 180.0   5.0 450.0                            LAT/LON1/LON2/DLON/H
   57   60   64   68   73   78   83   88   92   96   99  101  102  102  101   99
   97   94   91   87   84   80   76   73   69   66   63   59   56   53   50   47
   44   41   39   36   35   33   32   32   32   33   34   36   38   41   44   47
   50   53   56   59   62   64   66   67   68   67   67   66   64   63   61   58
   56   55   53   52   51   52   52   54   57
    80.0-180.0 180.0   5.0 450.0                            LAT/LON1/LON2/DLON/H
   47   52   57   64   72   80   88   96  103  109  114  116  117  116  114  110
  105  100   95   90   85   81   78   74   72   69   67   64   62   59   56   53
   50   47   44   41   39   37   35   35   35   35   37   39   41   44   48   52
   56   61   65   68   72   74   76   77   77   76   74   72   69   65   61   57
   53   50   46   44   42   42   42   44   47
    77.5-180.0 180.0   5.0 450.0                            LAT/LON1/LON2/DLON/H
   43   48   55   64   74   85   97  108  118  126  131  134  133  130  124  117
  109  100   93   86   81   78   76   74   74   74   74   73   72   70   68   65
   62   59   56   53   50   47   46   44   44   44   45   47   49   52   56   60
   64   69   73   77   80   83   85   85   85   83   80   77   72   68   63   57
   52   48   44   41   38   37   38   39   43
    75.0-180.0 180.0   5.0 450.0                            LAT/LON1/LON2/DLON/H
   50   56   63   73   85   98  112  125  138  147  153  155  152  145  135  122
  109   97   86   78   74   71   72   74   76   79   82   83   84   84   82   80
   77   73   70   67   63   61   59   57   56   56   56   57   59   61   64   67
   71   74   78   82   85   87   88   88   87   85   82   78   73   69   64   59
   55   51   48   46   45   44   45   47   50
    72.5-180.0 180.0   5.0 450.0                            LAT/LON1/LON2/DLON/H
   72   77   83   92  104  118  133  149  163  174  180  181  175  163  147  129
  110   93   79   70   66   66   69   74   79   85   89   92   94   94   92   90
   87   83   80   76   73   71   69   67   67   66   66   66   66   67   68   70
   72   74   77   79   81   83   83   83   82   80   77   74   70   67   64   61
   60   60   60   61   62   64   66   68   72
    70.0-180.0 180.0   5.0 450.0                            LAT/LON1/LON2/DLON/H
  106  109  114  121  131  144  160  176  192  205  211  211  202  186  164  139
  115   93   77   66   62   64   69   76   83   90   94   97   98   97   94   91
   87   83   79   76   74   72   71   70   70   70   69   69   68   68   67   67
   67   68   69   70   71   71   72   71   70   69   67   64   63   61   61   63
   66   70   76   82   88   93   98  102  106
    67.5-180.0 180.0   5.0 450.0                            LAT/LON1/LON2/DLON/H
  146  148  151  155  162  173  187  204  221  235  242  242  232  213  186  157
  127  102   83   71   67   69   74   81   87   92   94   95   93   90   87   82
   78   73   68   65   63   62   62   63   64   65   65   65   64   62   60   58
   56   55   55   54   54   55   55   55   54   53   52   52   52   53   56   62
   70   80   92  104  116  127  135  141  146
    65.0-180.0 180.0   5.0 450.0                            LAT/LON1/LON2/DLON/H
  184  187  188  189  192  199  211  227  245  260  270  271  261  241  213  181
  149  121  100   87   81   82   85   88   91   91   89   86   82   77   72   67
   61   55   50   46   43   43   45   47   51   53   55   55   54   52   49   46
   43   40   38   37   36   36   37   37   38   38   38   39   40   43   49   58
   70   85  103  121  139  156  169  178  184
    62.5-180.0 180.0   5.0 450.0                            LAT/LON1/LON2/DLON/H
  214  218  218  217  217  221  230  244  262  278  291  294  287  269  242  210
  177  148  126  112  104  101   99   97   93   87   81   74   68   62   57   51
   44   37   30   24   21   21   24   29   34   39   42   43   43   41   37   34
   30   27   24   22   21   21   22   23   25   26   27   28   30   34   40   51
   65   84  106  130  153  174  193  206  214
    60.0-180.0 180.0   5.0 450.0                            LAT/LON1/LON2/DLON/H
  233  239  241  240  238  239  245  256  272  289  303  310  307  293  270  241
  210  182  159  143  131  122  114  105   94   82   72   63   57   52   48   43
   35   26   17    9    4    4    7   13   20   27   32   34   34   33   30   26
   22   19   16   14   13   13   15   17   19   21   22   23   24   26   32   43
   58   79  103  129  156  181  203  221  233
    57.5-180.0 180.0   5.0 450.0                            LAT/LON1/LON2/DLON/H
  240  251  256  257  255  255  257  266  279  294  308  317  318  310  292  269
  242  216  193  174  158  144  129  112   95   79   66   58   54   53   51   47
   38   27   15    5    0    0    1    7   15   23   29   32   33   31   29   25
   22   19   16   14   14   14   16   18   21   23   24   23   23   23   27   36
   51   72   96  124  151  178  203  224  240
    55.0-180.0 180.0   5.0 450.0                            LAT/LON1/LON2/DLON/H
  242  258  268  273  274  273  274  279  287  299  311  320  323  320  309  292
  270  247  224  202  182  161  141  119   98   80   68   62   62   64   65   62
   53   39   24   12    4    3    6   13   21   29   35   38   39   38   36   34
   31   28   26   24   23   23   25   28   30   32   32   30   27   25   27   34
   48   68   92  118  145  172  198  221  242
    52.5-180.0 180.0   5.0 450.0                            LAT/LON1/LON2/DLON/H
  244  265  282  292  297  298  298  299  302  308  315  321  325  325  319  308
  291  270  247  223  199  175  151  126  104   87   77   74   78   83   86   82
   72   57   40   27   19   18   22   29   37   44   49   51   52   52   51   49
   47   45   43   41   40   39   40   42   45   46   45   41   35   31   31   37
   51   70   94  119  145  170  195  220  244
    50.0-180.0 180.0   5.0 450.0                            LAT/LON1/LON2/DLON/H
  252  277  299  316  326  330  331  329  327  325  325  326  328  329  326  318
  305  286  262  237  212  186  161  137  115  100   92   91   96  102  104   99
   87   71   55   43   38   39   44   51   58   64   67   69   70   69   69   68
   66   65   63   61   59   58   58   59   61   61   59   54   46   41   40   46
   61   81  105  130  154  177  200  225  252
    47.5-180.0 180.0   5.0 450.0                            LAT/LON1/LON2/DLON/H
  268  296  322  343  358  367  368  365  359  350  343  337  335  334  332  326
  314  296  273  248  222  197  173  151  131  117  109  108  111  114  113  104
   90   75   61   54   53   58   65   73   79   83   85   86   86   86   86   86
   85   84   83   81   78   76   74   74   75   75   72   66   58   52   52   60
   77  100  125  150  173  195  217  241  268
    45.0-180.0 180.0   5.0 450.0                            LAT/LON1/LON2/DLON/H
  291  319  346  370  389  400  404  401  393  380  366  355  348  344  341  335
  322  304  281  257  234  212  190  169  150  134  123  118  116  113  106   94
   79   65   57   56   62   71   81   89   94   97   98   98   98   98   98   99
   99   99   98   95   92   89   86   85   86   85   82   76   68   64   66   77
   97  123  151  177  201  222  243  265  291
    42.5-180.0 180.0   5.0 450.0                            LAT/LON1/LON2/DLON/H
  318  343  368  391  410  423  430  429  421  407  391  376  366  360  355  346
  332  313  292  271  251  231  211  190  169  148  132  119  109  100   88   73
   58   49   47   53   66   79   91   98  102  103  103  103  103  103  104  105
  105  106  105  103   99   95   92   91   91   91   88   83   77   75   80   96
  119  148  178  206  230  252  273  294  318
    40.0-180.0 180.0   5.0 450.0                            LAT/LON1/LON2/DLON/H
  342  363  384  402  418  430  439  442  437  426  411  397  387  380  373  362
  346  326  307  290  274  256  235  211  184  156  132  113   98   83   68   53
   41   36   41   54   70   85   96  102  104  104  104  103  102  102  102  103
  104  105  105  103   99   95   92   90   91   92   90   86   83   85   95  114
  141  172  203  232  257  280  301  321  342
    37.5-180.0 180.0   5.0 450.0                            LAT/LON1/LON2/DLON/H
  361  377  390  402  412  422  431  437  437  431  422  412  406  400  392  379
  362  344  328  314  301  283  259  228  193  159  130  107   90   76   63   51
   44   44   53   68   84   97  103  105  105  103  102  100   99   97   97   97
   98   99   99   97   94   90   87   86   87   89   89   88   88   94  109  133
  162  193  223  252  278  302  324  343  361
    35.0-180.0 180.0   5.0 450.0                            LAT/LON1/LON2/DLON/H
  374  385  391  395  398  403  410  419  424  425  423  421  420  418  411  397
  379  362  350  340  328  309  279  240  199  160  130  110   99   93   88   83
   80   83   93  105  115  119  118  114  110  106  104  100   97   93   91   90
   90   90   90   88   85   82   79   79   82   85   87   88   92  103  124  152
  183  213  240  266  292  316  339  359  374
    32.5-180.0 180.0   5.0 450.0                            LAT/LON1/LON2/DLON/H
  384  391  393  390  386  385  390  398  407  413  418  424  429  431  426  412
  394  380  371  364  352  329  292  248  203  165  141  133  136  144  150  154
  155  158  162  165  163  156  144  132  123  118  113  108  101   94   90   87
   86   84   83   80   77   74   72   72   76   80   84   88   96  113  139  171
  204  232  256  279  302  327  350  370  384
    30.0-180.0 180.0   5.0 450.0                            LAT/LON1/LON2/DLON/H
  395  402  402  396  387  382  382  389  398  407  416  426  435  440  436  423
  406  394  388  383  369  341  301  255  213  183  172  181  203  228  248  259
  262  260  254  242  225  202  179  159  146  139  132  124  113  103   96   91
   87   84   80   76   72   68   66   68   72   77   81   87   99  122  154  191
  226  253  274  293  314  337  361  381  395
    27.5-180.0 180.0   5.0 450.0                            LAT/LON1/LON2/DLON/H
  414  424  426  422  412  404  400  404  411  419  426  435  445  449  444  430
  414  404  399  394  378  348  308  266  234  218  225  253  294  336  367  382
  382  371  351  322  288  251  217  192  176  167  159  148  134  120  110  103
   97   91   84   78   72   67   65   66   70   75   80   88  103  131  170  212
  249  276  295  312  331  353  377  398  414
    25.0-180.0 180.0   5.0 450.0                            LAT/LON1/LON2/DLON/H
  443  459  468  470  464  456  451  451  453  456  457  460  463  462  454  438
  422  411  406  399  381  352  318  289  272  274  297  341  395  446  482  496
  489  467  432  387  339  291  251  223  207  198  189  177  160  144  132  123
  114  105   95   85   77   71   67   68   71   75   80   89  108  140  184  231
  271  300  320  337  355  377  400  423  443
    22.5-180.0 180.0   5.0 450.0                            LAT/LON1/LON2/DLON/H
  480  505  525  537  539  535  530  528  526  521  513  503  495  485  471  451
  433  421  413  403  384  360  338  326  328  346  380  430  486  536  567  574
  558  525  478  423  366  314  273  247  233  226  218  205  187  170  157  146
  136  124  110   96   86   78   74   73   75   79   83   92  113  148  196  247
  290  323  346  365  384  406  430  455  480
    20.0-180.0 180.0   5.0 450.0                            LAT/LON1/LON2/DLON/H
  523  557  589  613  626  629  627  625  621  609  589  566  543  521  498  474
  453  438  425  411  393  377  371  379  399  426  460  502  546  583  602  598
  573  532  480  421  364  315  279  259  249  245  240  228  211  195  181  170
  159  143  126  110   98   89   83   82   82   84   88   97  119  156  206  259
  305  342  369  392  415  439  464  492  523
    17.5-180.0 180.0   5.0 450.0                            LAT/LON1/LON2/DLON/H
  563  606  650  686  709  719  723  725  721  706  677  640  603  569  539  510
  486  466  448  430  413  407  419  446  476  502  523  543  563  578  579  564
  533  491  441  388  338  298  272  259  255  255  252  243  229  214  201  191
  178  161  142  124  110  101   95   92   92   93   95  104  127  165  214  267
  315  354  386  415  441  468  495  526  563
    15.0-180.0 180.0   5.0 450.0                            LAT/LON1/LON2/DLON/H
  595  645  697  742  772  789  799  807  808  795  762  715  668  625  589  558
  531  507  484  461  446  450  477  517  550  564  559  547  535  523  507  483
  454  418  378  337  300  274  259  254  254  255  254  249  238  226  215  205
  192  174  154  136  122  113  108  105  103  102  104  113  136  174  222  273
  319  360  396  429  460  489  520  554  595
    12.5-180.0 180.0   5.0 450.0                            LAT/LON1/LON2/DLON/H
  615  668  724  773  807  827  842  857  866  859  828  779  727  681  645  614
  586  560  532  505  492  503  540  585  610  600  562  514  471  436  408  384
  361  339  316  291  270  257  251  251  251  252  252  248  241  231  221  212
  200  183  164  146  134  126  121  118  115  113  114  124  147  184  230  277
  321  361  399  435  469  501  533  570  615
    10.0-180.0 180.0   5.0 450.0                            LAT/LON1/LON2/DLON/H
  621  675  730  778  810  830  846  867  886  888  865  821  772  730  697  671
  645  618  587  559  546  561  600  639  647  610  538  458  391  344  313  295
  287  283  277  269  261  258  259  258  255  251  249  246  240  232  224  215
  204  189  171  155  144  138  134  130  127  124  124  135  159  196  239  283
  322  361  398  435  470  503  537  576  621
     7.5-180.0 180.0   5.0 450.0                            LAT/LON1/LON2/DLON/H
  618  669  720  762  789  804  819  843  869  882  869  836  796  763  740  721
  701  675  644  615  601  615  649  675  660  595  496  397  320  273  250  247
  256  269  279  283  285  287  287  281  269  258  251  246  240  233  224  217
  207  194  179  165  156  150  146  142  138  133  134  145  171  208  250  290
  326  361  397  433  467  500  534  573  618
     5.0-180.0 180.0   5.0 450.0                            LAT/LON1/LON2/DLON/H
  610  657  702  737  756  764  775  798  828  849  848  826  799  779  768  760
  746  724  695  667  652  661  683  690  653  566  453  350  280  246  239  253
  278  304  324  334  338  339  334  319  297  275  260  252  244  236  228  221
  213  202  189  177  168  163  158  153  146  141  141  154  182  221  262  300
  333  366  399  432  463  494  528  566  610
     2.5-180.0 180.0   5.0 450.0                            LAT/LON1/LON2/DLON/H
  601  644  685  714  727  728  732  751  781  805  812  801  787  781  782  784
  778  761  736  710  694  695  702  690  634  536  424  333  283  270  283  311
  346  379  400  409  410  405  392  367  333  301  278  264  255  245  236  229
  223  214  202  191  182  175  169  161  153  146  147  162  192  232  273  310
  342  373  404  434  462  491  523  560  601
