static/ion/2023-12-04.23i
     1.0            IONOSPHERE MAPS     GNSS                IONEX VERSION / TYPE
IONINX V5.5         AIUB                03-DEC-23 07:43     PGM / RUN BY / DATE 
CODE'S 2-DAY PREDICTED IONOSPHERE MAPS FOR DAY 338, 2023    COMMENT             
Global ionosphere maps (GIM) are generated on a daily basis DESCRIPTION         
at CODE using data from about 120 GNSS sites of the IGS and DESCRIPTION         
other institutions. The vertical total electron content     DESCRIPTION         
(VTEC) is modeled in a solar-geomagnetic reference frame    DESCRIPTION         
using a spherical harmonics expansion up to degree and      DESCRIPTION         
order 15. Piece-wise linear functions are used for          DESCRIPTION         
representation in the time domain. The time spacing of      DESCRIPTION         
their vertices is 1 hour, conforming with the epochs of the DESCRIPTION         
VTEC maps.                                                  DESCRIPTION         
To convert line-of-sight TEC into vertical TEC, a modified  DESCRIPTION         
single-layer model mapping function approximating the JPL   DESCRIPTION         
extended slab model mapping function is adopted. The        DESCRIPTION         
mapping function is evaluated at geodetic satellite         DESCRIPTION         
elevation angles. For the computation of the ionospheric    DESCRIPTION         
pierce points, a spherical layer with a radius of 6821 km   DESCRIPTION         
is assumed, implying geocentric, not geodetic IONEX         DESCRIPTION         
latitudes.                                                  DESCRIPTION         
Instrumental biases with respect to each involved GNSS code DESCRIPTION         
observable are estimated as constant values for each        DESCRIPTION         
day. They are modeled with one set of bias parameters for   DESCRIPTION         
each satellite and each station in case of GPS and for each DESCRIPTION         
satellite-station link in case of GLONASS. The code bias    DESCRIPTION         
datum is defined by zero-mean conditions imposed on the     DESCRIPTION         
satellite bias estimates. In this file, just GPS C1W-C2W    DESCRIPTION         
satellite and station bias values are included. The         DESCRIPTION         
complete set of GNSS code bias results is provided in an    DESCRIPTION         
additional Bias-SINEX file as pseudo-absolute values        DESCRIPTION         
specific to each observable.                                DESCRIPTION         
Contact address: code(at)aiub.unibe.ch                      DESCRIPTION         
Data archive:    ftp.aiub.unibe.ch/CODE/                    DESCRIPTION         
                 www.aiub.unibe.ch/download/CODE/           DESCRIPTION         
  2023    12     4     0     0     0                        EPOCH OF FIRST MAP  
  2023    12     5     0     0     0                        EPOCH OF LAST MAP   
  3600                                                      INTERVAL            
    25                                                      # OF MAPS IN FILE   
  NONE                                                      MAPPING FUNCTION    
    10.0                                                    ELEVATION CUTOFF    
One-way carrier phase leveled to code                       OBSERVABLES USED    
  6371.0                                                    BASE RADIUS         
     2                                                      MAP DIMENSION       
   450.0 450.0   0.0                                        HGT1 / HGT2 / DHGT  
    87.5 -87.5  -2.5                                        LAT1 / LAT2 / DLAT  
  -180.0 180.0   5.0                                        LON1 / LON2 / DLON  
    -1                                                      EXPONENT            
TEC/RMS values in 0.1 TECU; 9999, if no value available     COMMENT             
                                                            END OF HEADER       
[from data line 9009]
    22                                                      START OF TEC MAP    
  2023    12     4    21     0     0                        EPOCH OF CURRENT MAP
    87.5-180.0 180.0   5.0 450.0                            LAT/LON1/LON2/DLON/H
  109  109  109  109  110  110  111  111  111  111  112  112  112  112  112  111
  111  111  110  109  109  108  107  106  105  105  104  103  102  101  101  100
   99   99   98   98   98   97   97   97   97   98   98   99   99  100  100  101
  102  103  103  104  105  106  106  107  107  108  108  108  108  108  108  108
  108  108  108  108  108  108  108  108  109
    85.0-180.0 180.0   5.0 450.0                            LAT/LON1/LON2/DLON/H
   99  100  101  102  104  106  108  110  111  113  115  116  117  117  117  116
  116  115  113  112  110  108  107  105  103  101   99   98   96   95   93   92
   90   89   88   87   86   86   85   85   85   86   87   88   89   91   92   94
   96   99  101  103  105  106  108  109  110  110  111  110  110  109  108  106
  105  103  102  101  100   99   99   99   99
    82.5-180.0 180.0   5.0 450.0                            LAT/LON1/LON2/DLON/H
   79   81   83   87   91   95  100  105  110  114  118  120  122  123  123  122
  120  118  115  112  109  106  104  101   99   97   95   93   92   90   89   87
   85   84   82   80   79   77   76   76   75   76   76   78   80   82   85   88
   92   95   99  103  106  109  112  113  114  115  114  113  111  108  105  101
   97   93   89   86   83   81   79   79   79
    80.0-180.0 180.0   5.0 450.0                            LAT/LON1/LON2/DLON/H
   56   58   62   68   75   83   92  101  109  117  123  128  131  132  131  128
  124  120  115  110  105  101   98   95   94   93   92   92   91   91   90   89
   87   85   83   80   78   76   73   72   70   70   70   71   73   76   79   83
   88   93   98  103  107  111  115  117  118  118  116  114  110  105  100   94
   87   81   74   68   63   59   56   55   56
    77.5-180.0 180.0   5.0 450.0                            LAT/LON1/LON2/DLON/H
   37   40   46   54   64   75   88  101  114  125  134  141  144  144  141  136
  128  120  112  105   98   93   90   89   89   89   91   93   94   95   96   95
   94   92   89   86   83   79   76   73   71   70   69   69   71   73   76   80
   85   91   96  102  107  111  115  117  118  117  115  111  106  100   93   85
   77   69   61   54   47   42   39   37   37
    75.0-180.0 180.0   5.0 450.0                            LAT/LON1/LON2/DLON/H
   32   36   42   51   63   77   93  110  126  141  152  160  163  161  155  146
  134  122  110  100   92   86   83   83   85   88   91   95   98  100  102  102
  100   98   95   92   88   84   80   77   74   73   71   71   71   73   75   79
   83   87   93   98  102  106  109  111  111  110  108  103   98   92   85   77
   69   62   54   47   41   36   33   32   32
    72.5-180.0 180.0   5.0 450.0                            LAT/LON1/LON2/DLON/H
   45   48   54   63   75   90  108  127  145  162  176  184  186  183  174  160
  145  128  112   99   89   83   80   81   83   87   92   96  100  102  103  103
  101   99   95   91   88   84   81   79   77   75   74   74   73   74   75   76
   79   82   86   90   93   96   98   98   98   96   93   89   85   80   74   69
   63   59   54   51   47   45   44   43   45
    70.0-180.0 180.0   5.0 450.0                            LAT/LON1/LON2/DLON/H
   74   77   82   90  100  114  131  150  170  188  203  212  214  209  197  181
  161  141  123  107   95   88   84   84   85   88   91   94   96   97   97   95
   93   89   86   82   79   76   75   74   74   75   75   74   74   73   73   72
   73   74   76   78   79   80   81   80   78   76   73   70   67   64   61   60
   59   59   60   61   63   66   68   71   74
    67.5-180.0 180.0   5.0 450.0                            LAT/LON1/LON2/DLON/H
  112  116  121  126  134  145  159  177  197  215  230  240  242  237  224  206
  185  163  143  125  112  103   97   93   91   90   89   88   87   85   83   80
   76   71   67   63   61   60   61   63   66   68   70   71   71   69   67   65
   64   63   63   63   62   62   60   58   56   53   50   48   47   47   47   49
   53   58   65   74   82   91  100  106  112
    65.0-180.0 180.0   5.0 450.0                            LAT/LON1/LON2/DLON/H
  150  157  161  165  170  177  189  204  221  239  255  265  269  265  253  236
  215  193  173  154  139  127  116  108  100   92   86   80   75   70   65   60
   55   50   45   41   39   39   42   46   52   57   62   64   64   62   58   55
   52   50   48   46   45   43   40   37   34   31   29   28   28   30   33   38
   45   55   67   81   97  113  128  140  150
    62.5-180.0 180.0   5.0 450.0                            LAT/LON1/LON2/DLON/H
  178  189  195  199  202  207  214  226  241  258  273  285  291  289  281  267
  249  229  210  191  174  157  141  126  110   96   83   72   63   57   51   45
   40   34   27   22   19   20   23   29   37   45   51   54   54   51   47   43
   39   36   34   32   29   26   23   20   16   14   13   13   14   17   21   27
   35   46   61   80  101  123  144  163  178
    60.0-180.0 180.0   5.0 450.0                            LAT/LON1/LON2/DLON/H
  191  206  217  223  227  230  236  245  257  272  287  299  307  309  305  296
  282  266  249  230  210  189  167  145  122  102   84   70   60   53   47   42
   36   29   22   15   10    8   11   17   26   34   41   44   44   41   36   32
   28   25   23   21   19   16   13   10    7    5    5    6    8   10   13   18
   24   34   49   69   92  118  145  170  191
    57.5-180.0 180.0   5.0 450.0                            LAT/LON1/LON2/DLON/H
  188  209  226  237  244  249  254  261  271  283  296  308  317  322  323  319
  311  299  284  265  244  219  192  164  136  111   91   76   67   62   58   54
   48   40   31   21   13    9    9   14   21   29   35   38   37   33   28   23
   20   18   17   16   15   13   10    8    6    6    6    8    9   10   11   12
   15   22   34   52   75  103  132  161  188
    55.0-180.0 180.0   5.0 450.0                            LAT/LON1/LON2/DLON/H
  175  202  225  243  256  265  272  279  286  295  305  314  323  331  335  336
  333  324  311  293  270  243  213  182  152  127  107   94   87   83   81   78
   72   62   51   39   28   21   18   20   25   31   36   37   35   30   25   21
   19   18   19   19   18   17   15   14   14   14   16   17   18   18   16   13
   11   13   21   36   57   84  114  145  175
    52.5-180.0 180.0   5.0 450.0                            LAT/LON1/LON2/DLON/H
  162  194  223  247  267  282  293  301  306  311  317  323  329  337  343  346
  346  340  328  311  288  261  231  201  172  148  130  119  114  112  109  105
   97   87   74   60   48   39   34   33   36   39   42   41   38   33   28   25
   25   26   27   28   28   27   27   27   27   29   31   32   33   31   26   20
   15   13   17   28   47   71   99  130  162
    50.0-180.0 180.0   5.0 450.0                            LAT/LON1/LON2/DLON/H
  158  191  225  256  283  304  319  328  333  334  334  335  338  343  348  352
  352  346  336  320  299  275  249  221  196  174  158  148  142  137  132  124
  114  102   89   76   65   57   51   49   49   51   51   49   45   40   36   36
   37   40   42   42   42   42   42   43   44   46   48   50   50   47   41   33
   25   21   24   34   50   72   97  126  158
    47.5-180.0 180.0   5.0 450.0                            LAT/LON1/LON2/DLON/H
  167  200  236  272  303  330  349  360  364  362  357  352  350  352  354  356
  354  348  338  325  308  289  268  245  223  202  185  172  161  151  140  127
  114  101   90   81   74   69   65   63   62   62   61   58   54   50   49   50
   53   57   59   59   58   58   58   59   61   63   65   66   66   63   56   48
   41   38   42   53   70   90  113  138  167
    45.0-180.0 180.0   5.0 450.0                            LAT/LON1/LON2/DLON/H
  192  223  258  295  329  358  379  392  396  392  383  374  367  365  364  362
  357  350  340  330  319  306  290  271  250  228  206  186  167  148  130  112
   96   84   77   74   74   74   73   72   71   71   70   67   64   62   62   65
   70   75   77   76   74   72   73   75   76   78   79   79   79   76   71   64
   59   59   67   83  102  123  143  166  192
    42.5-180.0 180.0   5.0 450.0                            LAT/LON1/LON2/DLON/H
  226  255  287  322  355  384  406  420  424  419  408  397  388  382  378  372
  364  355  346  340  334  327  316  298  274  246  215  185  157  131  107   86
   70   61   60   65   71   77   79   79   79   78   77   76   74   73   75   79
   86   91   92   89   86   84   85   86   88   89   88   88   88   86   82   77
   75   80   94  115  140  163  183  203  226
    40.0-180.0 180.0   5.0 450.0                            LAT/LON1/LON2/DLON/H
  264  290  319  349  378  403  424  437  442  438  428  417  408  402  396  388
  377  367  359  356  355  352  342  322  292  254  214  174  139  109   84   65
   54   51   56   66   78   86   89   88   87   86   85   85   84   83   86   91
   98  102  102   98   94   92   93   94   96   95   94   93   92   92   89   87
   88   98  117  144  174  201  223  243  264
    37.5-180.0 180.0   5.0 450.0                            LAT/LON1/LON2/DLON/H
  298  321  347  371  394  414  431  443  449  447  440  432  427  423  417  407
  395  384  378  378  380  378  365  339  301  254  205  160  124   97   80   70
   67   71   80   92  104  109  109  105  101   99   98   97   96   95   97  101
  107  109  108  103   98   96   97   99  100   98   96   94   94   95   94   94
   97  110  133  165  199  230  255  277  298
    35.0-180.0 180.0   5.0 450.0                            LAT/LON1/LON2/DLON/H
  323  346  368  388  405  418  430  440  446  447  444  441  441  442  438  429
  416  406  401  402  403  398  381  348  303  250  198  155  126  112  111  116
  124  134  144  152  156  154  145  135  125  120  118  116  114  111  110  111
  113  114  110  105  100   98   99  101  101   98   96   94   95   97   98   99
  104  118  143  176  213  247  275  300  323
    32.5-180.0 180.0   5.0 450.0                            LAT/LON1/LON2/DLON/H
  338  363  385  401  412  420  428  435  440  443  444  447  453  458  458  450
  438  427  423  423  421  411  388  350  302  249  202  170  157  164  183  207
  227  241  246  243  233  216  196  176  160  151  147  143  138  132  126  123
  121  118  112  106  101  100  101  102  101   98   95   94   96   99  102  105
  112  126  150  183  219  254  285  313  338
    30.0-180.0 180.0   5.0 450.0                            LAT/LON1/LON2/DLON/H
  349  376  399  414  422  427  431  435  440  443  446  454  465  474  477  470
  458  447  442  438  432  415  387  349  305  261  228  213  222  252  293  334
  364  376  371  352  323  288  254  224  203  190  184  177  169  158  147  138
  131  124  116  109  104  102  103  103  101   98   95   95   99  103  109  114
  123  138  160  190  224  258  290  320  349
    27.5-180.0 180.0   5.0 450.0                            LAT/LON1/LON2/DLON/H
  361  391  416  433  442  445  448  450  453  455  459  468  481  493  496  489
  476  464  456  448  435  413  384  352  320  294  280  286  316  365  423  475
  507  513  494  455  405  353  307  270  245  231  223  215  203  188  172  158
  146  134  124  115  110  108  108  106  102   99   97   98  103  109  117  126
  139  156  177  204  234  265  297  329  361
    25.0-180.0 180.0   5.0 450.0                            LAT/LON1/LON2/DLON/H
  378  411  440  461  474  480  484  485  485  485  487  495  507  517  519  510
  495  481  468  455  436  412  387  367  354  350  358  382  424  482  545  597
  624  620  584  527  460  396  343  304  280  267  259  249  235  217  198  180
  164  149  136  126  121  118  115  111  106  102  101  103  108  116  127  141
  159  180  203  227  253  281  312  344  378
    22.5-180.0 180.0   5.0 450.0                            LAT/LON1/LON2/DLON/H
  405  440  472  499  519  531  538  540  538  534  533  537  546  552  549  536
  518  500  483  465  442  418  403  400  410  429  454  485  528  579  631  672
  687  669  620  550  474  406  354  319  300  290  284  275  260  241  221  201
  183  166  151  141  135  130  125  119  112  108  107  110  115  123  136  157
  182  210  235  259  283  309  338  370  405
    20.0-180.0 180.0   5.0 450.0                            LAT/LON1/LON2/DLON/H
  439  475  511  545  573  593  605  608  605  599  594  594  598  598  589  570
  548  527  506  483  459  440  437  454  485  521  554  581  607  635  663  681
  679  649  592  518  444  381  338  313  302  298  294  287  273  255  237  219
  201  184  168  157  150  145  138  129  120  116  116  118  122  129  145  171
  204  239  270  295  319  344  373  405  439
    17.5-180.0 180.0   5.0 450.0                            LAT/LON1/LON2/DLON/H
  476  512  552  592  629  657  674  680  678  671  664  661  659  653  638  614
  588  564  540  516  493  481  491  525  572  616  644  652  648  640  633  624
  605  567  511  444  380  332  303  292  290  292  291  284  273  258  244  230
  215  199  184  173  166  160  151  140  131  126  126  127  129  135  151  182
  222  264  301  329  355  382  411  443  476
    15.0-180.0 180.0   5.0 450.0                            LAT/LON1/LON2/DLON/H
  510  546  588  634  678  713  736  745  744  738  731  727  722  712  693  666
  637  611  587  563  544  540  561  605  659  699  710  690  648  599  555  520
  488  450  403  352  307  278  266  267  273  277  277  271  261  251  242  234
  223  210  198  188  181  174  164  152  142  137  136  136  136  140  156  189
  235  282  323  356  385  415  446  478  510
    12.5-180.0 180.0   5.0 450.0                            LAT/LON1/LON2/DLON/H
  536  572  615  664  714  754  780  792  794  791  787  784  780  768  747  719
  691  665  642  621  606  609  636  683  732  759  747  695  615  529  454  400
  364  334  304  274  251  241  244  253  262  265  262  254  246  239  235  232
  227  218  208  199  193  186  176  164  153  148  146  145  142  145  161  194
  241  291  335  372  404  438  472  504  536
    10.0-180.0 180.0   5.0 450.0                            LAT/LON1/LON2/DLON/H
  551  586  630  681  733  775  803  817  822  822  823  824  823  814  794  769
  743  720  700  683  673  680  707  748  784  790  753  673  566  455  364  303
  272  257  247  239  235  240  251  262  267  264  255  243  234  229  228  230
  230  225  217  210  204  197  187  174  163  158  156  153  149  151  166  198
  244  293  337  376  412  449  486  519  551
     7.5-180.0 180.0   5.0 450.0                            LAT/LON1/LON2/DLON/H
  554  589  633  684  736  779  806  821  827  832  838  844  847  842  828  807
  786  768  753  740  735  742  763  792  808  793  737  641  522  405  313  259
  241  244  253  262  271  283  294  298  293  280  263  246  233  228  229  233
  235  232  226  220  214  207  196  183  173  167  164  160  156  158  173  203
  246  291  333  372  410  449  488  523  554
     5.0-180.0 180.0   5.0 450.0                            LAT/LON1/LON2/DLON/H
  549  584  627  678  729  770  795  809  816  824  834  844  852  852  844  830
  815  803  794  786  783  787  799  811  808  776  710  613  500  395  319  282
  281  300  323  341  354  363  367  360  341  316  289  266  250  241  240  244
  246  244  238  231  225  216  204  192  181  174  170  167  164  168  183  211
  249  288  327  364  402  443  482  517  549
     2.5-180.0 180.0   5.0 450.0                            LAT/LON1/LON2/DLON/H
  538  573  617  667  716  755  779  791  799  808  819  832  842  847  845  838
  830  824  819  815  813  813  813  809  790  749  685  602  512  432  380  365
  381  410  438  455  464  464  455  434  403  367  333  305  284  271  266  265
  264  261  254  246  236  226  213  200  189  181  177  173  173  179  196  222
  254  288  322  356  394  434  472  506  538
