static/ion/2023-12-03.23i
     1.0            IONOSPHERE MAPS     GNSS                IONEX VERSION / TYPE
IONINX V5.5         AIUB                02-DEC-23 07:48     PGM / RUN BY / DATE 
CODE'S 2-DAY PREDICTED IONOSPHERE MAPS FOR DAY 337, 2023    COMMENT             
Global ionosphere maps (GIM) are generated on a daily basis DESCRIPTION         
at CODE using data from about 120 GNSS sites of the IGS and DESCRIPTION         
other institutions. The vertical total electron content     DESCRIPTION         
(VTEC) is modeled in a solar-geomagnetic reference frame    DESCRIPTION         
using a spherical harmonics expansion up to degree and      DESCRIPTION         
order 15. Piece-wise linear functions are used for          DESCRIPTION         
representation in the time domain. The time spacing of      DESCRIPTION         
their vertices is 1 hour, conforming with the epochs of the DESCRIPTION         
VTEC maps.                                                  DESCRIPTION         
To convert line-of-sight TEC into vertical TEC, a modified  DESCRIPTION         
single-layer model mapping function approximating the JPL   DESCRIPTION         
extended slab model mapping function is adopted. The        DESCRIPTION         
mapping function is evaluated at geodetic satellite         DESCRIPTION         
elevation angles. For the computation of the ionospheric    DESCRIPTION         
pierce points, a spherical layer with a radius of 6821 km   DESCRIPTION         
is assumed, implying geocentric, not geodetic IONEX         DESCRIPTION         
latitudes.                                                  DESCRIPTION         
Instrumental biases with respect to each involved GNSS code DESCRIPTION         
observable are estimated as constant values for each        DESCRIPTION         
day. They are modeled with one set of bias parameters for   DESCRIPTION         
each satellite and each station in case of GPS and for each DESCRIPTION         
satellite-station link in case of GLONASS. The code bias    DESCRIPTION         
datum is defined by zero-mean conditions imposed on the     DESCRIPTION         
satellite bias estimates. In this file, just GPS C1W-C2W    DESCRIPTION         
satellite and station bias values are included. The         DESCRIPTION         
complete set of GNSS code bias results is provided in an    DESCRIPTION         
additional Bias-SINEX file as pseudo-absolute values        DESCRIPTION         
specific to each observable.                                DESCRIPTION         
Contact address: code(at)aiub.unibe.ch                      DESCRIPTION         
Data archive:    ftp.aiub.unibe.ch/CODE/                    DESCRIPTION         
                 www.aiub.unibe.ch/download/CODE/           DESCRIPTION         
  2023    12     3     0     0     0                        EPOCH OF FIRST MAP  
  2023    12     4     0     0     0                        EPOCH OF LAST MAP   
  3600                                                      INTERVAL            
    25                                                      # OF MAPS IN FILE   
  NONE                                                      MAPPING FUNCTION    
    10.0                                                    ELEVATION CUTOFF    
One-way carrier phase leveled to code                       OBSERVABLES USED    
  6371.0                                                    BASE RADIUS         
     2                                                      MAP DIMENSION       
   450.0 450.0   0.0                                        HGT1 / HGT2 / DHGT  
    87.5 -87.5  -2.5                                        LAT1 / LAT2 / DLAT  
  -180.0 180.0   5.0                                        LON1 / LON2 / DLON  
    -1                                                      EXPONENT            
TEC/RMS values in 0.1 TECU; 9999, if no value available     COMMENT             
                                                            END OF HEADER       
[from data line 3861]
    10                                                      START OF TEC MAP    
  2023    12     3     9     0     0                        EPOCH OF CURRENT MAP
    87.5-180.0 180.0   5.0 450.0                            LAT/LON1/LON2/DLON/H
   72   73   74   75   76   77   78   80   81   82   84   85   87   88   89   91
   92   93   94   96   97   97   98   99  100  100  101  101  102  102  102  102
  102  102  102  101  101  100  100   99   98   97   96   95   94   93   91   90
   89   87   86   85   83   82   81   79   78   77   76   75   74   73   72   72
   71   71   70   70   70   71   71   71   72
    85.0-180.0 180.0   5.0 450.0                            LAT/LON1/LON2/DLON/H
   66   67   68   70   72   74   77   79   82   84   87   90   92   94   97   99
  101  103  104  106  107  109  110  111  113  114  115  116  117  117  118  119
  119  119  120  120  119  119  118  118  117  116  114  113  111  109  108  106
  104  101   99   97   95   92   90   88   86   83   81   79   77   75   73   71
   69   68   67   66   65   65   65   65   66
    82.5-180.0 180.0   5.0 450.0                            LAT/LON1/LON2/DLON/H
   67   67   69   70   73   75   78   81   85   88   91   94   97   99  101  103
  105  107  108  110  111  113  114  116  117  119  120  122  124  126  128  130
  131  133  135  136  137  138  139  139  139  139  138  137  136  135  133  131
  129  127  125  123  120  118  115  113  110  107  104  101   97   94   90   87
   83   80   77   74   71   69   68   67   67
    80.0-180.0 180.0   5.0 450.0                            LAT/LON1/LON2/DLON/H
   74   73   73   74   76   78   81   84   87   90   93   96   98   99  101  102
  103  103  104  105  106  107  109  111  113  115  118  120  123  127  130  134
  138  142  145  149  152  155  158  161  163  164  166  166  167  167  167  166
  165  164  163  161  159  157  155  152  150  147  143  139  135  130  124  118
  112  106   99   93   88   83   79   76   74
    77.5-180.0 180.0   5.0 450.0                            LAT/LON1/LON2/DLON/H
   85   82   81   81   81   83   85   88   90   92   93   94   95   95   94   94
   94   94   94   94   95   96   98  100  102  105  109  113  117  122  127  132
  138  144  151  157  163  170  175  181  186  190  194  198  201  203  205  207
  207  208  207  207  206  204  203  201  198  195  191  187  181  175  167  159
  150  140  131  121  112  103   96   90   85
    75.0-180.0 180.0   5.0 450.0                            LAT/LON1/LON2/DLON/H
   98   93   90   88   88   89   90   91   91   92   91   90   89   87   85   83
   82   81   80   81   82   83   86   88   92   95   99  104  109  114  120  127
  135  143  152  161  171  180  190  199  207  215  223  229  236  241  246  249
  252  254  254  254  254  252  251  249  246  243  238  233  227  219  210  199
  187  174  161  148  135  124  113  104   98
    72.5-180.0 180.0   5.0 450.0                            LAT/LON1/LON2/DLON/H
  107  101   97   95   94   94   94   94   93   92   89   86   82   78   75   72
   71   70   70   71   73   75   79   82   86   90   94   98  102  107  113  121
  129  139  151  163  175  188  201  214  226  237  248  259  268  277  284  290
  294  297  298  297  296  293  290  287  284  279  274  268  260  251  240  227
  213  198  182  167  152  138  126  115  107
    70.0-180.0 180.0   5.0 450.0                            LAT/LON1/LON2/DLON/H
  111  105  102  100   99   99   98   97   95   92   88   83   77   72   68   66
   64   64   66   68   71   75   79   84   88   91   95   97  100  104  109  115
  124  135  149  163  179  195  211  227  242  257  272  285  298  309  319  326
  331  334  334  331  328  323  317  311  305  299  292  284  275  264  251  236
  220  204  187  170  155  141  129  119  111
    67.5-180.0 180.0   5.0 450.0                            LAT/LON1/LON2/DLON/H
  107  103  101  100  101  101  101  100   97   93   88   82   76   71   67   65
   65   67   70   73   78   82   87   92   96   99  100  101  102  103  106  111
  121  133  148  166  184  203  222  240  258  276  293  309  324  338  349  357
  362  363  361  356  349  340  330  321  311  302  292  281  269  256  240  224
  206  189  172  157  143  131  121  113  107
    65.0-180.0 180.0   5.0 450.0                            LAT/LON1/LON2/DLON/H
   97   95   95   96   98  100  101  100   98   94   89   83   77   73   71   71
   73   76   80   84   89   94   99  103  107  108  108  106  104  103  104  109
  119  133  151  171  193  214  235  256  275  295  313  331  348  363  375  384
  387  387  382  373  361  348  334  320  306  293  279  265  249  232  214  195
  176  158  143  129  118  110  104   99   97
    62.5-180.0 180.0   5.0 450.0                            LAT/LON1/LON2/DLON/H
   82   84   86   88   91   94   97   98   97   94   90   85   81   78   78   80
   84   88   93   97  101  105  109  112  115  115  113  109  105  102  102  108
  120  137  158  182  206  230  253  274  294  314  334  353  370  386  398  406
  409  406  398  386  370  353  335  316  299  281  264  246  226  205  182  160
  139  120  106   95   87   83   81   81   82
    60.0-180.0 180.0   5.0 450.0                            LAT/LON1/LON2/DLON/H
   67   71   74   78   82   86   89   92   93   92   90   87   85   84   86   90
   95  100  105  108  110  111  113  115  116  116  112  107  102   98  100  108
  123  144  170  197  224  250  273  294  315  335  355  374  391  407  418  425
  427  423  413  399  381  361  339  318  297  277  256  234  210  184  157  131
  107   87   72   63   59   58   60   64   67
    57.5-180.0 180.0   5.0 450.0                            LAT/LON1/LON2/DLON/H
   57   61   65   69   72   76   79   83   86   88   88   88   87   89   92   97
  103  109  112  112  112  110  110  110  110  109  105  100   94   92   96  108
  128  155  186  216  246  272  295  316  336  356  375  394  411  426  437  443
  444  439  429  414  396  375  352  330  307  285  261  236  209  179  148  117
   90   68   52   43   40   42   46   52   57
    55.0-180.0 180.0   5.0 450.0                            LAT/LON1/LON2/DLON/H
   55   59   62   64   66   68   71   75   79   83   85   86   88   90   94  100
  106  111  113  111  107  103  100   99   99   98   94   89   85   86   94  111
  137  169  204  238  268  294  317  337  356  375  394  412  429  442  452  457
  458  454  445  431  414  395  373  351  328  304  280  253  223  191  157  123
   92   67   50   40   37   39   44   50   55
    52.5-180.0 180.0   5.0 450.0                            LAT/LON1/LON2/DLON/H
   62   65   66   66   66   66   67   70   74   78   82   84   86   88   92   98
  104  108  109  106  100   94   89   88   87   86   83   79   77   81   94  117
  149  186  224  259  289  314  335  355  374  392  411  428  443  455  463  468
  469  466  459  449  434  417  397  376  354  330  306  279  248  215  180  144
  112   85   65   54   49   50   53   58   62
    50.0-180.0 180.0   5.0 450.0                            LAT/LON1/LON2/DLON/H
   76   78   78   77   75   73   71   72   74   78   82   84   85   86   88   93
   98  103  104  100   94   87   82   80   80   79   77   74   74   81   99  127
  163  203  243  277  306  330  350  369  388  406  424  440  453  463  470  474
  476  474  470  462  451  437  419  399  377  354  329  303  274  242  208  173
  141  113   92   78   71   69   71   73   76
    47.5-180.0 180.0   5.0 450.0                            LAT/LON1/LON2/DLON/H
   93   95   96   95   92   88   84   81   81   83   85   86   86   85   85   87
   92   97   99   98   93   87   83   81   81   80   78   75   77   87  108  140
  179  220  259  292  319  341  361  380  399  418  435  449  459  467  472  475
  477  477  475  470  461  449  433  413  391  367  343  318  291  262  231  199
  169  142  121  106   97   92   91   92   93
    45.0-180.0 180.0   5.0 450.0                            LAT/LON1/LON2/DLON/H
  109  111  113  114  112  108  103   97   95   94   94   93   91   87   84   85
   89   95   99  101   98   95   92   91   91   89   86   84   87   99  122  155
  194  234  271  302  327  349  369  389  409  428  443  455  463  468  471  473
  475  476  475  471  465  453  437  416  393  368  344  319  294  268  241  214
  187  163  143  128  118  112  109  108  109
    42.5-180.0 180.0   5.0 450.0                            LAT/LON1/LON2/DLON/H
  117  120  125  129  131  128  123  116  111  108  106  104  100   94   88   87
   90   98  105  110  111  109  108  107  107  104  100   98  101  114  138  171
  208  245  279  309  333  356  377  398  419  438  452  461  466  469  470  471
  473  474  473  471  464  453  436  414  388  361  335  310  286  263  239  216
  193  173  155  141  130  123  119  117  117
    40.0-180.0 180.0   5.0 450.0                            LAT/LON1/LON2/DLON/H
  118  121  127  135  141  142  138  132  125  121  119  116  112  105   98   95
   98  105  115  123  126  127  127  126  124  120  115  112  116  130  155  186
  220  254  285  314  340  364  388  411  433  451  464  470  473  473  473  474
  476  477  477  474  468  456  438  414  386  357  328  301  276  253  231  211
  191  173  158  145  135  127  122  118  118
    37.5-180.0 180.0   5.0 450.0                            LAT/LON1/LON2/DLON/H
  112  114  120  130  140  145  144  139  133  130  128  127  124  118  111  107
  109  117  128  137  142  143  143  141  137  132  126  124  130  145  170  199
  230  261  291  321  350  377  403  428  451  468  479  484  485  485  486  487
  489  491  491  489  484  473  455  431  401  369  337  307  280  254  231  209
  190  173  158  146  137  129  122  116  112
    35.0-180.0 180.0   5.0 450.0                            LAT/LON1/LON2/DLON/H
  107  104  107  116  127  136  138  136  132  130  131  133  134  131  125  122
  123  130  140  149  154  154  152  148  143  137  131  131  139  158  183  211
  239  268  300  332  365  396  425  451  473  490  500  505  506  508  510  513
  517  520  522  522  519  510  495  472  442  409  375  342  309  279  251  225
  203  184  168  155  145  136  126  116  107
    32.5-180.0 180.0   5.0 450.0                            LAT/LON1/LON2/DLON/H
  111   99   95   99  109  118  124  124  122  123  127  133  138  140  138  135
  136  142  150  157  160  158  154  148  142  135  130  133  145  167  195  223
  250  280  313  350  387  421  451  477  499  516  527  533  538  542  548  554
  561  566  571  575  576  572  560  541  514  482  447  410  373  336  300  267
  239  215  196  181  169  157  143  127  111
    30.0-180.0 180.0   5.0 450.0                            LAT/LON1/LON2/DLON/H
  131  109   95   90   94  101  106  108  108  110  117  127  137  143  145  144
  145  150  156  160  160  156  149  142  135  128  125  131  149  176  207  237
  265  296  332  374  416  452  482  506  527  545  558  569  578  588  598  608
  618  626  635  644  650  652  646  632  610  581  547  510  469  425  381  339
  303  273  249  230  214  198  179  156  131
    27.5-180.0 180.0   5.0 450.0                            LAT/LON1/LON2/DLON/H
  173  140  115   99   93   94   96   96   97   99  106  118  131  141  146  148
  150  153  157  159  156  150  142  134  126  120  119  129  153  186  222  254
  285  318  359  404  449  485  514  537  557  576  594  610  626  642  657  670
  683  695  707  721  733  740  741  733  716  692  663  627  584  535  484  434
  389  353  323  300  280  259  235  206  173
    25.0-180.0 180.0   5.0 450.0                            LAT/LON1/LON2/DLON/H
  235  195  159  131  114  106  101   98   96   96  100  111  123  135  142  147
  150  153  156  155  151  144  136  128  121  115  116  130  159  198  239  276
  309  345  390  438  484  520  546  567  588  610  633  655  678  699  718  734
  748  762  778  795  811  823  828  825  814  796  772  741  700  650  594  538
  487  445  411  384  360  336  307  274  235
    22.5-180.0 180.0   5.0 450.0                            LAT/LON1/LON2/DLON/H
  310  267  225  188  160  140  128  119  111  106  105  110  118  128  135  141
  146  150  153  152  147  140  133  127  121  116  118  135  168  212  259  300
  336  376  423  473  518  552  576  596  618  644  672  701  729  755  776  792
  806  820  836  855  872  885  892  891  885  873  856  832  796  749  692  633
  579  535  499  469  442  415  385  350  310
    20.0-180.0 180.0   5.0 450.0                            LAT/LON1/LON2/DLON/H
  386  346  303  262  225  196  175  159  146  133  124  119  120  123  129  134
  140  146  150  150  146  141  136  132  127  122  125  143  180  229  279  324
  364  406  455  505  549  580  603  624  648  678  710  744  776  803  824  838
  849  861  876  892  907  918  922  922  918  911  902  886  858  815  761  703
  650  606  571  541  513  485  455  423  386
    17.5-180.0 180.0   5.0 450.0                            LAT/LON1/LON2/DLON/H
  450  418  381  340  299  263  236  214  195  175  156  140  130  125  125  129
  136  143  148  150  149  146  143  141  137  133  136  155  193  245  299  347
  389  433  482  532  574  604  626  649  677  710  745  780  812  839  858  869
  876  884  894  906  915  919  919  916  912  908  905  897  878  843  794  740
  690  649  616  588  561  533  506  478  450
    15.0-180.0 180.0   5.0 450.0                            LAT/LON1/LON2/DLON/H
  489  469  442  407  367  329  299  274  250  224  196  170  148  133  127  128
  134  142  149  152  153  152  152  151  148  144  148  167  207  260  316  366
  410  455  503  551  591  620  645  671  702  736  772  805  836  861  877  883
  886  888  893  898  899  897  890  883  877  874  875  874  863  835  792  742
  695  657  628  603  577  552  528  507  489
    12.5-180.0 180.0   5.0 450.0                            LAT/LON1/LON2/DLON/H
  497  490  475  449  414  379  350  326  302  272  238  203  172  149  136  133
  137  145  152  156  158  159  160  159  157  154  159  180  220  273  329  379
  424  469  516  562  600  630  657  687  721  756  789  819  846  868  881  884
  882  881  880  878  872  862  850  838  830  827  829  832  825  803  764  717
  673  638  611  588  564  540  519  505  497
    10.0-180.0 180.0   5.0 450.0                            LAT/LON1/LON2/DLON/H
  475  478  474  459  432  404  380  360  338  310  274  235  198  169  151  143
  145  151  157  160  162  164  164  164  162  161  169  191  232  285  339  388
  432  477  522  566  602  632  661  695  731  765  794  820  843  863  874  876
  872  868  864  857  846  831  816  801  790  786  787  790  785  763  725  679
  635  600  574  551  528  504  485  475  475
     7.5-180.0 180.0   5.0 450.0                            LAT/LON1/LON2/DLON/H
  430  439  444  437  420  400  384  371  355  330  297  259  222  191  169  158
  156  159  163  165  166  166  166  165  164  166  177  203  244  295  346  393
  436  479  522  562  597  627  658  694  731  762  788  809  830  849  861  864
  862  858  852  844  831  816  800  786  774  766  764  764  756  733  693  643
  596  558  529  505  481  457  437  427  430
     5.0-180.0 180.0   5.0 450.0                            LAT/LON1/LON2/DLON/H
  377  387  396  395  385  374  365  359  350  332  305  272  240  211  189  175
  169  168  169  169  168  167  166  164  163  169  185  215  256  305  352  396
  437  477  517  554  586  615  648  684  721  750  772  791  812  832  847  854
  855  854  850  844  834  822  810  798  786  776  769  762  749  720  675  621
  568  524  490  462  436  410  388  376  377
     2.5-180.0 180.0   5.0 450.0                            LAT/LON1/LON2/DLON/H
  332  338  345  347  342  337  335  335  331  319  299  275  250  226  207  192
  183  178  175  173  171  169  165  162  163  173  194  228  270  315  358  398
  436  474  511  544  572  600  632  668  703  731  752  770  792  816  835  848
  854  857  858  856  852  847  841  833  822  809  797  783  762  727  676  617
  557  506  465  433  404  376  352  335  332
