static/ion/2023-12-25.23i
     1.0            IONOSPHERE MAPS     GNSS                IONEX VERSION / TYPE
IONINX V5.5         AIUB                24-DEC-23 07:42     PGM / RUN BY / DATE 
CODE'S 2-DAY PREDICTED IONOSPHERE MAPS FOR DAY 359, 2023    COMMENT             
Global ionosphere maps (GIM) are generated on a daily basis DESCRIPTION         
at CODE using data from about 120 GNSS sites of the IGS and DESCRIPTION         
other institutions. The vertical total electron content     DESCRIPTION         
(VTEC) is modeled in a solar-geomagnetic reference frame    DESCRIPTION         
using a spherical harmonics expansion up to degree and      DESCRIPTION         
order 15. Piece-wise linear functions are used for          DESCRIPTION         
representation in the time domain. The time spacing of      DESCRIPTION         
their vertices is 1 hour, conforming with the epochs of the DESCRIPTION         
VTEC maps.                                                  DESCRIPTION         
To convert line-of-sight TEC into vertical TEC, a modified  DESCRIPTION         
single-layer model mapping function approximating the JPL   DESCRIPTION         
extended slab model mapping function is adopted. The        DESCRIPTION         
mapping function is evaluated at geodetic satellite         DESCRIPTION         
elevation angles. For the computation of the ionospheric    DESCRIPTION         
pierce points, a spherical layer with a radius of 6821 km   DESCRIPTION         
is assumed, implying geocentric, not geodetic IONEX         DESCRIPTION         
latitudes.                                                  DESCRIPTION         
Instrumental biases with respect to each involved GNSS code DESCRIPTION         
observable are estimated as constant values for each        DESCRIPTION         
day. They are modeled with one set of bias parameters for   DESCRIPTION         
each satellite and each station in case of GPS and for each DESCRIPTION         
satellite-station link in case of GLONASS. The code bias    DESCRIPTION         
datum is defined by zero-mean conditions imposed on the     DESCRIPTION         
satellite bias estimates. In this file, just GPS C1W-C2W    DESCRIPTION         
satellite and station bias values are included. The         DESCRIPTION         
complete set of GNSS code bias results is provided in an    DESCRIPTION         
additional Bias-SINEX file as pseudo-absolute values        DESCRIPTION         
specific to each observable.                                DESCRIPTION         
Contact address: code(at)aiub.unibe.ch                      DESCRIPTION         
Data archive:    ftp.aiub.unibe.ch/CODE/                    DESCRIPTION         
                 www.aiub.unibe.ch/download/CODE/           DESCRIPTION         
  2023    12    25     0     0     0                        EPOCH OF FIRST MAP  
  2023    12    26     0     0     0                        EPOCH OF LAST MAP   
  3600                                                      INTERVAL            
    25                                                      # OF MAPS IN FILE   
  NONE                                                      MAPPING FUNCTION    
    10.0                                                    ELEVATION CUTOFF    
One-way carrier phase leveled to code                       OBSERVABLES USED    
  6371.0                                                    BASE RADIUS         
     2                                                      MAP DIMENSION       
   450.0 450.0   0.0                                        HGT1 / HGT2 / DHGT  
    87.5 -87.5  -2.5                                        LAT1 / LAT2 / DLAT  
  -180.0 180.0   5.0                                        LON1 / LON2 / DLON  
    -1                                                      EXPONENT            
TEC/RMS values in 0.1 TECU; 9999, if no value available     COMMENT             
                                                            END OF HEADER       
[from data line 1716]
     5                                                      START OF TEC MAP    
  2023    12    25     4     0     0                        EPOCH OF CURRENT MAP
    87.5-180.0 180.0   5.0 450.0                            LAT/LON1/LON2/DLON/H
  117  117  116  115  114  114  113  113  112  112  111  111  110  110  110  109
  109  108  108  108  107  107  107  107  106  106  106  106  106  106  106  106
  106  106  107  107  108  108  108  109  110  110  111  112  112  113  114  115
  115  116  117  118  119  119  120  121  121  122  122  122  123  123  123  122
  122  122  121  121  120  120  119  118  117
    85.0-180.0 180.0   5.0 450.0                            LAT/LON1/LON2/DLON/H
  123  121  119  117  115  114  113  112  111  111  110  110  110  110  109  109
  109  108  107  106  106  105  104  103  102  101  100  100  100  100  100  100
  100  101  102  103  104  104  105  107  108  109  110  111  112  114  115  117
  118  120  122  124  126  128  130  132  134  136  137  139  140  140  140  140
  139  138  136  134  132  130  128  125  123
    82.5-180.0 180.0   5.0 450.0                            LAT/LON1/LON2/DLON/H
  130  126  122  118  115  113  111  110  110  110  110  111  111  112  112  112
  111  110  109  107  105  103  101   99   97   96   94   93   93   93   93   94
   95   97   98  100  101  103  105  106  107  109  110  111  112  114  115  117
  120  123  126  130  134  138  142  147  151  156  159  162  165  166  167  166
  165  163  159  155  151  146  141  135  130
    80.0-180.0 180.0   5.0 450.0                            LAT/LON1/LON2/DLON/H
  141  133  126  120  115  112  110  109  108  109  110  112  113  114  115  115
  114  113  111  108  105  102   99   95   92   90   88   87   86   87   88   89
   92   94   97  100  102  105  106  108  109  110  111  111  112  113  114  117
  120  123  128  134  140  148  155  164  172  179  187  193  198  201  203  202
  201  197  191  185  177  168  159  150  141
    77.5-180.0 180.0   5.0 450.0                            LAT/LON1/LON2/DLON/H
  157  144  134  125  118  112  109  108  108  109  110  112  114  116  117  117
  116  114  112  109  105  101   96   92   88   85   83   82   82   83   85   88
   91   95   99  103  106  108  110  111  112  112  111  111  111  111  112  114
  118  123  129  137  147  157  169  181  194  206  217  227  235  241  244  245
  243  238  230  221  209  197  183  170  157
    75.0-180.0 180.0   5.0 450.0                            LAT/LON1/LON2/DLON/H
  175  159  145  133  123  116  111  109  108  109  110  112  113  115  115  115
  115  113  111  107  104   99   95   91   87   84   82   81   82   84   87   90
   95   99  104  108  111  113  114  114  114  112  111  109  108  108  109  111
  115  122  130  141  153  168  183  200  217  233  249  262  273  282  286  288
  285  280  270  258  244  228  210  193  175
    72.5-180.0 180.0   5.0 450.0                            LAT/LON1/LON2/DLON/H
  196  176  159  144  132  123  116  113  111  110  110  111  111  111  111  110
  110  108  107  105  102   99   96   92   89   87   86   86   87   89   92   96
  101  105  109  112  115  116  116  115  113  111  108  106  104  104  105  109
  114  123  133  147  162  180  199  219  239  259  278  294  307  317  323  325
  323  316  306  292  276  257  237  216  196
    70.0-180.0 180.0   5.0 450.0                            LAT/LON1/LON2/DLON/H
  215  193  173  156  142  131  123  118  115  113  111  109  107  105  103  102
  102  101  101  101  101  100   98   97   95   94   94   94   95   97  100  103
  106  110  112  114  115  115  114  112  109  106  103  100   99  100  103  108
  116  127  141  156  174  194  216  238  260  282  302  319  334  344  351  352
  350  343  332  318  301  281  260  237  215
    67.5-180.0 180.0   5.0 450.0                            LAT/LON1/LON2/DLON/H
  230  207  186  167  151  139  130  124  120  116  112  107  102   98   95   93
   93   94   96   98  101  102  103  103  103  103  103  104  105  106  107  108
  109  111  112  112  112  110  108  105  102   98   95   94   94   97  103  111
  122  136  152  170  190  212  234  257  279  301  321  338  351  361  366  367
  364  357  347  333  317  298  276  254  230
    65.0-180.0 180.0   5.0 450.0                            LAT/LON1/LON2/DLON/H
  241  217  194  174  157  144  135  128  123  118  112  106   99   92   87   85
   85   88   92   97  101  105  108  109  110  111  111  111  111  110  109  109
  108  107  106  105  104  102   99   96   93   90   88   88   90   96  105  116
  131  148  167  188  209  231  253  275  296  316  334  349  360  368  371  371
  367  360  351  338  323  306  286  264  241
    62.5-180.0 180.0   5.0 450.0                            LAT/LON1/LON2/DLON/H
  248  224  200  178  160  146  136  129  124  119  113  105   96   88   82   79
   80   84   90   97  103  107  110  112  113  114  114  113  112  110  107  104
  101   99   97   96   94   93   90   88   85   83   82   84   89   97  109  124
  142  163  185  208  230  252  273  293  311  328  343  355  363  368  370  368
  363  357  348  337  325  309  291  271  248
    60.0-180.0 180.0   5.0 450.0                            LAT/LON1/LON2/DLON/H
  254  229  204  180  160  144  134  127  122  117  111  103   95   86   80   78
   79   84   90   97  103  107  110  111  111  111  111  110  107  104  100   95
   91   89   87   87   86   86   85   83   81   80   81   83   90  100  114  133
  154  178  203  227  251  272  292  309  324  338  349  358  364  366  366  363
  358  352  344  335  325  312  296  277  254
    57.5-180.0 180.0   5.0 450.0                            LAT/LON1/LON2/DLON/H
  262  237  210  183  160  142  130  122  117  113  108  102   94   86   81   79
   81   85   91   97  101  104  105  105  104  104  103  102   99   95   90   86
   82   81   81   82   83   84   85   84   83   82   83   86   93  105  121  141
  166  192  220  246  270  291  309  324  336  346  354  360  364  365  364  360
  355  350  343  336  328  317  303  285  262
    55.0-180.0 180.0   5.0 450.0                            LAT/LON1/LON2/DLON/H
  275  249  221  192  165  143  128  118  112  108  104   99   93   87   84   82
   84   87   91   95   97   97   97   95   95   94   94   93   91   87   83   79
   77   77   80   83   87   90   91   90   90   89   90   93  100  111  128  150
  177  206  235  262  287  308  324  337  347  354  359  363  366  366  364  361
  357  352  347  342  335  326  314  297  275
    52.5-180.0 180.0   5.0 450.0                            LAT/LON1/LON2/DLON/H
  291  267  238  207  177  151  131  118  109  104  100   96   92   89   86   85
   86   87   89   90   90   89   88   87   86   86   87   87   86   83   80   78
   78   81   86   92   97  100  101  101  100   99   99  102  108  120  137  160
  188  218  249  278  303  323  339  350  357  361  364  367  368  368  367  364
  361  357  354  350  345  338  327  312  291
    50.0-180.0 180.0   5.0 450.0                            LAT/LON1/LON2/DLON/H
  308  286  259  228  197  167  142  124  111  103   98   94   92   90   89   88
   87   87   86   85   84   83   82   82   83   84   86   86   86   85   83   83
   85   90   97  105  111  114  114  113  111  110  110  112  118  130  148  172
  200  232  263  292  318  338  352  361  366  368  369  370  370  370  368  366
  363  361  358  356  352  346  338  325  308
    47.5-180.0 180.0   5.0 450.0                            LAT/LON1/LON2/DLON/H
  319  302  279  251  220  189  161  137  119  107   99   95   94   93   92   91
   89   86   83   82   81   82   83   85   87   89   91   92   92   91   91   91
   95  102  110  119  124  126  126  123  121  120  120  123  130  142  161  186
  215  247  278  307  332  351  365  373  375  375  373  372  371  369  367  364
  361  359  358  356  353  348  342  332  319
    45.0-180.0 180.0   5.0 450.0                            LAT/LON1/LON2/DLON/H
  321  309  293  270  243  212  182  155  133  117  106  100   98   98   98   95
   91   87   84   83   84   87   92   96   99  101  102  102  102  101  100  102
  106  113  121  129  134  135  133  130  128  128  129  134  142  156  177  203
  233  265  295  322  345  364  377  383  384  382  377  373  369  366  362  358
  354  351  349  348  345  341  336  329  321
    42.5-180.0 180.0   5.0 450.0                            LAT/LON1/LON2/DLON/H
  311  305  295  279  257  230  202  175  150  131  117  110  107  107  106  103
   98   93   90   90   94  101  107  113  116  117  116  114  112  110  109  110
  113  120  128  134  138  138  135  133  132  133  137  144  155  172  195  223
  253  283  311  336  358  375  387  393  393  389  382  375  369  363  357  351
  345  340  337  335  331  327  321  316  311
    40.0-180.0 180.0   5.0 450.0                            LAT/LON1/LON2/DLON/H
  293  289  284  274  259  238  214  189  166  145  130  122  118  118  116  113
  108  104  103  105  111  120  127  133  134  132  128  124  120  117  115  115
  117  121  128  133  136  136  133  132  133  137  143  153  167  188  214  244
  274  302  326  348  367  384  397  403  403  397  389  380  372  365  357  348
  340  334  329  324  319  312  305  298  293
    37.5-180.0 180.0   5.0 450.0                            LAT/LON1/LON2/DLON/H
  276  270  265  258  248  233  215  196  176  157  143  134  130  129  128  126
  122  119  120  125  132  140  147  151  150  145  137  130  125  122  119  117
  117  120  124  128  131  131  130  130  133  139  148  161  178  202  232  263
  293  318  339  357  375  391  405  414  415  410  402  393  385  377  368  359
  349  341  334  327  319  309  297  285  276
    35.0-180.0 180.0   5.0 450.0                            LAT/LON1/LON2/DLON/H
  271  257  247  238  229  218  206  193  178  164  151  143  139  139  138  137
  135  135  138  144  152  158  162  163  159  151  142  134  129  126  124  121
  119  118  120  123  125  126  127  130  134  141  151  166  187  214  247  279
  308  331  349  364  380  398  414  426  431  429  423  416  410  404  397  388
  379  370  362  354  343  327  308  288  271
    32.5-180.0 180.0   5.0 450.0                            LAT/LON1/LON2/DLON/H
  289  263  243  227  213  202  192  183  174  164  154  147  143  143  143  143
  144  147  153  160  165  168  169  167  162  154  145  138  135  134  133  130
  125  121  119  120  123  125  128  131  136  142  153  169  192  223  257  291
  320  340  356  370  386  405  425  442  452  455  454  452  450  448  445  440
  433  425  417  408  395  375  349  319  289
    30.0-180.0 180.0   5.0 450.0                            LAT/LON1/LON2/DLON/H
  339  299  264  235  212  194  182  174  167  160  152  146  143  142  142  144
  147  153  161  167  170  170  168  165  162  156  150  147  147  149  150  146
  139  131  126  124  125  128  131  134  137  142  152  168  194  227  265  300
  328  348  363  377  395  418  442  464  480  489  495  498  502  507  510  510
  508  503  497  488  475  453  420  381  339
    27.5-180.0 180.0   5.0 450.0                            LAT/LON1/LON2/DLON/H
  419  366  316  272  235  206  185  173  164  157  150  144  140  138  138  139
  144  152  160  166  166  164  161  161  162  162  162  164  168  173  176  171
  161  149  138  133  132  134  136  137  137  139  147  164  192  229  269  307
  336  357  374  390  411  437  466  493  515  531  543  553  564  575  585  592
  594  594  591  585  574  552  517  471  419
    25.0-180.0 180.0   5.0 450.0                            LAT/LON1/LON2/DLON/H
  522  460  399  341  288  243  209  187  173  162  153  146  140  136  134  135
  139  147  155  159  158  155  155  160  169  177  183  189  197  204  207  202
  188  171  155  145  141  140  140  138  134  133  139  158  189  230  274  314
  346  370  390  411  436  466  497  528  555  577  595  612  628  645  660  672
  680  683  684  683  675  658  625  579  522
    22.5-180.0 180.0   5.0 450.0                            LAT/LON1/LON2/DLON/H
  631  568  502  434  367  307  257  222  198  182  169  159  151  145  141  138
  140  146  153  155  154  152  156  169  185  201  212  221  229  237  238  231
  214  193  172  157  149  146  142  136  128  124  130  151  187  233  281  324
  359  388  413  440  469  502  535  568  598  624  647  667  687  706  725  740
  750  757  761  763  762  751  726  685  631
    20.0-180.0 180.0   5.0 450.0                            LAT/LON1/LON2/DLON/H
  727  672  608  538  463  390  326  276  242  218  201  188  179  171  164  158
  156  157  161  162  161  162  171  190  213  233  247  254  260  264  263  253
  233  208  184  165  154  147  140  130  119  114  121  146  187  238  291  338
  377  411  443  475  509  543  577  610  641  669  693  715  735  754  771  786
  797  804  809  814  819  817  802  772  727
    17.5-180.0 180.0   5.0 450.0                            LAT/LON1/LON2/DLON/H
  795  753  700  635  561  481  407  345  301  270  250  236  227  219  210  200
  192  188  187  186  185  188  201  224  250  270  280  283  282  280  274  261
  240  213  188  167  154  145  136  123  110  105  115  146  193  249  305  355
  399  438  476  513  549  584  617  648  678  706  730  751  769  784  797  808
  815  820  824  830  839  844  842  825  795
    15.0-180.0 180.0   5.0 450.0                            LAT/LON1/LON2/DLON/H
  824  799  762  711  644  565  487  419  368  333  312  300  293  287  278  264
  250  240  234  230  228  232  245  267  289  303  306  300  291  281  270  255
  233  208  183  164  151  141  130  115  102   99  115  151  203  263  322  375
  421  465  507  548  586  620  651  679  707  733  756  775  789  798  805  809
  810  810  811  815  825  835  842  839  824
    12.5-180.0 180.0   5.0 450.0                            LAT/LON1/LON2/DLON/H
  816  807  788  754  700  631  555  487  434  399  379  371  369  367  359  344
  325  309  298  291  287  288  297  310  323  327  319  303  285  269  253  236
  216  194  173  157  146  137  125  111   99   99  120  162  219  281  340  393
  441  487  532  575  614  648  676  701  726  750  771  787  797  801  801  798
  793  787  782  782  789  800  812  818  816
    10.0-180.0 180.0   5.0 450.0                            LAT/LON1/LON2/DLON/H
  782  785  781  763  726  670  604  541  490  457  441  438  443  447  442  427
  405  385  369  358  351  346  345  347  346  336  318  294  269  247  229  212
  194  177  162  151  143  135  124  110  101  106  132  178  237  298  356  409
  456  502  548  592  631  663  690  713  736  758  777  792  799  799  794  786
  775  764  754  748  749  756  767  776  782
     7.5-180.0 180.0   5.0 450.0                            LAT/LON1/LON2/DLON/H
  740  748  753  748  727  685  631  576  530  500  487  489  500  510  509  495
  473  451  433  419  407  394  382  369  353  331  305  276  248  224  205  189
  176  163  154  148  144  138  127  115  108  117  147  196  255  315  370  419
  465  509  554  597  635  667  694  716  738  759  777  791  798  797  791  781
  768  754  740  728  721  721  726  733  740
     5.0-180.0 180.0   5.0 450.0                            LAT/LON1/LON2/DLON/H
  707  713  720  723  712  684  641  594  552  524  512  516  530  543  546  535
  515  493  474  459  443  422  398  372  344  315  285  256  231  208  190  176
  165  157  153  151  149  144  134  122  118  131  165  215  272  328  378  424
  467  509  551  592  630  663  690  713  735  755  774  789  799  801  797  789
  778  764  748  732  719  710  706  705  707
     2.5-180.0 180.0   5.0 450.0                            LAT/LON1/LON2/DLON/H
  697  696  700  702  697  677  642  600  560  530  514  515  528  541  545  536
  518  499  483  468  450  424  392  357  323  292  266  243  223  204  189  176
  167  161  159  158  158  153  143  132  130  146  182  232  286  337  383  424
  464  502  541  580  618  652  681  707  729  750  770  788  802  809  811  808
  802  793  779  761  743  726  713  703  697
