static/ion/2023-12-27.23i
     1.0            IONOSPHERE MAPS     GNSS                IONEX VERSION / TYPE
IONINX V5.5         AIUB                26-DEC-23 07:40     PGM / RUN BY / DATE 
CODE'S 2-DAY PREDICTED IONOSPHERE MAPS FOR DAY 361, 2023    COMMENT             
Global ionosphere maps (GIM) are generated on a daily basis DESCRIPTION         
at CODE using data from about 120 GNSS sites of the IGS and DESCRIPTION         
other institutions. The vertical total electron content     DESCRIPTION         
(VTEC) is modeled in a solar-geomagnetic reference frame    DESCRIPTION         
using a spherical harmonics expansion up to degree and      DESCRIPTION         
order 15. Piece-wise linear functions are used for          DESCRIPTION         
representation in the time domain. The time spacing of      DESCRIPTION         
their vertices is 1 hour, conforming with the epochs of the DESCRIPTION         
VTEC maps.                                                  DESCRIPTION         
To convert line-of-sight TEC into vertical TEC, a modified  DESCRIPTION         
single-layer model mapping function approximating the JPL   DESCRIPTION         
extended slab model mapping function is adopted. The        DESCRIPTION         
mapping function is evaluated at geodetic satellite         DESCRIPTION         
elevation angles. For the computation of the ionospheric    DESCRIPTION         
pierce points, a spherical layer with a radius of 6821 km   DESCRIPTION         
is assumed, implying geocentric, not geodetic IONEX         DESCRIPTION         
latitudes.                                                  DESCRIPTION         
Instrumental biases with respect to each involved GNSS code DESCRIPTION         
observable are estimated as constant values for each        DESCRIPTION         
day. They are modeled with one set of bias parameters for   DESCRIPTION         
each satellite and each station in case of GPS and for each DESCRIPTION         
satellite-station link in case of GLONASS. The code bias    DESCRIPTION         
datum is defined by zero-mean conditions imposed on the     DESCRIPTION         
satellite bias estimates. In this file, just GPS C1W-C2W    DESCRIPTION         
satellite and station bias values are included. The         DESCRIPTION         
complete set of GNSS code bias results is provided in an    DESCRIPTION         
additional Bias-SINEX file as pseudo-absolute values        DESCRIPTION         
specific to each observable.                                DESCRIPTION         
Contact address: code(at)aiub.unibe.ch                      DESCRIPTION         
Data archive:    ftp.aiub.unibe.ch/CODE/                    DESCRIPTION         
                 www.aiub.unibe.ch/download/CODE/           DESCRIPTION         
  2023    12    27     0     0     0                        EPOCH OF FIRST MAP  
  2023    12    28     0     0     0                        EPOCH OF LAST MAP   
  3600                                                      INTERVAL            
    25                                                      # OF MAPS IN FILE   
  NONE                                                      MAPPING FUNCTION    
    10.0                                                    ELEVATION CUTOFF    
One-way carrier phase leveled to code                       OBSERVABLES USED    
  6371.0                                                    BASE RADIUS         
     2                                                      MAP DIMENSION       
   450.0 450.0   0.0                                        HGT1 / HGT2 / DHGT  
    87.5 -87.5  -2.5                                        LAT1 / LAT2 / DLAT  
  -180.0 180.0   5.0                                        LON1 / LON2 / DLON  
    -1                                                      EXPONENT            
TEC/RMS values in 0.1 TECU; 9999, if no value available     COMMENT             
                                                            END OF HEADER       
[from data line 2574]
     7                                                      START OF TEC MAP    
  2023    12    27     6     0     0                        EPOCH OF CURRENT MAP
    87.5-180.0 180.0   5.0 450.0                            LAT/LON1/LON2/DLON/H
   80   80   80   80   80   80   80   80   81   81   81   82   82   83   83   83
   84   84   84   84   84   84   84   84   84   84   84   84   84   84   83   83
   83   83   83   83   83   83   83   84   84   84   84   85   85   85   86   86
   87   87   87   88   88   88   88   88   88   88   88   88   87   87   86   86
   85   84   84   83   82   82   81   81   80
    85.0-180.0 180.0   5.0 450.0                            LAT/LON1/LON2/DLON/H
   75   74   73   73   73   73   74   75   77   78   80   82   83   85   86   87
   88   88   89   89   88   88   87   87   86   85   85   84   83   83   82   82
   82   82   81   82   82   82   82   83   83   84   85   86   87   88   90   91
   93   95   96   98   99  101  102  103  103  103  103  102  101  100   98   96
   94   91   89   86   84   81   79   77   75
    82.5-180.0 180.0   5.0 450.0                            LAT/LON1/LON2/DLON/H
   70   67   65   64   64   65   66   68   71   74   78   81   84   87   89   91
   92   93   93   92   91   90   88   86   85   83   82   80   80   79   79   79
   79   79   79   80   80   81   81   82   83   84   86   87   90   92   95   99
  102  106  110  114  118  121  124  126  128  129  129  128  127  124  121  117
  112  107  101   95   89   84   79   74   70
    80.0-180.0 180.0   5.0 450.0                            LAT/LON1/LON2/DLON/H
   67   62   57   55   54   55   57   60   64   69   74   79   84   88   91   94
   95   95   95   93   91   88   85   82   80   77   75   74   74   74   74   75
   76   77   78   79   80   81   82   82   83   84   86   89   92   96  101  107
  114  120  128  135  142  148  154  158  162  164  165  164  162  159  153  147
  139  131  122  112  102   92   83   75   67
    77.5-180.0 180.0   5.0 450.0                            LAT/LON1/LON2/DLON/H
   69   60   53   48   46   46   48   51   56   62   68   74   80   85   90   93
   94   94   93   91   88   84   80   76   72   70   68   67   68   69   71   73
   76   78   80   81   82   83   83   83   84   85   87   90   95  101  108  117
  127  137  148  159  169  179  187  194  200  203  205  204  202  197  191  183
  172  161  148  134  120  106   93   80   69
    75.0-180.0 180.0   5.0 450.0                            LAT/LON1/LON2/DLON/H
   76   63   54   46   42   41   42   45   49   55   61   68   74   80   84   88
   90   90   89   87   83   79   74   70   66   64   63   63   65   68   71   75
   78   81   84   85   86   86   85   84   84   85   87   91   97  105  116  128
  141  156  170  185  198  211  221  230  236  241  243  242  239  234  227  217
  205  191  176  159  142  124  107   91   76
    72.5-180.0 180.0   5.0 450.0                            LAT/LON1/LON2/DLON/H
   87   72   59   50   44   41   40   42   45   49   54   60   65   71   76   80
   83   84   84   83   80   76   72   68   65   63   63   64   67   71   75   79
   83   87   89   89   89   87   85   83   82   83   86   91   99  110  124  140
  157  176  194  211  227  241  252  261  268  271  273  271  268  262  254  244
  231  217  200  182  163  143  123  104   87
    70.0-180.0 180.0   5.0 450.0                            LAT/LON1/LON2/DLON/H
   99   82   68   58   50   46   44   44   45   46   49   52   56   61   66   71
   76   79   81   81   80   77   74   71   69   68   68   70   73   78   82   86
   89   91   92   91   89   86   83   80   79   79   83   91  102  116  134  154
  175  196  217  236  253  267  278  285  290  292  292  289  285  278  270  259
  247  233  217  199  179  159  138  118   99
    67.5-180.0 180.0   5.0 450.0                            LAT/LON1/LON2/DLON/H
  109   92   78   67   59   54   50   49   47   47   46   47   49   52   57   64
   70   76   81   84   84   83   81   79   77   77   78   80   83   86   89   92
   93   93   92   90   86   81   77   74   73   75   81   92  106  125  146  169
  193  217  239  259  275  288  296  302  304  304  301  296  290  283  274  263
  252  238  223  207  188  169  149  128  109
    65.0-180.0 180.0   5.0 450.0                            LAT/LON1/LON2/DLON/H
  116   99   85   74   67   62   58   55   52   49   47   45   45   47   52   60
   69   77   84   89   91   91   89   88   86   86   87   89   91   93   94   94
   93   91   88   84   79   74   70   67   68   72   81   95  113  135  160  186
  212  237  259  278  293  303  309  312  311  308  303  297  289  281  271  261
  249  237  223  208  191  173  154  134  116
    62.5-180.0 180.0   5.0 450.0                            LAT/LON1/LON2/DLON/H
  118  102   88   78   71   67   64   61   58   54   50   46   45   46   52   60
   71   81   90   95   98   98   96   94   93   93   94   95   95   95   94   92
   89   85   81   76   71   66   63   62   64   72   84  101  123  148  176  204
  231  256  277  294  306  314  318  318  315  311  304  297  289  279  269  257
  245  233  219  205  189  173  154  136  118
    60.0-180.0 180.0   5.0 450.0                            LAT/LON1/LON2/DLON/H
  117  101   87   77   71   68   66   65   62   59   54   50   48   50   55   64
   76   87   96  101  102  101   98   96   94   94   94   95   95   94   91   87
   83   78   74   69   65   61   59   60   65   76   91  112  136  164  193  222
  249  272  292  307  317  322  324  322  319  314  308  301  293  283  272  259
  246  232  218  203  188  171  154  135  117
    57.5-180.0 180.0   5.0 450.0                            LAT/LON1/LON2/DLON/H
  116   99   85   75   69   66   65   65   64   62   59   56   54   56   61   70
   81   92   99  103  103   99   95   91   89   89   90   91   90   88   85   81
   77   73   69   66   64   62   62   65   72   85  103  126  153  182  211  240
  265  287  304  317  324  328  329  327  324  321  317  311  305  295  283  269
  254  238  222  206  190  173  155  135  116
    55.0-180.0 180.0   5.0 450.0                            LAT/LON1/LON2/DLON/H
  119  100   85   74   67   63   63   64   65   64   63   61   61   62   68   76
   86   94  100  101   98   93   87   83   81   81   83   84   84   83   80   76
   74   72   71   70   70   70   71   76   86  100  120  144  171  200  229  257
  281  301  316  325  331  333  333  332  331  329  328  326  321  313  301  285
  268  249  232  214  197  179  159  139  119
    52.5-180.0 180.0   5.0 450.0                            LAT/LON1/LON2/DLON/H
  125  106   90   77   69   64   62   63   65   66   67   67   67   69   73   80
   87   94   97   96   91   85   79   75   73   74   77   79   80   80   78   76
   76   77   79   81   83   84   87   93  103  119  140  164  191  219  248  274
  297  314  327  334  337  338  337  336  336  337  338  339  337  330  319  302
  283  263  243  225  207  188  168  146  125
    50.0-180.0 180.0   5.0 450.0                            LAT/LON1/LON2/DLON/H
  135  116  100   87   77   70   67   66   67   70   72   73   73   75   77   82
   87   90   92   89   85   79   74   71   71   73   76   79   81   81   81   81
   83   88   93   97  100  103  106  113  124  141  161  185  211  238  266  291
  313  329  339  343  344  343  341  339  339  341  343  346  345  340  329  312
  292  271  251  233  215  196  176  155  135
    47.5-180.0 180.0   5.0 450.0                            LAT/LON1/LON2/DLON/H
  144  128  114  103   92   83   77   73   73   75   78   79   80   80   81   83
   85   87   88   86   83   80   77   76   76   78   81   84   86   87   87   89
   94  101  109  115  119  122  126  134  146  163  183  206  231  257  283  308
  329  344  351  354  352  348  344  341  339  339  341  343  343  338  327  311
  291  270  251  233  217  200  181  162  144
    45.0-180.0 180.0   5.0 450.0                            LAT/LON1/LON2/DLON/H
  148  137  127  119  110  100   91   85   83   84   86   87   87   86   85   85
   86   87   88   88   88   88   88   89   90   91   93   95   96   96   96   98
  104  113  122  130  135  138  144  153  166  184  205  226  250  275  301  325
  346  359  365  365  361  355  348  342  338  334  333  332  331  325  314  298
  278  258  240  225  210  195  178  162  148
    42.5-180.0 180.0   5.0 450.0                            LAT/LON1/LON2/DLON/H
  144  138  134  131  125  116  106   98   94   94   96   97   96   94   92   90
   91   93   95   98  102  105  108  109  110  109  109  108  106  105  104  106
  112  121  131  139  145  149  156  168  184  204  225  246  268  292  317  342
  362  374  379  377  371  364  356  348  340  332  326  321  316  309  296  280
  260  241  224  209  196  182  167  154  144
    40.0-180.0 180.0   5.0 450.0                            LAT/LON1/LON2/DLON/H
  131  129  131  133  132  125  116  108  103  103  105  106  106  104  101  100
  101  104  109  115  121  127  132  133  131  127  123  120  115  111  108  109
  115  124  134  142  148  154  164  179  199  222  244  265  285  308  332  356
  375  388  392  390  384  378  370  362  351  340  330  321  311  301  286  269
  249  229  211  196  181  166  151  139  131
    37.5-180.0 180.0   5.0 450.0                            LAT/LON1/LON2/DLON/H
  115  114  119  125  127  124  117  111  107  107  111  114  115  114  112  113
  115  121  128  136  144  151  154  154  149  142  135  128  121  115  110  109
  113  121  131  138  145  153  167  187  212  238  261  282  301  322  344  367
  387  399  404  404  401  398  394  388  379  367  354  341  328  314  298  279
  257  235  215  195  176  157  138  123  115
    35.0-180.0 180.0   5.0 450.0                            LAT/LON1/LON2/DLON/H
  103   98  101  108  112  113  109  105  103  106  111  117  121  122  123  126
  131  139  147  156  164  170  172  169  161  151  141  132  124  116  110  107
  110  117  125  132  139  149  167  192  222  251  277  297  315  334  355  377
  396  409  417  420  423  427  430  430  426  416  403  390  375  359  341  320
  296  271  245  219  192  165  139  117  103
    32.5-180.0 180.0   5.0 450.0                            LAT/LON1/LON2/DLON/H
  104   91   87   90   93   95   95   93   94   98  106  114  122  127  131  137
  144  154  163  171  178  182  181  176  166  154  143  134  125  117  111  108
  109  114  119  124  131  144  165  195  230  263  290  311  328  345  365  385
  405  420  431  441  452  465  478  487  490  486  478  466  453  436  418  395
  369  340  307  272  236  198  162  129  104
    30.0-180.0 180.0   5.0 450.0                            LAT/LON1/LON2/DLON/H
  129  102   87   81   80   80   81   81   83   88   97  108  118  127  134  142
  152  163  172  179  183  185  182  176  166  154  144  136  129  122  116  113
  113  115  117  119  125  139  164  198  236  272  301  323  341  357  375  395
  416  434  451  468  488  511  534  553  566  571  570  563  553  539  521  499
  472  438  399  356  309  261  212  167  129
    27.5-180.0 180.0   5.0 450.0                            LAT/LON1/LON2/DLON/H
  181  139  109   91   82   78   77   77   78   82   90  101  113  124  133  143
  153  164  173  178  181  180  178  172  164  154  147  141  136  131  127  124
  122  121  118  117  121  136  164  201  242  280  312  335  354  371  389  410
  432  454  477  501  530  561  593  622  644  658  665  666  660  650  635  615
  588  553  510  460  406  348  290  232  181
    25.0-180.0 180.0   5.0 450.0                            LAT/LON1/LON2/DLON/H
  256  201  156  125  107   98   93   90   88   87   92  100  112  123  132  141
  151  160  168  172  173  173  172  169  164  158  153  150  147  145  142  139
  136  130  123  117  119  134  164  204  248  288  321  348  369  388  407  430
  455  482  510  541  575  612  649  683  712  734  749  756  756  750  739  722
  698  665  621  569  511  449  385  319  256
    22.5-180.0 180.0   5.0 450.0                            LAT/LON1/LON2/DLON/H
  347  282  227  185  158  143  134  126  118  111  108  112  120  128  135  142
  149  156  162  165  166  167  168  169  168  166  163  162  161  159  158  155
  150  140  128  117  118  134  166  209  254  296  332  362  387  409  431  456
  485  517  549  584  620  658  695  731  761  787  807  819  823  821  814  802
  783  754  714  665  609  549  485  417  347
    20.0-180.0 180.0   5.0 450.0                            LAT/LON1/LON2/DLON/H
  440  372  311  263  230  210  197  185  170  154  144  141  143  147  149  151
  153  157  160  162  164  167  171  176  178  177  175  174  173  172  171  168
  161  147  130  117  117  135  170  214  261  305  344  378  407  433  459  488
  521  555  590  625  660  694  727  759  787  813  833  847  853  853  849  842
  829  806  774  733  685  632  574  509  440
    17.5-180.0 180.0   5.0 450.0                            LAT/LON1/LON2/DLON/H
  520  455  394  345  311  290  275  260  239  216  197  187  183  181  178  173
  170  169  169  169  171  175  182  188  191  190  186  183  180  178  177  174
  165  149  129  115  116  138  176  222  270  316  358  396  430  460  490  522
  557  594  629  661  691  718  744  768  791  812  829  841  847  846  844  840
  833  818  796  765  729  688  640  584  520
    15.0-180.0 180.0   5.0 450.0                            LAT/LON1/LON2/DLON/H
  577  519  464  419  388  369  355  339  315  287  263  246  237  229  220  209
  200  193  189  187  188  192  198  203  204  200  193  185  180  177  175  171
  161  144  124  112  116  142  184  233  282  329  373  415  452  485  518  553
  590  627  659  687  710  730  748  764  779  793  805  813  814  812  809  807
  804  796  783  764  740  712  676  631  577
    12.5-180.0 180.0   5.0 450.0                            LAT/LON1/LON2/DLON/H
  606  557  510  471  446  431  421  407  384  356  329  309  296  285  271  256
  241  229  221  215  213  214  217  218  215  205  193  181  173  168  164  160
  150  134  117  109  119  149  194  245  295  343  388  432  471  507  542  578
  615  650  679  702  720  734  745  755  763  771  776  777  774  768  763  760
  758  755  749  739  726  709  685  650  606
    10.0-180.0 180.0   5.0 450.0                            LAT/LON1/LON2/DLON/H
  609  568  528  496  476  467  462  453  434  408  383  364  350  338  322  303
  285  269  256  247  241  237  235  230  220  205  188  173  161  154  150  145
  137  123  111  109  125  159  207  258  308  356  401  445  485  522  558  594
  630  662  688  707  721  732  742  749  754  756  755  751  743  733  725  720
  717  715  712  707  701  691  673  646  609
     7.5-180.0 180.0   5.0 450.0                            LAT/LON1/LON2/DLON/H
  596  558  523  495  479  473  472  467  454  434  414  399  388  376  360  341
  322  304  289  276  265  256  248  236  220  200  180  163  150  142  136  132
  125  115  109  113  135  173  221  271  320  366  410  453  493  530  566  601
  635  664  687  704  718  732  744  754  759  759  754  746  734  722  711  702
  696  691  687  683  678  670  655  630  596
     5.0-180.0 180.0   5.0 450.0                            LAT/LON1/LON2/DLON/H
  579  541  504  476  459  452  452  450  442  430  417  407  400  391  377  360
  342  324  309  294  280  267  253  236  216  194  173  156  143  134  128  123
  118  113  112  123  148  188  235  283  328  372  414  456  495  531  566  600
  631  658  680  698  717  736  756  771  780  781  775  765  753  740  727  715
  704  694  685  677  669  658  641  614  579
     2.5-180.0 180.0   5.0 450.0                            LAT/LON1/LON2/DLON/H
  569  526  485  452  429  417  413  410  406  399  393  388  385  379  368  354
  339  324  310  296  282  267  251  231  210  189  170  155  143  134  127  122
  118  116  120  135  164  202  247  291  333  374  414  453  492  528  562  595
  624  650  672  694  719  747  776  800  814  818  814  805  794  782  768  753
  737  721  706  692  678  662  639  608  569
