static/ion/2023-12-09.23i
     1.0            IONOSPHERE MAPS     GNSS                IONEX VERSION / TYPE
IONINX V5.5         AIUB                08-DEC-23 07:49     PGM / RUN BY / DATE 
CODE'S 2-DAY PREDICTED IONOSPHERE MAPS FOR DAY 343, 2023    COMMENT             
Global ionosphere maps (GIM) are generated on a daily basis DESCRIPTION         
at CODE using data from about 120 GNSS sites of the IGS and DESCRIPTION         
other institutions. The vertical total electron content     DESCRIPTION         
(VTEC) is modeled in a solar-geomagnetic reference frame    DESCRIPTION         
using a spherical harmonics expansion up to degree and      DESCRIPTION         
order 15. Piece-wise linear functions are used for          DESCRIPTION         
representation in the time domain. The time spacing of      DESCRIPTION         
their vertices is 1 hour, conforming with the epochs of the DESCRIPTION         
VTEC maps.                                                  DESCRIPTION         
To convert line-of-sight TEC into vertical TEC, a modified  DESCRIPTION         
single-layer model mapping function approximating the JPL   DESCRIPTION         
extended slab model mapping function is adopted. The        DESCRIPTION         
mapping function is evaluated at geodetic satellite         DESCRIPTION         
elevation angles. For the computation of the ionospheric    DESCRIPTION         
pierce points, a spherical layer with a radius of 6821 km   DESCRIPTION         
is assumed, implying geocentric, not geodetic IONEX         DESCRIPTION         
latitudes.                                                  DESCRIPTION         
Instrumental biases with respect to each involved GNSS code DESCRIPTION         
observable are estimated as constant values for each        DESCRIPTION         
day. They are modeled with one set of bias parameters for   DESCRIPTION         
each satellite and each station in case of GPS and for each DESCRIPTION         
satellite-station link in case of GLONASS. The code bias    DESCRIPTION         
datum is defined by zero-mean conditions imposed on the     DESCRIPTION         
satellite bias estimates. In this file, just GPS C1W-C2W    DESCRIPTION         
satellite and station bias values are included. The         DESCRIPTION         
complete set of GNSS code bias results is provided in an    DESCRIPTION         
additional Bias-SINEX file as pseudo-absolute values        DESCRIPTION         
specific to each observable.                                DESCRIPTION         
Contact address: code(at)aiub.unibe.ch                      DESCRIPTION         
Data archive:    ftp.aiub.unibe.ch/CODE/                    DESCRIPTION         
                 www.aiub.unibe.ch/download/CODE/           DESCRIPTION         
  2023    12     9     0     0     0                        EPOCH OF FIRST MAP  
  2023    12    10     0     0     0                        EPOCH OF LAST MAP   
  3600                                                      INTERVAL            
    25                                                      # OF MAPS IN FILE   
  NONE                                                      MAPPING FUNCTION    
    10.0                                                    ELEVATION CUTOFF    
One-way carrier phase leveled to code                       OBSERVABLES USED    
  6371.0                                                    BASE RADIUS         
     2                                                      MAP DIMENSION       
   450.0 450.0   0.0                                        HGT1 / HGT2 / DHGT  
    87.5 -87.5  -2.5                                        LAT1 / LAT2 / DLAT  
  -180.0 180.0   5.0                                        LON1 / LON2 / DLON  
    -1                                                      EXPONENT            
TEC/RMS values in 0.1 TECU; 9999, if no value available     COMMENT             
                                                            END OF HEADER       
[from data line 4290]
    11                                                      START OF TEC MAP    
  2023    12     9    10     0     0                        EPOCH OF CURRENT MAP
    87.5-180.0 180.0   5.0 450.0                            LAT/LON1/LON2/DLON/H
   44   44   45   46   47   48   49   50   51   52   52   53   54   55   55   56
   57   57   58   58   58   59   59   59   60   60   60   60   60   60   59   59
   59   58   58   57   57   56   55   54   53   52   51   50   49   48   47   46
   45   44   43   42   41   40   40   39   39   38   38   38   38   38   38   38
   38   39   39   40   40   41   42   43   44
    85.0-180.0 180.0   5.0 450.0                            LAT/LON1/LON2/DLON/H
   43   44   46   47   49   50   52   53   54   56   57   58   59   60   60   61
   62   62   63   63   64   65   65   66   66   67   68   68   69   69   70   70
   70   70   70   69   68   67   66   65   63   61   59   57   55   53   51   49
   47   45   43   41   40   39   38   37   36   36   35   35   35   35   35   35
   35   36   37   37   38   39   40   41   43
    82.5-180.0 180.0   5.0 450.0                            LAT/LON1/LON2/DLON/H
   46   47   49   50   52   54   55   57   58   59   60   61   61   61   62   62
   62   62   62   62   63   63   64   65   66   68   69   71   73   75   77   78
   80   81   82   82   82   82   81   80   78   76   73   71   68   65   62   60
   57   55   53   51   50   48   47   46   46   45   44   44   43   43   43   42
   42   42   42   42   43   43   44   45   46
    80.0-180.0 180.0   5.0 450.0                            LAT/LON1/LON2/DLON/H
   53   53   54   55   57   58   59   60   61   61   62   61   61   60   59   58
   58   57   56   56   56   56   57   59   60   63   65   69   72   76   80   84
   88   91   94   97   98  100  100   99   98   96   94   91   89   86   83   80
   78   76   74   72   71   70   69   69   68   67   66   65   64   63   62   60
   59   57   56   55   54   53   53   52   53
    77.5-180.0 180.0   5.0 450.0                            LAT/LON1/LON2/DLON/H
   62   61   61   62   62   63   64   64   64   64   63   62   60   58   56   54
   52   50   49   48   48   48   49   51   53   56   59   64   69   74   80   87
   93  100  106  111  115  119  121  122  122  121  119  118  115  113  111  109
  107  105  104  103  102  102  101  100   99   98   96   95   92   90   87   84
   81   77   74   71   69   66   64   63   62
    75.0-180.0 180.0   5.0 450.0                            LAT/LON1/LON2/DLON/H
   71   69   69   68   68   69   69   69   68   67   65   63   60   57   54   51
   49   47   45   44   44   44   45   46   49   52   55   60   66   73   80   89
   98  107  116  124  132  138  142  145  147  148  148  147  146  145  143  142
  141  140  139  138  137  136  135  134  132  130  127  124  120  115  111  106
  101   96   92   87   83   79   76   73   71
    72.5-180.0 180.0   5.0 450.0                            LAT/LON1/LON2/DLON/H
   78   76   75   74   74   74   74   74   73   72   69   66   63   59   56   53
   50   48   47   46   46   46   47   49   51   53   56   60   65   72   81   91
  102  114  126  137  147  156  163  169  172  175  176  177  177  177  177  176
  175  174  173  171  169  167  164  161  158  153  149  143  137  131  124  118
  112  107  101   96   92   88   84   81   78
    70.0-180.0 180.0   5.0 450.0                            LAT/LON1/LON2/DLON/H
   81   79   78   78   78   79   79   80   79   77   75   72   68   65   62   59
   57   55   55   54   55   56   57   58   59   60   62   64   68   74   83   93
  106  120  134  149  162  173  183  190  196  200  203  206  207  208  208  207
  206  204  200  197  192  187  182  176  170  163  155  147  138  130  122  114
  108  103   98   95   91   88   85   83   81
    67.5-180.0 180.0   5.0 450.0                            LAT/LON1/LON2/DLON/H
   77   77   77   78   79   81   82   83   84   83   81   78   76   73   70   68
   67   66   66   66   67   68   69   70   71   70   70   71   73   78   85   96
  110  126  143  160  175  189  200  210  217  223  227  231  234  235  235  234
  230  225  219  212  204  195  186  177  167  156  145  134  122  111  102   94
   88   84   81   80   79   79   78   78   77
    65.0-180.0 180.0   5.0 450.0                            LAT/LON1/LON2/DLON/H
   67   69   70   72   75   78   81   84   85   86   85   84   82   81   79   78
   77   77   77   77   78   79   80   80   80   79   78   77   77   81   89  100
  116  134  153  172  189  204  217  227  236  243  248  253  256  258  257  254
  248  240  229  217  205  192  179  165  152  138  123  108   94   80   69   60
   55   53   53   55   58   61   64   66   67
    62.5-180.0 180.0   5.0 450.0                            LAT/LON1/LON2/DLON/H
   53   56   59   62   66   71   75   79   83   85   86   86   86   86   86   85
   85   84   83   82   82   82   83   83   83   82   80   78   79   83   92  105
  123  144  165  186  204  220  233  244  253  260  267  272  275  277  275  270
  261  249  234  217  200  183  166  150  133  116   98   80   63   46   33   23
   18   18   21   26   33   39   45   50   53
    60.0-180.0 180.0   5.0 450.0                            LAT/LON1/LON2/DLON/H
   38   42   46   50   54   59   65   71   76   80   83   85   86   87   88   89
   88   86   83   79   77   76   76   76   77   76   75   74   76   83   94  111
  133  156  180  202  221  237  249  260  268  276  283  289  292  293  290  283
  271  255  237  216  196  175  156  137  119  100   80   59   39   20    5    0
    0    0    0    0    9   18   26   33   38
    57.5-180.0 180.0   5.0 450.0                            LAT/LON1/LON2/DLON/H
   25   30   34   38   42   47   53   60   66   72   76   80   83   85   87   87
   86   82   77   70   65   61   60   61   62   63   63   65   71   81   97  119
  144  171  197  220  239  254  266  275  283  291  297  303  307  307  303  295
  281  263  242  220  197  175  154  135  115   96   75   53   31   10    0    0
    0    0    0    0    0    3   12   19   25
    55.0-180.0 180.0   5.0 450.0                            LAT/LON1/LON2/DLON/H
   19   24   27   30   34   38   43   49   56   62   68   73   77   80   83   84
   82   76   68   58   50   44   41   41   43   45   49   54   64   79  101  128
  158  188  216  239  257  271  281  289  296  303  309  315  319  319  315  306
  293  274  252  229  205  183  162  143  124  105   84   62   40   18    0    0
    0    0    0    0    0    0    7   14   19
    52.5-180.0 180.0   5.0 450.0                            LAT/LON1/LON2/DLON/H
   22   26   29   31   33   35   38   43   49   56   62   67   72   75   78   80
   78   71   61   49   38   29   25   24   26   29   35   45   59   80  107  139
  172  205  234  257  274  286  294  300  306  312  318  324  328  329  325  317
  304  287  266  243  221  199  178  160  141  123  103   82   61   40   22    8
    0    0    0    0    0    5   11   17   22
    50.0-180.0 180.0   5.0 450.0                            LAT/LON1/LON2/DLON/H
   33   37   40   41   41   41   42   44   49   55   60   65   69   73   76   78
   76   70   60   47   34   23   17   14   15   20   27   40   59   84  115  150
  186  220  249  271  287  297  304  309  313  318  323  329  333  334  332  326
  314  299  280  259  238  217  196  177  159  141  122  103   84   66   51   38
   28   21   17   15   16   19   23   28   33
    47.5-180.0 180.0   5.0 450.0                            LAT/LON1/LON2/DLON/H
   48   53   57   59   58   55   53   53   56   60   64   68   71   74   77   80
   80   75   66   54   40   29   20   16   15   19   28   43   65   93  126  162
  197  230  258  279  294  304  310  313  317  320  325  329  333  336  335  330
  321  308  292  273  253  231  210  190  170  151  133  116  100   86   75   65
   56   49   42   38   35   35   38   42   48
    45.0-180.0 180.0   5.0 450.0                            LAT/LON1/LON2/DLON/H
   64   71   76   79   78   75   71   69   69   71   74   76   78   80   82   85
   87   85   79   69   56   45   35   28   25   28   37   53   77  105  138  171
  205  235  261  282  297  307  313  316  318  320  323  327  331  334  334  331
  324  313  299  282  262  240  217  194  171  151  132  116  103   93   86   80
   74   68   61   55   50   50   52   57   64
    42.5-180.0 180.0   5.0 450.0                            LAT/LON1/LON2/DLON/H
   75   84   92   97   98   95   90   86   85   86   88   88   88   88   90   93
   97   98   95   88   78   67   56   47   41   43   52   70   93  121  150  179
  208  235  259  281  297  309  316  318  319  320  321  324  328  331  332  331
  325  316  303  287  267  244  218  192  166  142  121  105   93   86   83   81
   79   74   68   62   58   58   60   67   75
    40.0-180.0 180.0   5.0 450.0                            LAT/LON1/LON2/DLON/H
   79   89  100  107  111  110  105  101   99  100  101  101  100   98   99  102
  106  110  110  107   99   89   77   66   59   60   70   89  113  138  163  186
  209  232  255  278  297  312  320  323  323  322  323  325  328  332  334  332
  328  319  308  292  273  249  221  192  162  135  111   92   80   73   72   73
   73   70   66   61   59   59   63   70   79
    37.5-180.0 180.0   5.0 450.0                            LAT/LON1/LON2/DLON/H
   76   86   97  107  113  115  112  109  108  109  111  111  110  108  107  109
  113  118  121  120  115  106   94   82   74   76   88  109  133  156  176  192
  210  230  253  278  301  319  329  334  334  332  332  334  337  341  343  342
  338  330  320  306  288  265  237  206  174  144  117   94   77   68   66   66
   67   65   61   58   56   58   62   68   76
    35.0-180.0 180.0   5.0 450.0                            LAT/LON1/LON2/DLON/H
   69   76   86   96  105  109  109  108  108  110  114  117  117  115  113  114
  117  122  125  126  123  115  103   91   83   87  103  127  153  174  189  201
  215  233  257  285  311  333  346  352  352  351  351  354  357  361  364  363
  360  354  346  335  320  299  273  244  213  181  151  123  100   85   77   74
   72   69   64   60   59   60   62   65   69
    32.5-180.0 180.0   5.0 450.0                            LAT/LON1/LON2/DLON/H
   66   67   72   81   89   95   98   98  100  104  111  116  118  118  116  116
  118  121  124  124  122  115  103   92   86   93  114  142  170  192  205  215
  227  245  271  301  331  355  370  378  381  381  383  386  391  395  398  399
  397  394  389  383  373  358  337  311  283  253  220  187  156  132  117  108
  101   93   85   79   75   73   71   68   66
    30.0-180.0 180.0   5.0 450.0                            LAT/LON1/LON2/DLON/H
   71   64   63   67   73   79   82   84   87   93  101  109  115  117  117  116
  117  118  119  118  116  109   98   88   85   96  122  155  187  210  224  235
  248  268  295  327  358  384  402  412  417  421  425  431  436  442  445  448
  449  449  450  449  446  437  423  404  382  355  322  284  246  212  188  170
  156  143  129  117  108  101   92   81   71
    27.5-180.0 180.0   5.0 450.0                            LAT/LON1/LON2/DLON/H
   89   74   65   63   65   68   70   71   73   79   89   99  108  112  114  115
  115  114  113  112  108  101   91   82   83   98  129  166  201  228  246  261
  278  301  330  362  393  419  439  451  460  468  476  483  490  496  501  505
  510  515  521  527  530  529  522  511  495  474  443  403  358  315  282  257
  236  215  194  176  160  145  128  108   89
    25.0-180.0 180.0   5.0 450.0                            LAT/LON1/LON2/DLON/H
  122  100   84   74   70   68   66   65   65   68   77   88   98  106  110  112
  113  112  110  107  103   96   87   79   82  101  135  176  215  246  270  292
  315  341  370  401  430  456  477  493  506  518  529  538  546  552  558  565
  573  583  594  606  614  619  618  613  604  589  562  521  472  424  384  353
  327  300  272  246  223  200  175  148  122
    22.5-180.0 180.0   5.0 450.0                            LAT/LON1/LON2/DLON/H
  165  139  118  102   91   83   76   70   65   64   69   79   89   97  104  108
  111  111  109  106  102   95   86   80   85  106  143  186  227  263  294  323
  353  383  412  440  467  492  514  533  550  566  580  591  598  603  610  618
  629  643  658  673  684  691  693  693  689  680  657  619  569  519  476  442
  413  382  349  317  288  258  228  196  165
    20.0-180.0 180.0   5.0 450.0                            LAT/LON1/LON2/DLON/H
  212  186  163  143  126  111   99   87   76   69   68   73   81   89   96  103
  108  111  110  108  104   97   89   84   91  114  151  194  237  277  316  353
  389  421  449  475  500  524  548  570  590  609  625  635  641  645  650  659
  672  687  704  719  730  736  738  738  737  731  713  678  630  581  539  506
  477  445  410  375  342  309  276  242  212
    17.5-180.0 180.0   5.0 450.0                            LAT/LON1/LON2/DLON/H
  253  230  210  189  168  148  130  113   96   82   74   73   76   81   88   97
  104  110  112  111  107  101   93   90   98  122  160  203  246  290  334  378
  419  453  479  502  525  550  575  599  622  643  659  669  672  673  677  685
  698  713  728  740  748  750  748  744  742  738  723  692  648  602  564  535
  508  478  444  410  376  343  310  279  253
    15.0-180.0 180.0   5.0 450.0                            LAT/LON1/LON2/DLON/H
  279  264  249  230  208  185  165  144  122  101   86   78   75   76   81   89
   98  106  111  112  110  104   97   95  106  131  169  211  255  299  347  396
  440  474  499  521  543  569  595  621  645  666  681  689  691  689  691  697
  708  720  732  739  742  738  730  721  715  709  695  667  627  585  551  526
  503  477  446  415  385  356  326  300  279
    12.5-180.0 180.0   5.0 450.0                            LAT/LON1/LON2/DLON/H
  288  281  272  257  237  215  194  172  147  122  101   87   78   74   75   82
   91  101  108  110  109  104   98   99  112  140  178  220  263  307  356  406
  451  485  510  531  554  581  609  635  658  678  692  699  699  695  695  699
  708  716  722  725  722  712  697  682  670  661  646  619  582  543  512  490
  470  447  421  395  371  346  322  301  288
    10.0-180.0 180.0   5.0 450.0                            LAT/LON1/LON2/DLON/H
  279  278  277  267  251  232  213  193  168  142  117   99   85   77   73   77
   85   95  102  105  104  100   96  100  118  149  189  231  272  315  362  411
  455  488  512  534  559  588  616  641  663  681  694  700  700  696  695  697
  703  708  710  708  701  688  668  647  630  615  598  570  532  494  463  441
  422  401  378  358  340  322  303  287  279
     7.5-180.0 180.0   5.0 450.0                            LAT/LON1/LON2/DLON/H
  259  262  265  261  249  235  220  203  182  156  132  112   96   84   76   75
   81   89   96   98   97   94   93  102  124  159  202  243  283  322  366  411
  452  484  509  533  560  589  617  640  660  677  690  697  698  696  695  697
  701  703  702  698  690  676  656  632  610  590  568  537  497  457  423  398
  376  354  334  318  305  292  277  264  259
     5.0-180.0 180.0   5.0 450.0                            LAT/LON1/LON2/DLON/H
  236  240  245  244  237  227  217  205  188  166  144  126  110   95   84   79
   81   86   91   92   91   89   91  104  132  172  217  258  295  330  368  409
  447  478  504  531  559  588  613  634  652  668  682  693  697  698  699  702
  705  707  705  702  696  686  667  644  619  595  569  533  489  444  405  374
  347  322  301  287  278  268  254  241  236
     2.5-180.0 180.0   5.0 450.0                            LAT/LON1/LON2/DLON/H
  221  223  227  227  222  215  209  202  189  172  154  139  125  110   97   89
   87   88   90   89   87   87   93  111  143  187  233  273  307  338  370  405
  440  471  499  527  556  583  606  624  641  657  674  689  698  704  707  712
  716  719  719  719  718  713  700  679  655  628  598  558  509  458  413  375
  341  312  289  275  267  258  244  229  221
