static/ion/2023-12-24.23i
     1.0            IONOSPHERE MAPS     GNSS                IONEX VERSION / TYPE
IONINX V5.5         AIUB                23-DEC-23 07:44     PGM / RUN BY / DATE 
CODE'S 2-DAY PREDICTED IONOSPHERE MAPS FOR DAY 358, 2023    COMMENT             
Global ionosphere maps (GIM) are generated on a daily basis DESCRIPTION         
at CODE using data from about 120 GNSS sites of the IGS and DESCRIPTION         
other institutions. The vertical total electron content     DESCRIPTION         
(VTEC) is modeled in a solar-geomagnetic reference frame    DESCRIPTION         
using a spherical harmonics expansion up to degree and      DESCRIPTION         
order 15. Piece-wise linear functions are used for          DESCRIPTION         
representation in the time domain. The time spacing of      DESCRIPTION         
their vertices is 1 hour, conforming with the epochs of the DESCRIPTION         
VTEC maps.                                                  DESCRIPTION         
To convert line-of-sight TEC into vertical TEC, a modified  DESCRIPTION         
single-layer model mapping function approximating the JPL   DESCRIPTION         
extended slab model mapping function is adopted. The        DESCRIPTION         
mapping function is evaluated at geodetic satellite         DESCRIPTION         
elevation angles. For the computation of the ionospheric    DESCRIPTION         
pierce points, a spherical layer with a radius of 6821 km   DESCRIPTION         
is assumed, implying geocentric, not geodetic IONEX         DESCRIPTION         
latitudes.                                                  DESCRIPTION         
Instrumental biases with respect to each involved GNSS code DESCRIPTION         
observable are estimated as constant values for each        DESCRIPTION         
day. They are modeled with one set of bias parameters for   DESCRIPTION         
each satellite and each station in case of GPS and for each DESCRIPTION         
satellite-station link in case of GLONASS. The code bias    DESCRIPTION         
datum is defined by zero-mean conditions imposed on the     DESCRIPTION         
satellite bias estimates. In this file, just GPS C1W-C2W    DESCRIPTION         
satellite and station bias values are included. The         DESCRIPTION         
complete set of GNSS code bias results is provided in an    DESCRIPTION         
additional Bias-SINEX file as pseudo-absolute values        DESCRIPTION         
specific to each observable.                                DESCRIPTION         
Contact address: code(at)aiub.unibe.ch                      DESCRIPTION         
Data archive:    ftp.aiub.unibe.ch/CODE/                    DESCRIPTION         
                 www.aiub.unibe.ch/download/CODE/           DESCRIPTION         
  2023    12    24     0     0     0                        EPOCH OF FIRST MAP  
  2023    12    25     0     0     0                        EPOCH OF LAST MAP   
  3600                                                      INTERVAL            
    25                                                      # OF MAPS IN FILE   
  NONE                                                      MAPPING FUNCTION    
    10.0                                                    ELEVATION CUTOFF    
One-way carrier phase leveled to code                       OBSERVABLES USED    
  6371.0                                                    BASE RADIUS         
     2                                                      MAP DIMENSION       
   450.0 450.0   0.0                                        HGT1 / HGT2 / DHGT  
    87.5 -87.5  -2.5                                        LAT1 / LAT2 / DLAT  
  -180.0 180.0   5.0                                        LON1 / LON2 / DLON  
    -1                                                      EXPONENT            
TEC/RMS values in 0.1 TECU; 9999, if no value available     COMMENT             
                                                            END OF HEADER       
[from data line 9867]
    24                                                      START OF TEC MAP    
  2023    12    24    23     0     0                        EPOCH OF CURRENT MAP
    87.5-180.0 180.0   5.0 450.0                            LAT/LON1/LON2/DLON/H
  166  167  168  169  170  170  171  171  171  171  171  171  170  169  168  167
  166  165  163  162  160  158  157  155  153  152  150  149  147  146  144  143
  142  141  140  140  139  139  139  138  138  138  139  139  139  140  141  141
  142  143  144  144  145  146  147  148  149  150  151  152  153  154  155  156
  157  158  160  161  162  163  164  165  166
    85.0-180.0 180.0   5.0 450.0                            LAT/LON1/LON2/DLON/H
  165  167  170  172  175  177  178  180  181  181  181  180  179  178  176  173
  170  167  164  161  157  153  150  146  143  140  137  134  132  129  127  125
  124  122  121  120  119  119  119  119  119  120  121  122  123  124  125  127
  128  130  131  133  134  135  136  137  138  139  140  141  142  144  145  146
  148  149  151  153  155  157  160  162  165
    82.5-180.0 180.0   5.0 450.0                            LAT/LON1/LON2/DLON/H
  154  159  163  168  172  176  180  183  185  186  186  185  184  181  177  173
  168  163  157  152  147  142  137  132  128  125  121  118  116  113  111  109
  108  106  105  104  104  103  103  104  104  105  107  108  110  112  115  117
  119  121  122  124  125  126  126  127  127  127  127  127  127  128  128  129
  130  132  134  137  139  143  146  150  154
    80.0-180.0 180.0   5.0 450.0                            LAT/LON1/LON2/DLON/H
  140  146  153  159  166  172  177  182  186  188  188  187  184  179  174  167
  159  151  144  137  130  124  119  115  112  109  107  106  104  103  102  101
  100   99   98   97   97   96   96   96   97   98   99  101  104  106  109  112
  114  116  118  119  119  119  118  117  115  113  112  110  109  109  109  110
  111  113  115  118  121  125  130  135  140
    77.5-180.0 180.0   5.0 450.0                            LAT/LON1/LON2/DLON/H
  131  138  145  153  161  169  177  183  188  191  191  188  183  176  167  156
  145  135  125  117  110  105  101   99   98   98   98   99   99  100  101  101
  101  101  100   99   98   97   97   96   96   97   99  101  103  106  109  112
  114  116  117  117  115  113  110  107  103   99   96   93   92   91   91   92
   95   97  101  105  109  114  119  125  131
    75.0-180.0 180.0   5.0 450.0                            LAT/LON1/LON2/DLON/H
  133  140  147  155  163  172  181  189  194  197  197  192  184  173  160  145
  130  117  105   96   90   87   86   86   88   91   95   98  101  103  105  107
  107  107  107  106  105  103  102  101  100  100  101  103  105  108  111  114
  116  118  117  116  112  108  102   96   90   85   80   77   76   76   78   81
   86   91   97  103  109  115  121  127  133
    72.5-180.0 180.0   5.0 450.0                            LAT/LON1/LON2/DLON/H
  150  155  161  167  175  184  193  201  207  210  208  202  191  175  157  137
  119  102   89   80   76   75   76   80   85   90   96  100  105  108  111  112
  113  114  113  112  110  108  106  104  103  103  103  105  107  110  113  116
  118  118  117  113  108  101   93   85   77   70   65   63   63   66   71   78
   87   96  106  115  124  132  138  144  150
    70.0-180.0 180.0   5.0 450.0                            LAT/LON1/LON2/DLON/H
  179  182  185  190  195  202  210  218  225  228  226  218  203  184  161  137
  115   96   82   73   70   71   75   81   87   93   99  103  107  110  112  113
  114  114  113  111  109  107  105  103  102  101  102  103  105  108  111  114
  115  115  113  108  101   92   83   73   64   57   53   52   54   61   70   82
   95  110  124  138  150  161  169  175  179
    67.5-180.0 180.0   5.0 450.0                            LAT/LON1/LON2/DLON/H
  215  216  217  218  220  225  231  239  245  249  247  238  222  200  174  147
  121  101   86   78   75   77   81   87   92   97  100  103  104  106  106  106
  106  105  103  102  100   97   96   94   94   94   95   96   99  101  104  106
  107  107  104   98   91   81   71   61   52   46   43   45   51   61   74   91
  109  128  147  165  181  194  205  211  215
    65.0-180.0 180.0   5.0 450.0                            LAT/LON1/LON2/DLON/H
  250  250  249  246  245  246  251  257  264  268  267  260  244  221  194  165
  139  117  102   93   90   91   93   95   97   98   98   97   97   96   95   94
   92   90   88   85   83   82   81   80   81   82   83   85   87   90   92   94
   94   93   90   85   78   69   60   51   43   39   39   43   52   65   82  101
  123  145  168  189  209  225  238  246  250
    62.5-180.0 180.0   5.0 450.0                            LAT/LON1/LON2/DLON/H
  278  278  276  271  267  265  267  272  278  284  285  279  266  245  219  192
  165  144  127  117  111  108  106  103  100   96   92   89   86   84   82   80
   77   74   71   68   66   64   64   65   67   69   71   73   74   76   77   78
   78   77   74   70   65   58   51   44   39   37   39   46   57   72   90  111
  134  158  182  205  227  246  261  272  278
    60.0-180.0 180.0   5.0 450.0                            LAT/LON1/LON2/DLON/H
  294  298  296  291  285  281  280  282  288  293  296  294  284  268  246  221
  197  175  158  145  135  126  118  109  100   91   85   80   78   76   75   73
   70   65   61   57   54   52   53   54   56   59   61   63   64   64   64   63
   62   61   60   57   54   50   46   43   40   41   45   53   65   81   99  120
  142  165  188  212  234  254  272  286  294
    57.5-180.0 180.0   5.0 450.0                            LAT/LON1/LON2/DLON/H
  302  310  311  308  302  296  292  292  295  299  303  303  297  286  269  249
  228  207  188  171  155  140  125  111   97   86   79   76   76   77   77   76
   73   68   62   57   53   51   51   52   54   56   58   58   58   56   55   53
   51   50   50   49   49   48   48   47   47   49   54   63   75   90  108  127
  147  168  189  210  232  253  273  289  302
    55.0-180.0 180.0   5.0 450.0                            LAT/LON1/LON2/DLON/H
  306  319  326  326  322  316  309  305  304  305  307  308  305  299  288  273
  254  234  212  191  170  150  130  111   95   84   79   79   83   87   90   90
   87   82   75   69   64   60   59   60   61   62   62   61   59   56   53   50
   48   47   47   49   51   54   56   57   59   61   66   74   85   99  116  133
  151  170  188  208  227  248  269  288  306
    52.5-180.0 180.0   5.0 450.0                            LAT/LON1/LON2/DLON/H
  311  330  343  350  349  343  334  326  319  315  312  311  310  308  301  290
  274  253  229  204  180  156  133  113   97   88   86   90   97  105  109  110
  107  102   95   88   83   78   76   75   75   74   73   70   67   63   59   55
   53   52   54   57   61   66   70   72   74   75   78   84   95  108  124  141
  158  175  192  209  227  247  267  289  311
    50.0-180.0 180.0   5.0 450.0                            LAT/LON1/LON2/DLON/H
  323  347  367  379  382  377  368  356  343  332  323  318  315  314  310  302
  287  265  239  211  185  160  138  119  106   99  100  106  115  123  127  127
  124  119  113  108  103   98   95   93   91   89   87   83   79   75   71   68
   66   66   68   72   77   83   88   90   90   88   89   94  103  117  133  150
  168  185  203  219  236  254  275  298  323
    47.5-180.0 180.0   5.0 450.0                            LAT/LON1/LON2/DLON/H
  343  371  395  411  418  416  406  391  374  356  340  329  323  320  317  310
  294  271  243  215  189  167  148  132  121  115  116  121  128  133  135  133
  130  126  122  119  117  114  111  108  106  103  101   98   94   91   88   86
   85   85   87   91   97  103  107  108  105  100   98  101  110  125  143  162
  182  202  220  238  255  273  293  316  343
    45.0-180.0 180.0   5.0 450.0                            LAT/LON1/LON2/DLON/H
  368  397  422  441  450  450  441  426  407  384  363  345  335  330  326  317
  300  275  246  219  196  179  164  151  140  133  130  131  132  132  128  123
  120  118  118  119  120  120  119  117  115  114  112  110  108  107  105  105
  105  105  107  111  116  121  124  123  117  110  106  108  118  134  154  176
  199  221  243  263  281  299  318  341  368
    42.5-180.0 180.0   5.0 450.0                            LAT/LON1/LON2/DLON/H
  393  420  444  462  470  471  464  451  432  409  385  364  350  342  336  326
  307  280  252  227  209  197  185  173  159  147  138  132  126  118  109  102
   98   99  104  110  115  118  119  119  120  120  121  121  121  121  121  121
  122  122  124  126  130  135  137  134  127  118  113  115  127  145  168  192
  216  240  265  288  308  327  346  368  393
    40.0-180.0 180.0   5.0 450.0                            LAT/LON1/LON2/DLON/H
  413  436  455  468  474  473  468  459  445  425  402  381  366  357  350  338
  317  290  263  241  228  218  207  192  173  154  138  125  113  101   88   79
   77   81   89   99  107  112  115  118  121  124  128  130  132  132  133  133
  133  133  134  135  138  141  143  140  132  124  120  125  139  160  184  209
  232  257  283  308  331  351  370  391  413
    37.5-180.0 180.0   5.0 450.0                            LAT/LON1/LON2/DLON/H
  426  443  456  462  461  458  454  449  441  428  411  393  380  372  364  352
  331  305  279  260  249  239  225  204  178  153  133  118  105   92   79   71
   71   77   87   97  106  111  115  119  123  129  135  140  142  142  140  139
  138  137  136  136  137  140  142  140  135  129  128  137  155  180  204  227
  248  271  296  321  346  368  387  407  426
    35.0-180.0 180.0   5.0 450.0                            LAT/LON1/LON2/DLON/H
  433  446  452  450  442  434  429  428  426  420  410  398  389  383  377  365
  346  322  299  281  269  256  236  207  175  148  130  120  112  105   97   93
   94  100  109  116  121  123  124  127  132  138  145  150  151  149  145  141
  137  134  131  130  130  133  136  136  134  132  137  152  176  203  228  248
  265  283  305  329  354  377  398  417  433
    32.5-180.0 180.0   5.0 450.0                            LAT/LON1/LON2/DLON/H
  441  451  452  444  430  417  409  408  409  409  405  399  393  390  385  375
  359  338  318  301  285  265  237  202  168  146  137  140  146  149  150  150
  153  157  160  160  156  151  147  145  147  153  158  162  161  155  147  140
  133  128  123  120  120  122  126  129  131  136  147  170  199  230  255  272
  284  297  315  336  360  384  406  425  441
    30.0-180.0 180.0   5.0 450.0                            LAT/LON1/LON2/DLON/H
  456  467  468  458  441  423  411  406  406  406  403  399  396  393  388  380
  367  351  333  315  294  267  231  194  165  155  164  185  209  226  236  241
  243  242  236  224  209  193  180  172  170  171  174  174  170  161  149  138
  128  121  115  111  109  111  116  121  128  138  158  188  224  258  284  299
  308  317  330  349  371  395  417  438  456
    27.5-180.0 180.0   5.0 450.0                            LAT/LON1/LON2/DLON/H
  485  501  508  502  487  467  450  438  430  424  417  410  403  396  390  382
  371  359  343  324  298  264  225  191  174  182  213  256  296  325  341  348
  347  339  321  297  269  242  219  203  194  190  188  185  177  165  151  137
  126  117  110  105  101  102  107  114  125  141  168  205  248  287  315  330
  338  344  355  371  392  415  439  463  485
    25.0-180.0 180.0   5.0 450.0                            LAT/LON1/LON2/DLON/H
  530  555  573  578  570  552  531  510  490  471  454  437  421  407  394  383
  373  363  350  329  300  264  227  203  203  232  284  343  393  427  445  449
  442  425  396  360  321  285  254  231  216  206  199  192  182  168  152  138
  126  117  110  104   99   98  102  110  123  144  177  221  269  313  344  362
  372  380  391  406  426  449  474  502  530
    22.5-180.0 180.0   5.0 450.0                            LAT/LON1/LON2/DLON/H
  588  625  657  677  681  670  647  617  584  550  517  486  457  430  407  389
  378  369  356  336  307  272  244  235  254  302  367  432  482  510  521  518
  504  479  442  399  354  312  278  250  230  215  204  194  182  168  154  140
  130  122  114  108  102   99  102  110  124  148  185  234  287  335  371  394
  408  420  434  450  470  493  520  552  588
    20.0-180.0 180.0   5.0 450.0                            LAT/LON1/LON2/DLON/H
  650  699  746  783  802  801  780  745  701  652  603  556  512  470  434  407
  391  380  369  349  323  297  282  289  324  383  449  506  541  554  551  538
  518  488  448  403  359  318  284  257  235  217  203  191  179  167  155  144
  136  128  122  115  109  105  106  114  129  155  194  246  302  353  393  421
  443  461  479  498  519  543  572  607  650
    17.5-180.0 180.0   5.0 450.0                            LAT/LON1/LON2/DLON/H
  708  764  824  875  908  917  903  869  819  762  701  641  583  526  477  440
  416  403  391  375  355  339  339  361  405  462  515  550  558  548  528  506
  482  452  416  376  338  305  276  253  232  215  200  186  175  165  157  149
  142  136  130  124  118  114  115  122  137  164  205  257  313  366  410  444
  472  496  519  542  564  590  621  660  708
    15.0-180.0 180.0   5.0 450.0                            LAT/LON1/LON2/DLON/H
  750  810  875  934  976  996  990  962  916  858  794  728  661  595  535  488
  457  439  427  413  402  398  410  440  483  525  553  554  531  495  460  433
  411  387  359  330  303  280  261  244  228  212  197  183  172  165  160  154
  148  143  138  133  128  125  126  134  150  177  216  267  323  376  421  459
  492  523  550  575  601  628  660  700  750
    12.5-180.0 180.0   5.0 450.0                            LAT/LON1/LON2/DLON/H
  772  829  891  949  994 1019 1023 1007  972  923  865  802  735  666  601  548
  511  489  475  465  461  467  487  516  545  562  555  521  468  413  371  345
  330  316  300  283  269  258  248  239  228  215  200  185  174  168  165  161
  155  149  144  140  137  136  139  148  165  192  230  279  332  383  428  468
  505  539  569  596  623  652  685  724  772
    10.0-180.0 180.0   5.0 450.0                            LAT/LON1/LON2/DLON/H
  775  823  874  922  960  986  998  995  978  946  904  853  794  730  667  612
  572  547  531  524  525  538  557  576  582  567  525  461  389  328  289  273
  269  267  262  257  253  251  249  245  238  227  211  196  184  178  175  170
  163  155  150  147  146  147  152  162  181  208  244  290  340  388  431  472
  510  544  575  603  631  662  695  733  775
     7.5-180.0 180.0   5.0 450.0                            LAT/LON1/LON2/DLON/H
  765  800  835  866  891  910  926  937  938  928  906  872  829  777  722  672
  633  606  589  583  588  600  612  611  589  542  473  393  318  265  241  242
  252  261  264  265  267  268  268  265  260  249  232  215  202  195  191  185
  174  164  158  155  155  157  164  176  196  223  258  301  347  391  433  472
  509  543  573  601  629  660  694  729  765
     5.0-180.0 180.0   5.0 450.0                            LAT/LON1/LON2/DLON/H
  750  773  791  802  810  818  833  853  871  880  878  863  838  802  761  720
  685  659  642  637  641  648  646  622  572  499  416  336  276  245  245  265
  288  303  309  310  310  309  305  300  291  279  261  242  227  219  213  205
  191  178  170  167  167  168  175  188  209  236  270  310  353  394  434  471
  507  539  567  594  622  654  688  721  750
     2.5-180.0 180.0   5.0 450.0                            LAT/LON1/LON2/DLON/H
  740  754  758  753  744  740  750  772  799  822  834  835  825  806  780  751
  723  700  684  678  679  678  659  613  539  453  370  308  275  276  303  340
  370  385  386  382  374  365  354  341  328  312  292  272  256  248  241  230
  214  198  188  183  180  179  184  197  218  245  279  317  357  396  434  469
  503  534  561  586  614  647  682  715  740
