static/ion/2023-12-05.23i
     1.0            IONOSPHERE MAPS     GNSS                IONEX VERSION / TYPE
IONINX V5.5         AIUB                04-DEC-23 07:45     PGM / RUN BY / DATE 
CODE'S 2-DAY PREDICTED IONOSPHERE MAPS FOR DAY 339, 2023    COMMENT             
Global ionosphere maps (GIM) are generated on a daily basis DESCRIPTION         
at CODE using data from about 120 GNSS sites of the IGS and DESCRIPTION         
other institutions. The vertical total electron content     DESCRIPTION         
(VTEC) is modeled in a solar-geomagnetic reference frame    DESCRIPTION         
using a spherical harmonics expansion up to degree and      DESCRIPTION         
order 15. Piece-wise linear functions are used for          DESCRIPTION         
representation in the time domain. The time spacing of      DESCRIPTION         
their vertices is 1 hour, conforming with the epochs of the DESCRIPTION         
VTEC maps.                                                  DESCRIPTION         
To convert line-of-sight TEC into vertical TEC, a modified  DESCRIPTION         
single-layer model mapping function approximating the JPL   DESCRIPTION         
extended slab model mapping function is adopted. The        DESCRIPTION         
mapping function is evaluated at geodetic satellite         DESCRIPTION         
elevation angles. For the computation of the ionospheric    DESCRIPTION         
pierce points, a spherical layer with a radius of 6821 km   DESCRIPTION         
is assumed, implying geocentric, not geodetic IONEX         DESCRIPTION         
latitudes.                                                  DESCRIPTION         
Instrumental biases with respect to each involved GNSS code DESCRIPTION         
observable are estimated as constant values for each        DESCRIPTION         
day. They are modeled with one set of bias parameters for   DESCRIPTION         
each satellite and each station in case of GPS and for each DESCRIPTION         
satellite-station link in case of GLONASS. The code bias    DESCRIPTION         
datum is defined by zero-mean conditions imposed on the     DESCRIPTION         
satellite bias estimates. In this file, just GPS C1W-C2W    DESCRIPTION         
satellite and station bias values are included. The         DESCRIPTION         
complete set of GNSS code bias results is provided in an    DESCRIPTION         
additional Bias-SINEX file as pseudo-absolute values        DESCRIPTION         
specific to each observable.                                DESCRIPTION         
Contact address: code(at)aiub.unibe.ch                      DESCRIPTION         
Data archive:    ftp.aiub.unibe.ch/CODE/                    DESCRIPTION         
                 www.aiub.unibe.ch/download/CODE/           DESCRIPTION         
  2023    12     5     0     0     0                        EPOCH OF FIRST MAP  
  2023    12     6     0     0     0                        EPOCH OF LAST MAP   
  3600                                                      INTERVAL            
    25                                                      # OF MAPS IN FILE   
  NONE                                                      MAPPING FUNCTION    
    10.0                                                    ELEVATION CUTOFF    
One-way carrier phase leveled to code                       OBSERVABLES USED    
  6371.0                                                    BASE RADIUS         
     2                                                      MAP DIMENSION       
   450.0 450.0   0.0                                        HGT1 / HGT2 / DHGT  
    87.5 -87.5  -2.5                                        LAT1 / LAT2 / DLAT  
  -180.0 180.0   5.0                                        LON1 / LON2 / DLON  
    -1                                                      EXPONENT            
TEC/RMS values in 0.1 TECU; 9999, if no value available     COMMENT             
                                                            END OF HEADER       
[from data line 9867]
    24                                                      START OF TEC MAP    
  2023    12     5    23     0     0                        EPOCH OF CURRENT MAP
    87.5-180.0 180.0   5.0 450.0                            LAT/LON1/LON2/DLON/H
   78   79   80   81   81   82   82   83   83   83   83   83   83   83   82   81
   81   80   79   77   76   75   73   72   71   69   68   66   65   63   62   61
   60   59   58   57   57   56   56   56   56   56   56   57   57   58   58   59
   60   60   61   62   63   64   64   65   66   67   68   68   69   70   71   71
   72   73   74   74   75   76   77   78   78
    85.0-180.0 180.0   5.0 450.0                            LAT/LON1/LON2/DLON/H
   85   87   88   90   92   94   96   97   99  100  100  101  100  100   99   98
   96   94   92   90   87   84   81   78   75   72   69   66   63   60   58   55
   53   52   50   49   48   48   47   47   48   48   49   50   52   53   55   56
   58   60   61   63   65   66   67   68   69   70   71   72   72   73   74   74
   75   76   76   77   79   80   81   83   85
    82.5-180.0 180.0   5.0 450.0                            LAT/LON1/LON2/DLON/H
   88   91   94   98  101  105  108  111  114  116  117  118  118  117  115  113
  111  108  104  101   97   93   89   85   81   77   73   69   65   62   58   55
   52   50   48   47   46   46   46   46   47   49   50   52   54   57   59   61
   64   66   68   71   72   74   75   76   77   77   77   77   77   77   76   76
   76   77   77   78   79   81   83   85   88
    80.0-180.0 180.0   5.0 450.0                            LAT/LON1/LON2/DLON/H
   91   95  100  105  110  116  121  125  129  132  133  133  132  130  127  124
  120  115  111  107  103   99   95   91   87   83   79   75   72   68   64   61
   58   56   55   53   53   53   53   54   55   57   59   61   64   66   69   71
   74   77   79   81   83   84   84   84   84   83   82   81   80   79   78   78
   77   77   78   79   80   82   84   87   91
    77.5-180.0 180.0   5.0 450.0                            LAT/LON1/LON2/DLON/H
  100  105  111  117  124  130  137  142  147  149  150  148  145  140  134  127
  121  115  110  105  102   99   97   95   92   90   87   84   81   78   75   72
   70   68   67   66   66   67   68   69   70   71   73   74   76   78   81   83
   85   87   89   90   91   91   91   90   88   86   84   82   81   79   79   79
   79   80   82   84   86   89   92   96  100
    75.0-180.0 180.0   5.0 450.0                            LAT/LON1/LON2/DLON/H
  118  124  130  136  144  151  158  164  169  170  169  164  157  147  136  125
  115  107  101   97   95   94   95   95   96   96   95   93   91   89   86   84
   83   81   81   81   82   83   84   85   86   86   87   87   88   89   90   91
   92   94   95   95   95   94   92   89   86   83   80   78   76   76   77   79
   82   86   91   95  100  105  109  114  118
    72.5-180.0 180.0   5.0 450.0                            LAT/LON1/LON2/DLON/H
  148  153  158  164  171  179  186  192  196  196  192  183  170  154  137  121
  106   95   87   84   84   86   90   93   96   98   99   99   97   96   94   92
   91   91   91   92   93   95   96   97   97   97   96   95   94   93   92   92
   93   93   93   93   92   90   86   82   77   72   69   66   66   68   73   79
   87   96  105  115  123  131  137  143  148
    70.0-180.0 180.0   5.0 450.0                            LAT/LON1/LON2/DLON/H
  186  190  194  198  203  210  217  224  227  226  219  206  188  165  141  118
   99   84   75   72   74   78   84   90   94   97   99   98   97   96   94   93
   93   93   93   94   96   97   99  100   99   98   96   94   91   89   87   85
   85   85   85   84   82   79   74   68   62   56   52   50   52   57   66   78
   92  108  124  139  152  164  174  181  186
    67.5-180.0 180.0   5.0 450.0                            LAT/LON1/LON2/DLON/H
  227  229  231  233  236  241  248  254  258  257  249  233  210  182  152  123
   98   80   70   66   68   73   79   85   89   92   92   91   90   88   87   86
   86   86   86   87   89   90   91   92   92   90   88   84   80   76   73   71
   70   70   70   70   68   64   58   51   43   36   32   31   36   45   59   77
   97  120  142  164  183  199  212  221  227
    65.0-180.0 180.0   5.0 450.0                            LAT/LON1/LON2/DLON/H
  264  265  265  263  264  267  273  280  285  285  278  261  236  204  170  137
  109   88   75   70   70   73   77   81   82   82   81   79   77   76   75   74
   74   73   73   73   74   75   76   77   77   75   72   68   63   59   55   52
   52   52   53   53   51   47   41   33   25   17   13   14   20   33   51   75
  101  129  157  184  209  230  246  257  264
    62.5-180.0 180.0   5.0 450.0                            LAT/LON1/LON2/DLON/H
  291  293  290  286  283  284  289  296  303  306  301  286  261  230  194  160
  130  107   91   83   80   79   78   77   74   70   67   64   63   63   63   63
   62   61   59   58   57   57   58   59   59   58   56   51   46   41   37   34
   33   34   36   37   36   33   27   19   10    2    0    0    9   25   47   74
  104  135  167  197  225  250  270  284  291
    60.0-180.0 180.0   5.0 450.0                            LAT/LON1/LON2/DLON/H
  308  310  307  301  295  293  297  304  313  318  316  304  283  255  222  189
  159  134  116  103   95   88   81   74   66   60   55   53   53   55   57   58
   57   54   51   48   45   44   45   45   46   45   43   39   33   28   23   20
   19   20   23   25   25   23   18   11    2    0    0    0    5   22   47   75
  107  139  171  202  231  258  281  298  308
    57.5-180.0 180.0   5.0 450.0                            LAT/LON1/LON2/DLON/H
  315  320  318  311  303  299  301  307  315  322  322  315  299  275  247  218
  190  164  143  126  111   98   85   73   62   54   49   49   52   57   61   62
   61   57   52   47   43   41   40   41   42   41   39   35   29   22   17   13
   12   13   16   18   20   19   16    9    2    0    0    0    8   27   52   81
  112  142  172  201  229  256  281  302  315
    55.0-180.0 180.0   5.0 450.0                            LAT/LON1/LON2/DLON/H
  317  326  327  321  314  308  306  310  316  322  323  318  306  289  268  243
  217  191  167  145  125  107   91   76   63   55   52   55   61   68   74   76
   74   69   62   55   50   47   47   47   48   47   45   40   33   26   20   15
   13   14   16   19   21   21   19   14    8    3    1    6   19   38   64   92
  120  147  173  198  224  250  276  300  317
    52.5-180.0 180.0   5.0 450.0                            LAT/LON1/LON2/DLON/H
  320  334  340  338  331  325  321  320  322  323  322  317  308  296  280  260
  237  210  184  158  135  115   98   83   71   65   65   70   78   86   92   93
   89   83   76   70   65   62   61   62   62   61   58   52   45   37   30   25
   22   22   23   25   27   29   28   25   20   16   16   21   35   55   80  107
  133  157  178  200  222  246  273  298  320
    50.0-180.0 180.0   5.0 450.0                            LAT/LON1/LON2/DLON/H
  328  347  358  361  358  352  346  342  337  331  324  316  308  298  287  270
  248  220  192  165  141  122  107   94   86   82   83   89   97  104  107  106
  101   94   88   83   80   79   79   80   80   79   75   68   60   51   44   39
   36   35   36   37   38   40   40   38   35   32   33   39   53   74   99  125
  150  171  190  208  227  250  275  303  328
    47.5-180.0 180.0   5.0 450.0                            LAT/LON1/LON2/DLON/H
  341  365  382  390  391  387  381  373  362  348  333  320  309  300  290  274
  252  224  194  167  146  131  120  111  104  101  102  106  111  114  114  109
  102   95   92   90   91   93   95   96   97   95   90   83   75   66   60   56
   53   52   51   51   52   53   53   52   50   48   50   57   72   93  119  145
  169  189  207  224  242  262  287  314  341
    45.0-180.0 180.0   5.0 450.0                            LAT/LON1/LON2/DLON/H
  359  385  405  418  424  424  418  408  392  372  350  331  316  306  294  278
  254  225  196  171  155  144  137  130  124  118  115  115  115  113  108   99
   91   86   86   90   95  101  105  107  108  106  102   94   86   78   73   71
   70   69   68   67   66   66   66   65   63   62   65   73   89  111  137  163
  188  209  228  246  264  283  306  331  359
    42.5-180.0 180.0   5.0 450.0                            LAT/LON1/LON2/DLON/H
  376  401  423  439  448  451  448  439  422  398  372  348  330  317  303  285
  259  230  202  182  169  162  156  149  139  128  120  114  108  102   93   82
   74   72   76   85   95  103  109  112  113  112  108  101   93   87   84   84
   85   85   83   81   79   77   77   75   73   73   76   86  104  127  153  180
  205  228  249  269  288  307  328  350  376
    40.0-180.0 180.0   5.0 450.0                            LAT/LON1/LON2/DLON/H
  388  410  430  446  457  463  463  457  442  419  392  368  349  334  318  297
  270  242  218  201  192  185  177  164  147  130  115  105   97   88   78   68
   61   62   70   82   95  105  112  115  116  115  111  105   98   93   92   94
   96   97   95   91   88   86   84   81   79   79   84   97  116  141  168  194
  219  243  267  290  312  331  348  367  388
    37.5-180.0 180.0   5.0 450.0                            LAT/LON1/LON2/DLON/H
  395  411  427  440  450  456  459  457  447  429  407  385  368  353  336  314
  288  262  242  229  220  209  194  172  147  124  107   96   90   85   78   70
   66   69   79   93  106  114  119  121  121  120  116  110  103   99   99  102
  105  105  102   97   93   90   87   83   81   83   90  106  128  155  182  207
  231  256  281  306  330  349  365  379  395
    35.0-180.0 180.0   5.0 450.0                            LAT/LON1/LON2/DLON/H
  398  409  419  427  432  437  441  443  440  429  413  398  385  372  355  334
  310  288  273  261  249  230  205  174  143  118  103   98  100  103  103  101
  100  104  112  123  131  135  135  134  132  130  126  119  112  108  107  110
  111  110  105   99   94   90   86   82   81   84   95  115  141  170  197  221
  243  266  291  318  342  362  377  388  398
    32.5-180.0 180.0   5.0 450.0                            LAT/LON1/LON2/DLON/H
  404  411  416  418  417  417  420  424  426  421  413  404  396  386  372  352
  331  315  303  291  273  245  209  171  139  119  114  122  137  152  162  165
  166  167  170  174  174  170  164  157  153  148  142  134  126  120  118  118
  116  111  104   97   91   86   82   79   79   85  101  126  156  187  214  237
  257  277  301  327  352  373  387  397  404
    30.0-180.0 180.0   5.0 450.0                            LAT/LON1/LON2/DLON/H
  420  426  428  424  418  412  412  415  418  416  412  408  404  397  384  366
  349  338  329  315  289  251  209  171  146  138  149  174  205  232  250  257
  257  253  247  239  228  214  200  189  180  174  166  156  146  138  132  128
  121  112  101   91   85   81   78   76   78   88  109  139  173  206  234  256
  274  292  313  338  363  385  401  412  420
    27.5-180.0 180.0   5.0 450.0                            LAT/LON1/LON2/DLON/H
  451  460  462  457  446  436  431  431  430  426  420  416  412  406  393  376
  363  354  346  328  296  253  211  181  170  181  211  252  296  332  355  362
  357  345  327  306  283  259  238  222  211  202  192  180  168  157  148  139
  126  111   97   85   79   75   73   73   79   94  120  154  192  227  256  277
  295  312  331  355  380  403  423  438  451
    25.0-180.0 180.0   5.0 450.0                            LAT/LON1/LON2/DLON/H
  498  514  521  518  508  495  486  480  472  460  447  437  429  419  404  387
  374  366  356  334  298  255  222  208  218  250  295  348  397  434  455  458
  445  422  392  359  325  293  268  250  238  228  217  204  190  176  164  150
  132  112   93   81   74   71   71   73   83  102  133  172  212  249  279  301
  320  337  356  379  405  431  455  478  498
    22.5-180.0 180.0   5.0 450.0                            LAT/LON1/LON2/DLON/H
  557  583  598  602  596  585  574  563  545  522  496  476  460  444  424  404
  388  377  363  338  302  267  250  258  289  337  390  443  487  516  528  522
  501  468  428  385  343  308  282  265  255  246  235  222  207  192  177  159
  137  113   92   78   72   70   71   76   89  113  149  190  232  270  300  325
  346  366  387  411  437  467  497  528  557
    20.0-180.0 180.0   5.0 450.0                            LAT/LON1/LON2/DLON/H
  621  656  682  694  696  691  683  668  643  607  568  535  509  486  459  433
  412  395  376  349  318  297  300  329  377  430  479  519  546  559  557  540
  511  472  426  378  335  301  279  266  260  254  244  231  216  201  185  165
  140  114   93   79   73   71   74   81   98  126  165  208  251  288  320  347
  372  396  420  446  475  507  543  582  621
    17.5-180.0 180.0   5.0 450.0                            LAT/LON1/LON2/DLON/H
  678  721  755  777  788  793  791  778  748  703  653  610  576  545  512  479
  451  427  403  376  353  348  371  415  467  512  542  558  560  552  534  509
  476  436  391  345  304  276  261  255  254  252  245  233  219  204  187  167
  142  117   96   83   77   76   79   88  108  139  180  224  267  304  336  365
  394  424  452  481  512  547  588  632  678
    15.0-180.0 180.0   5.0 450.0                            LAT/LON1/LON2/DLON/H
  720  766  805  834  854  869  876  869  841  793  739  691  652  618  581  542
  507  476  447  422  409  420  456  505  547  568  567  551  526  498  469  440
  410  376  337  298  265  245  237  239  243  244  239  228  215  201  186  167
  143  120  101   90   85   83   86   96  118  151  193  237  280  316  348  379
  412  446  479  511  544  581  623  670  720
    12.5-180.0 180.0   5.0 450.0                            LAT/LON1/LON2/DLON/H
  740  786  824  855  882  905  923  925  903  860  809  764  728  695  658  616
  576  539  508  485  482  504  545  583  600  586  548  500  453  412  380  355
  335  313  287  258  234  222  221  227  234  236  232  222  209  196  182  165
  145  125  109   99   94   92   94  105  127  160  202  247  289  325  357  389
  424  461  497  532  566  603  645  692  740
    10.0-180.0 180.0   5.0 450.0                            LAT/LON1/LON2/DLON/H
  741  781  815  843  871  899  925  937  925  893  853  818  792  766  733  692
  650  610  578  560  564  589  622  637  617  563  491  420  361  319  294  282
  278  272  260  242  227  220  222  228  233  234  229  218  206  193  180  166
  149  132  119  111  106  102  103  113  135  168  209  253  295  332  364  396
  431  469  507  542  577  613  653  697  741
     7.5-180.0 180.0   5.0 450.0                            LAT/LON1/LON2/DLON/H
  728  760  786  808  832  860  890  909  908  890  866  847  834  819  794  758
  718  679  649  634  641  662  677  659  598  506  410  331  277  247  237  244
  258  269  270  262  252  247  246  247  246  241  233  221  208  195  184  171
  158  144  133  125  119  114  113  122  143  174  214  256  298  336  369  400
  434  470  508  543  577  612  650  690  728
     5.0-180.0 180.0   5.0 450.0                            LAT/LON1/LON2/DLON/H
  708  734  752  767  784  808  835  857  864  859  851  849  852  850  835  806
  770  735  708  697  702  712  701  648  550  432  328  257  223  215  227  253
  283  308  318  316  307  299  291  281  271  258  245  231  217  206  195  185
  173  161  150  142  133  126  125  132  152  181  217  258  300  339  372  402
  433  467  503  537  569  603  639  675  708
     2.5-180.0 180.0   5.0 450.0                            LAT/LON1/LON2/DLON/H
  691  714  728  737  747  764  785  803  814  817  822  834  849  858  852  831
  802  772  749  738  739  733  696  611  487  360  266  220  216  235  267  307
  348  379  393  392  381  366  348  326  303  282  264  248  235  225  215  206
  195  183  171  160  150  140  137  144  162  189  222  261  301  340  373  402
  430  461  493  526  557  590  625  660  691
