static/ion/2023-12-13.23i
     1.0            IONOSPHERE MAPS     GNSS                IONEX VERSION / TYPE
IONINX V5.5         AIUB                12-DEC-23 07:37     PGM / RUN BY / DATE 
CODE'S 2-DAY PREDICTED IONOSPHERE MAPS FOR DAY 347, 2023    COMMENT             
Global ionosphere maps (GIM) are generated on a daily basis DESCRIPTION         
at CODE using data from about 120 GNSS sites of the IGS and DESCRIPTION         
other institutions. The vertical total electron content     DESCRIPTION         
(VTEC) is modeled in a solar-geomagnetic reference frame    DESCRIPTION         
using a spherical harmonics expansion up to degree and      DESCRIPTION         
order 15. Piece-wise linear functions are used for          DESCRIPTION         
representation in the time domain. The time spacing of      DESCRIPTION         
their vertices is 1 hour, conforming with the epochs of the DESCRIPTION         
VTEC maps.                                                  DESCRIPTION         
To convert line-of-sight TEC into vertical TEC, a modified  DESCRIPTION         
single-layer model mapping function approximating the JPL   DESCRIPTION         
extended slab model mapping function is adopted. The        DESCRIPTION         
mapping function is evaluated at geodetic satellite         DESCRIPTION         
elevation angles. For the computation of the ionospheric    DESCRIPTION         
pierce points, a spherical layer with a radius of 6821 km   DESCRIPTION         
is assumed, implying geocentric, not geodetic IONEX         DESCRIPTION         
latitudes.                                                  DESCRIPTION         
Instrumental biases with respect to each involved GNSS code DESCRIPTION         
observable are estimated as constant values for each        DESCRIPTION         
day. They are modeled with one set of bias parameters for   DESCRIPTION         
each satellite and each station in case of GPS and for each DESCRIPTION         
satellite-station link in case of GLONASS. The code bias    DESCRIPTION         
datum is defined by zero-mean conditions imposed on the     DESCRIPTION         
satellite bias estimates. In this file, just GPS C1W-C2W    DESCRIPTION         
satellite and station bias values are included. The         DESCRIPTION         
complete set of GNSS code bias results is provided in an    DESCRIPTION         
additional Bias-SINEX file as pseudo-absolute values        DESCRIPTION         
specific to each observable.                                DESCRIPTION         
Contact address: code(at)aiub.unibe.ch                      DESCRIPTION         
Data archive:    ftp.aiub.unibe.ch/CODE/                    DESCRIPTION         
                 www.aiub.unibe.ch/download/CODE/           DESCRIPTION         
  2023    12    13     0     0     0                        EPOCH OF FIRST MAP  
  2023    12    14     0     0     0                        EPOCH OF LAST MAP   
  3600                                                      INTERVAL            
    25                                                      # OF MAPS IN FILE   
  NONE                                                      MAPPING FUNCTION    
    10.0                                                    ELEVATION CUTOFF    
One-way carrier phase leveled to code                       OBSERVABLES USED    
  6371.0                                                    BASE RADIUS         
     2                                                      MAP DIMENSION       
   450.0 450.0   0.0                                        HGT1 / HGT2 / DHGT  
    87.5 -87.5  -2.5                                        LAT1 / LAT2 / DLAT  
  -180.0 180.0   5.0                                        LON1 / LON2 / DLON  
    -1                                                      EXPONENT            
TEC/RMS values in 0.1 TECU; 9999, if no value available     COMMENT             
                                                            END OF HEADER       
[from data line 8580]
    21                                                      START OF TEC MAP    
  2023    12    13    20     0     0                        EPOCH OF CURRENT MAP
    87.5-180.0 180.0   5.0 450.0                            LAT/LON1/LON2/DLON/H
   62   63   63   64   65   65   66   67   68   69   69   70   71   72   72   73
   73   73   73   74   73   73   73   73   72   72   71   70   69   69   68   67
   66   65   64   63   62   62   61   60   60   59   59   58   58   58   58   58
   58   58   58   59   59   59   59   60   60   60   60   60   61   61   61   61
   61   61   61   61   61   61   62   62   62
    85.0-180.0 180.0   5.0 450.0                            LAT/LON1/LON2/DLON/H
   54   55   56   57   58   60   63   65   68   70   73   75   77   79   81   82
   83   84   84   84   84   84   83   82   81   80   78   77   75   73   72   70
   68   66   64   62   60   58   57   55   54   53   52   52   51   52   52   53
   53   54   56   57   58   59   60   61   62   62   62   62   62   62   61   60
   59   58   57   56   55   55   54   54   54
    82.5-180.0 180.0   5.0 450.0                            LAT/LON1/LON2/DLON/H
   41   41   42   44   47   50   54   59   64   70   75   80   84   88   91   93
   94   95   95   94   93   92   91   89   88   86   84   83   81   79   77   75
   72   70   67   64   61   58   55   52   50   49   47   47   47   47   49   50
   52   54   57   59   62   64   66   68   69   70   70   70   69   67   66   63
   61   58   54   51   48   46   43   42   41
    80.0-180.0 180.0   5.0 450.0                            LAT/LON1/LON2/DLON/H
   27   26   26   29   32   38   44   52   61   69   78   86   92   98  102  104
  105  105  104  102   99   97   95   92   91   89   88   87   86   85   84   82
   80   77   74   70   66   62   57   54   51   48   46   46   46   47   49   52
   55   59   63   66   70   73   76   78   80   81   81   80   78   76   73   69
   65   59   54   48   43   38   33   29   27
    77.5-180.0 180.0   5.0 450.0                            LAT/LON1/LON2/DLON/H
   17   15   14   16   21   28   37   48   59   72   84   95  104  111  115  117
  117  115  112  107  103   98   94   91   90   89   89   89   90   90   90   90
   88   86   82   78   73   68   63   58   54   51   49   49   49   51   54   58
   62   66   71   76   80   83   86   88   89   90   90   89   87   84   81   76
   71   65   58   50   42   35   28   22   17
    75.0-180.0 180.0   5.0 450.0                            LAT/LON1/LON2/DLON/H
   17   13   11   12   17   25   36   49   64   79   94  108  119  127  132  133
  131  127  120  112  105   98   92   88   86   86   87   88   91   93   94   95
   94   92   89   84   79   73   68   63   59   56   54   54   55   58   61   66
   71   76   80   84   88   90   92   94   94   94   94   93   91   89   87   83
   78   72   65   57   49   40   31   23   17
    72.5-180.0 180.0   5.0 450.0                            LAT/LON1/LON2/DLON/H
   28   23   20   20   24   32   43   58   75   93  110  126  139  148  153  153
  148  141  131  120  110  100   92   86   83   82   83   85   88   91   93   94
   93   91   88   84   79   74   69   64   61   59   58   59   61   65   69   74
   79   83   87   89   91   92   92   92   91   91   90   90   89   89   88   87
   84   80   75   69   61   52   44   35   28
    70.0-180.0 180.0   5.0 450.0                            LAT/LON1/LON2/DLON/H
   48   43   40   40   43   50   61   76   93  112  131  148  162  172  176  175
  169  160  147  134  120  107   97   89   84   81   80   81   82   84   85   85
   84   81   78   74   70   66   63   60   59   58   59   62   65   69   74   78
   82   86   88   89   88   87   85   83   81   80   79   80   81   83   85   87
   88   87   85   81   76   70   62   55   48
    67.5-180.0 180.0   5.0 450.0                            LAT/LON1/LON2/DLON/H
   73   70   68   68   71   77   87  101  117  136  154  172  186  196  201  200
  193  183  169  153  137  122  109   98   89   83   79   76   74   73   71   69
   66   63   59   56   53   51   50   50   51   53   56   59   64   68   73   77
   80   82   82   81   79   76   72   68   66   64   64   65   69   73   78   83
   87   90   91   90   89   85   82   77   73
    65.0-180.0 180.0   5.0 450.0                            LAT/LON1/LON2/DLON/H
   96   97   98  100  104  109  118  130  144  161  178  194  209  219  224  224
  219  208  195  178  161  144  128  113  100   89   80   73   67   61   56   51
   45   40   36   33   32   32   33   35   39   43   48   53   57   62   66   69
   71   71   70   68   65   60   56   52   49   48   48   51   56   62   68   75
   81   86   90   92   94   94   95   95   96
    62.5-180.0 180.0   5.0 450.0                            LAT/LON1/LON2/DLON/H
  110  117  123  129  135  142  150  159  171  185  200  215  228  238  245  246
  243  234  222  206  188  170  151  132  114   99   85   72   62   52   43   35
   27   21   16   13   12   14   17   21   27   32   38   43   48   51   54   56
   57   56   55   52   49   45   41   38   36   36   37   41   46   52   59   66
   73   78   82   86   89   93   98  104  110
    60.0-180.0 180.0   5.0 450.0                            LAT/LON1/LON2/DLON/H
  114  127  140  152  162  170  179  187  196  207  219  231  243  253  261  264
  263  257  246  232  215  196  174  153  131  111   93   77   63   51   39   28
   19   10    4    1    1    3    7   12   18   24   29   34   37   40   41   42
   42   41   40   39   36   34   32   31   30   31   34   37   42   48   53   58
   63   66   69   72   75   81   90  101  114
    57.5-180.0 180.0   5.0 450.0                            LAT/LON1/LON2/DLON/H
  108  129  149  167  182  194  203  212  219  227  236  245  255  264  271  276
  277  274  266  253  237  218  196  172  148  125  105   87   72   59   46   34
   22   13    5    2    1    3    7   11   16   21   25   28   30   31   31   31
   31   31   31   30   30   30   30   31   33   35   38   41   45   48   51   53
   54   54   54   54   57   63   74   89  108
    55.0-180.0 180.0   5.0 450.0                            LAT/LON1/LON2/DLON/H
   98  124  150  174  195  211  223  233  240  246  251  257  264  271  278  284
  286  284  277  267  252  234  212  189  164  141  120  103   89   76   63   51
   38   27   18   13   12   13   15   18   21   24   27   28   29   29   28   27
   27   28   29   31   32   35   37   40   43   46   49   51   53   53   53   52
   50   46   42   39   39   45   57   75   98
    52.5-180.0 180.0   5.0 450.0                            LAT/LON1/LON2/DLON/H
   91  120  151  179  204  224  240  251  259  264  266  269  272  277  283  288
  289  288  282  273  260  244  225  202  179  157  138  122  110   98   86   73
   59   46   37   31   29   29   30   31   32   33   34   35   34   34   33   32
   33   34   37   40   43   46   49   53   58   61   63   63   63   61   58   55
   49   43   37   31   30   34   46   65   91
    50.0-180.0 180.0   5.0 450.0                            LAT/LON1/LON2/DLON/H
   92  122  154  184  212  235  254  269  278  282  283  282  283  285  288  291
  291  288  282  274  264  251  234  215  194  174  156  142  130  119  107   93
   78   64   55   49   47   47   46   46   45   45   45   46   46   45   45   45
   46   49   52   55   58   61   64   68   72   74   75   75   72   69   64   60
   54   47   39   34   32   35   47   66   92
    47.5-180.0 180.0   5.0 450.0                            LAT/LON1/LON2/DLON/H
  103  132  162  192  220  245  267  284  296  301  301  298  295  295  295  295
  293  288  282  274  266  257  245  229  210  191  173  158  146  134  120  104
   87   73   64   61   60   61   60   59   57   57   58   59   60   60   61   62
   64   66   69   71   73   75   77   79   82   84   84   81   78   74   70   66
   61   56   50   45   44   49   61   79  103
    45.0-180.0 180.0   5.0 450.0                            LAT/LON1/LON2/DLON/H
  124  150  176  203  229  254  277  297  311  318  318  314  310  307  306  303
  298  291  283  277  272  266  257  244  227  207  187  169  153  137  120  102
   84   71   64   64   67   70   70   69   67   67   69   72   74   76   77   79
   81   83   85   85   85   84   84   84   86   86   86   83   79   76   74   72
   70   67   64   62   65   72   85  102  124
    42.5-180.0 180.0   5.0 450.0                            LAT/LON1/LON2/DLON/H
  150  172  194  216  239  262  285  307  323  332  334  330  325  322  319  315
  308  299  290  285  282  279  273  261  243  220  196  173  151  131  110   90
   72   62   59   63   71   76   78   76   74   75   78   82   85   88   90   91
   93   94   94   93   90   87   84   83   83   83   82   80   77   76   75   76
   77   77   77   80   87   98  113  130  150
    40.0-180.0 180.0   5.0 450.0                            LAT/LON1/LON2/DLON/H
  175  193  211  228  246  267  289  311  330  341  344  342  338  336  333  328
  320  311  302  298  296  295  290  277  257  230  200  171  144  119   96   76
   61   54   57   67   78   86   88   85   82   82   85   90   93   96   96   97
   97   97   95   93   88   84   80   77   77   77   76   75   74   74   76   79
   82   84   87   93  104  120  138  157  175
    37.5-180.0 180.0   5.0 450.0                            LAT/LON1/LON2/DLON/H
  194  210  224  237  251  268  289  311  330  343  348  348  347  347  346  342
  334  325  318  315  313  311  304  290  266  236  202  168  137  111   89   72
   63   62   70   84   98  105  105  100   94   92   94   97   99   99   98   97
   95   92   90   86   81   77   72   70   69   69   70   70   70   72   77   81
   85   87   91   99  114  134  155  176  194
    35.0-180.0 180.0   5.0 450.0                            LAT/LON1/LON2/DLON/H
  204  219  231  243  254  268  286  307  326  340  347  349  350  353  355  353
  347  340  334  331  329  324  314  296  271  239  204  169  139  116  100   90
   88   94  107  123  135  138  133  122  113  107  105  106  105  103   99   94
   89   85   81   77   74   70   66   64   64   65   66   67   69   73   78   84
   87   88   90   98  115  138  163  186  204
    32.5-180.0 180.0   5.0 450.0                            LAT/LON1/LON2/DLON/H
  208  223  236  246  256  268  284  302  321  334  342  346  350  355  359  360
  356  352  348  345  340  331  316  297  272  243  211  182  158  143  137  136
  142  153  168  182  188  184  171  153  138  128  122  119  114  109  102   94
   86   79   75   72   70   67   65   63   63   65   67   69   71   76   82   87
   88   87   86   93  111  136  164  189  208
    30.0-180.0 180.0   5.0 450.0                            LAT/LON1/LON2/DLON/H
  210  226  240  252  263  273  287  303  319  331  339  344  349  356  361  363
  362  359  357  353  345  331  313  293  273  252  230  211  198  195  199  209
  221  235  248  255  251  236  213  188  167  153  144  137  130  121  111  100
   90   81   76   73   73   72   71   69   69   70   72   74   76   81   86   91
   91   87   85   90  107  134  163  189  210
    27.5-180.0 180.0   5.0 450.0                            LAT/LON1/LON2/DLON/H
  215  233  249  264  276  288  299  313  326  336  343  348  353  359  364  366
  365  364  362  357  345  327  308  292  280  271  263  257  258  266  280  297
  313  325  331  327  311  284  252  221  197  181  169  160  151  140  128  115
  103   92   86   84   85   85   84   81   79   79   80   81   83   86   92   96
   96   91   87   92  109  136  166  193  215
    25.0-180.0 180.0   5.0 450.0                            LAT/LON1/LON2/DLON/H
  228  247  266  284  300  313  324  336  347  355  360  364  367  371  373  372
  370  369  367  359  344  324  307  298  299  305  312  319  331  348  367  386
  399  405  400  383  354  316  277  244  220  205  195  185  175  164  152  138
  124  113  106  105  105  105  102   97   93   90   89   89   89   92   96  101
  101   98   95  101  119  147  178  206  228
    22.5-180.0 180.0   5.0 450.0                            LAT/LON1/LON2/DLON/H
  251  271  292  314  334  350  363  373  383  390  393  396  397  397  394  389
  383  380  375  365  348  328  316  318  333  353  373  390  408  427  444  457
  462  457  440  410  369  325  284  253  234  223  216  209  200  190  178  165
  151  139  132  130  130  128  123  115  107  102   98   96   95   96  100  104
  107  107  108  117  138  168  200  228  251
    20.0-180.0 180.0   5.0 450.0                            LAT/LON1/LON2/DLON/H
  281  303  326  352  376  396  411  422  432  439  443  444  443  438  430  419
  409  401  393  380  362  345  341  355  382  414  441  462  478  490  498  499
  490  472  442  402  355  308  271  248  237  233  231  226  220  211  201  189
  176  165  159  156  154  150  142  131  121  113  107  103  100   99  101  106
  111  116  123  138  163  196  230  259  281
    17.5-180.0 180.0   5.0 450.0                            LAT/LON1/LON2/DLON/H
  316  338  364  393  422  446  464  478  489  498  504  506  504  495  481  464
  448  435  422  406  388  377  382  407  444  480  507  523  531  530  522  506
  481  450  411  365  317  275  246  234  233  237  238  236  232  225  215  205
  194  186  181  178  175  168  158  145  132  122  115  109  104  101  102  106
  114  124  138  159  190  226  262  292  316
    15.0-180.0 180.0   5.0 450.0                            LAT/LON1/LON2/DLON/H
  348  372  400  432  465  494  516  534  548  560  569  574  572  562  544  522
  501  482  464  445  428  423  436  469  509  544  564  569  562  545  519  484
  445  403  360  315  271  237  220  219  227  237  241  240  235  228  219  210
  203  198  195  193  189  181  170  156  143  131  123  115  109  105  103  106
  114  128  149  177  213  253  291  323  348
    12.5-180.0 180.0   5.0 450.0                            LAT/LON1/LON2/DLON/H
  374  400  429  464  501  534  561  582  600  616  630  639  640  631  611  587
  562  538  516  494  478  477  496  532  570  596  604  595  573  541  498  448
  398  352  310  270  235  212  205  213  228  239  243  240  232  224  214  206
  202  201  202  202  198  190  178  165  152  140  131  123  116  109  105  106
  114  131  156  190  230  273  313  347  374
    10.0-180.0 180.0   5.0 450.0                            LAT/LON1/LON2/DLON/H
  391  418  450  487  527  564  594  618  639  659  678  692  697  691  673  649
  623  597  570  546  530  532  554  587  617  631  625  603  570  526  473  416
  362  316  280  249  225  211  213  225  241  249  248  240  229  217  206  198
  196  200  205  207  204  196  186  174  162  150  140  131  124  116  110  108
  115  132  161  198  241  285  327  361  391
     7.5-180.0 180.0   5.0 450.0                            LAT/LON1/LON2/DLON/H
  398  428  462  501  544  583  615  640  662  685  707  726  736  734  721  701
  676  649  621  596  580  582  601  628  647  647  629  599  561  515  460  402
  351  312  284  263  248  241  246  258  268  270  261  247  231  215  201  193
  193  201  209  213  210  203  194  184  173  161  150  141  133  126  118  114
  118  135  164  203  246  290  332  367  398
     5.0-180.0 180.0   5.0 450.0                            LAT/LON1/LON2/DLON/H
  398  430  466  508  552  593  625  650  671  693  717  738  752  756  749  734
  714  690  663  637  621  621  635  653  659  648  622  590  555  515  468  417
  374  343  325  312  302  298  301  306  308  300  284  264  244  225  209  199
  200  209  219  223  220  213  205  196  186  173  161  151  144  136  128  122
  125  141  170  208  250  292  331  367  398
     2.5-180.0 180.0   5.0 450.0                            LAT/LON1/LON2/DLON/H
  394  427  466  510  555  596  628  650  669  689  711  733  749  756  756  747
  734  714  690  667  651  648  655  663  658  639  612  585  561  533  497  458
  425  403  392  384  376  369  366  363  354  337  315  291  269  249  232  221
  221  229  237  240  235  227  218  210  199  185  172  161  154  147  139  134
  136  151  179  215  254  293  329  363  394
