static/ion/2023-12-25.23i
     1.0            IONOSPHERE MAPS     GNSS                IONEX VERSION / TYPE
IONINX V5.5         AIUB                24-DEC-23 07:42     PGM / RUN BY / DATE 
CODE'S 2-DAY PREDICTED IONOSPHERE MAPS FOR DAY 359, 2023    COMMENT             
Global ionosphere maps (GIM) are generated on a daily basis DESCRIPTION         
at CODE using data from about 120 GNSS sites of the IGS and DESCRIPTION         
other institutions. The vertical total electron content     DESCRIPTION         
(VTEC) is modeled in a solar-geomagnetic reference frame    DESCRIPTION         
using a spherical harmonics expansion up to degree and      DESCRIPTION         
order 15. Piece-wise linear functions are used for          DESCRIPTION         
representation in the time domain. The time spacing of      DESCRIPTION         
their vertices is 1 hour, conforming with the epochs of the DESCRIPTION         
VTEC maps.                                                  DESCRIPTION         
To convert line-of-sight TEC into vertical TEC, a modified  DESCRIPTION         
single-layer model mapping function approximating the JPL   DESCRIPTION         
extended slab model mapping function is adopted. The        DESCRIPTION         
mapping function is evaluated at geodetic satellite         DESCRIPTION         
elevation angles. For the computation of the ionospheric    DESCRIPTION         
pierce points, a spherical layer with a radius of 6821 km   DESCRIPTION         
is assumed, implying geocentric, not geodetic IONEX         DESCRIPTION         
latitudes.                                                  DESCRIPTION         
Instrumental biases with respect to each involved GNSS code DESCRIPTION         
observable are estimated as constant values for each        DESCRIPTION         
day. They are modeled with one set of bias parameters for   DESCRIPTION         
each satellite and each station in case of GPS and for each DESCRIPTION         
satellite-station link in case of GLONASS. The code bias    DESCRIPTION         
datum is defined by zero-mean conditions imposed on the     DESCRIPTION         
satellite bias estimates. In this file, just GPS C1W-C2W    DESCRIPTION         
satellite and station bias values are included. The         DESCRIPTION         
complete set of GNSS code bias results is provided in an    DESCRIPTION         
additional Bias-SINEX file as pseudo-absolute values        DESCRIPTION         
specific to each observable.                                DESCRIPTION         
Contact address: code(at)aiub.unibe.ch                      DESCRIPTION         
Data archive:    ftp.aiub.unibe.ch/CODE/                    DESCRIPTION         
                 www.aiub.unibe.ch/download/CODE/           DESCRIPTION         
  2023    12    25     0     0     0                        EPOCH OF FIRST MAP  
  2023    12    26     0     0     0                        EPOCH OF LAST MAP   
  3600                                                      INTERVAL            
    25                                                      # OF MAPS IN FILE   
  NONE                                                      MAPPING FUNCTION    
    10.0                                                    ELEVATION CUTOFF    
One-way carrier phase leveled to code                       OBSERVABLES USED    
  6371.0                                                    BASE RADIUS         
     2                                                      MAP DIMENSION       
   450.0 450.0   0.0                                        HGT1 / HGT2 / DHGT  
    87.5 -87.5  -2.5                                        LAT1 / LAT2 / DLAT  
  -180.0 180.0   5.0                                        LON1 / LON2 / DLON  
    -1                                                      EXPONENT            
TEC/RMS values in 0.1 TECU; 9999, if no value available     COMMENT             
                                                            END OF HEADER       
[from data line 2574]
     7                                                      START OF TEC MAP    
  2023    12    25     6     0     0                        EPOCH OF CURRENT MAP
    87.5-180.0 180.0   5.0 450.0                            LAT/LON1/LON2/DLON/H
   97   97   97   96   96   96   96   97   97   97   97   97   97   98   98   98
   98   98   98   98   98   98   98   98   98   98   98   98   98   98   97   97
   97   97   97   97   97   97   97   97   98   98   98   98   98   99   99   99
  100  100  101  101  101  102  102  102  102  102  102  102  102  102  101  101
  101  100  100   99   99   98   98   97   97
    85.0-180.0 180.0   5.0 450.0                            LAT/LON1/LON2/DLON/H
   98   97   96   95   95   95   95   96   97   97   98   99  100  100  101  101
  102  102  102  102  101  101  101  100  100   99   99   99   98   98   98   98
   98   98   98   98   98   98   98   98   99   99  100  100  101  102  104  105
  106  108  110  111  113  115  116  117  118  119  119  119  118  118  116  115
  113  111  109  107  105  103  101   99   98
    82.5-180.0 180.0   5.0 450.0                            LAT/LON1/LON2/DLON/H
  100   98   95   94   93   93   94   95   96   98   99  101  102  104  104  105
  105  105  104  103  102  101  100   99   98   98   97   97   97   97   98   98
   98   99   99  100  100  100  100  100  101  101  102  104  105  107  110  113
  117  121  125  129  133  137  141  144  147  149  150  150  149  147  145  141
  137  133  128  123  118  113  108  104  100
    80.0-180.0 180.0   5.0 450.0                            LAT/LON1/LON2/DLON/H
  106  100   96   93   91   91   91   93   95   97   99  102  104  105  106  106
  106  105  104  102  100   98   96   94   93   92   92   93   93   95   96   98
   99  100  101  102  103  103  103  103  103  104  105  107  110  113  118  124
  130  138  145  153  161  169  176  182  187  191  193  193  192  190  185  180
  173  165  156  147  138  129  120  112  106
    77.5-180.0 180.0   5.0 450.0                            LAT/LON1/LON2/DLON/H
  114  105   98   93   90   89   89   90   93   95   98  101  103  104  105  105
  104  103  100   98   95   92   90   88   87   86   87   88   90   92   95   98
  101  103  104  105  106  106  106  105  105  106  107  110  114  120  127  136
  147  158  170  183  195  207  218  227  235  240  243  244  243  239  233  224
  214  203  190  176  163  149  136  124  114
    75.0-180.0 180.0   5.0 450.0                            LAT/LON1/LON2/DLON/H
  125  113  103   96   91   88   88   89   90   93   95   98   99  101  101  101
  100   98   96   94   91   88   85   83   82   82   83   86   89   92   96  100
  103  106  107  108  108  107  106  105  105  106  108  112  118  127  137  150
  165  181  198  215  232  247  262  274  283  290  294  294  292  287  278  268
  255  240  224  207  189  172  155  139  125
    72.5-180.0 180.0   5.0 450.0                            LAT/LON1/LON2/DLON/H
  137  122  109  100   94   90   88   88   89   91   93   94   95   96   96   96
   95   95   93   91   89   87   85   84   83   84   85   88   91   95   99  103
  106  108  109  109  108  106  104  103  102  103  107  113  122  134  148  165
  185  205  226  247  267  286  302  316  326  332  336  335  331  325  315  302
  288  271  253  233  213  193  173  154  137
    70.0-180.0 180.0   5.0 450.0                            LAT/LON1/LON2/DLON/H
  147  130  116  105   98   93   91   90   90   90   91   91   90   91   91   91
   92   93   93   93   92   92   91   90   90   91   92   95   98  101  104  107
  108  109  108  106  104  101   98   97   97   99  105  114  126  142  161  182
  206  230  254  277  299  319  336  349  358  363  364  362  356  347  336  322
  306  289  270  251  230  208  187  166  147
    67.5-180.0 180.0   5.0 450.0                            LAT/LON1/LON2/DLON/H
  154  136  121  109  101   96   93   92   92   91   90   89   87   87   87   89
   91   94   97   99  100  101  101  101  101  101  103  104  106  107  108  108
  108  106  103   99   96   92   89   89   90   95  104  117  133  153  176  201
  227  254  280  304  326  345  360  371  377  380  378  373  364  353  340  326
  310  293  276  257  237  217  195  174  154
    65.0-180.0 180.0   5.0 450.0                            LAT/LON1/LON2/DLON/H
  156  137  121  109  101   96   95   94   94   93   91   89   87   85   86   89
   93   98  103  107  110  111  112  112  112  112  112  112  112  111  109  107
  104   99   95   90   85   82   80   81   85   93  105  122  143  167  193  221
  249  277  302  326  346  363  375  383  386  385  380  372  360  347  333  317
  302  286  270  254  236  218  197  176  156
    62.5-180.0 180.0   5.0 450.0                            LAT/LON1/LON2/DLON/H
  154  134  117  105   97   93   93   94   95   95   93   90   87   86   87   91
   96  103  109  114  117  119  119  119  118  117  116  115  113  110  106  102
   96   91   85   80   76   73   73   75   82   94  110  131  156  183  213  242
  271  298  322  343  360  374  383  387  387  383  376  365  351  336  320  304
  288  274  260  246  231  214  195  175  154
    60.0-180.0 180.0   5.0 450.0                            LAT/LON1/LON2/DLON/H
  150  129  110   97   89   86   87   90   93   95   94   92   89   88   89   93
   99  106  112  117  120  121  120  119  117  115  113  111  108  104   99   94
   88   82   77   73   70   68   70   75   85  100  119  144  172  202  233  263
  291  316  338  356  370  380  386  388  386  380  371  359  344  327  310  293
  277  264  251  239  226  211  192  172  150
    57.5-180.0 180.0   5.0 450.0                            LAT/LON1/LON2/DLON/H
  147  124  104   88   80   77   79   84   89   92   93   92   90   89   91   94
  100  106  111  114  115  114  113  110  108  106  104  102   99   95   90   85
   81   76   73   71   70   70   74   81   93  110  132  159  189  221  253  284
  310  333  351  366  376  384  387  388  385  379  370  358  343  327  309  291
  274  260  248  237  225  211  192  171  147
    55.0-180.0 180.0   5.0 450.0                            LAT/LON1/LON2/DLON/H
  148  123  100   83   73   69   71   77   83   88   91   91   90   89   90   93
   97  101  104  105  104  102   99   97   95   94   92   91   89   86   83   80
   77   76   75   76   77   79   84   93  106  124  148  176  207  240  273  302
  327  347  362  373  381  386  389  388  386  380  373  363  351  335  317  298
  281  266  253  242  230  215  196  174  148
    52.5-180.0 180.0   5.0 450.0                            LAT/LON1/LON2/DLON/H
  154  128  104   84   71   66   66   71   78   84   87   88   88   88   88   90
   92   94   94   92   90   87   85   83   82   82   82   82   82   81   80   79
   80   81   84   87   90   93   99  108  122  141  164  192  224  257  290  319
  343  360  372  380  385  388  390  389  387  384  379  372  362  348  331  312
  293  277  264  252  240  224  205  181  154
    50.0-180.0 180.0   5.0 450.0                            LAT/LON1/LON2/DLON/H
  164  138  114   93   79   70   68   71   76   81   85   86   86   86   86   87
   87   86   83   80   77   75   74   74   75   77   79   80   81   82   82   84
   87   92   97  101  105  110  116  126  139  158  181  208  240  273  305  334
  357  372  381  386  389  390  390  389  387  385  383  379  372  360  344  325
  306  289  274  262  249  233  213  190  164
    47.5-180.0 180.0   5.0 450.0                            LAT/LON1/LON2/DLON/H
  173  150  128  109   93   83   77   76   79   82   85   86   86   86   86   85
   84   81   77   74   71   71   72   75   78   81   84   86   88   89   90   93
   97  104  110  116  121  126  132  142  157  175  198  224  254  287  320  348
  370  384  390  392  392  392  390  388  385  382  381  379  375  365  351  332
  312  295  280  267  254  237  218  196  173
    45.0-180.0 180.0   5.0 450.0                            LAT/LON1/LON2/DLON/H
  177  159  142  127  112  101   92   88   87   88   89   90   90   89   89   88
   85   82   79   76   75   77   81   86   91   95   97   99  100  100  100  102
  107  114  121  127  132  137  145  158  174  193  215  240  269  301  333  362
  383  394  398  398  396  393  390  385  380  376  373  372  369  361  348  330
  310  293  278  264  250  234  215  196  177
    42.5-180.0 180.0   5.0 450.0                            LAT/LON1/LON2/DLON/H
  173  161  151  141  130  119  109  102   99   97   97   97   97   97   96   96
   94   91   89   88   89   93   99  106  111  114  115  115  114  111  110  110
  113  119  126  132  137  144  155  171  190  212  235  258  285  315  346  374
  394  404  406  403  400  396  391  384  376  369  364  361  358  351  338  320
  302  284  269  255  239  222  204  187  173
    40.0-180.0 180.0   5.0 450.0                            LAT/LON1/LON2/DLON/H
  161  155  152  148  141  132  123  115  110  107  106  106  106  107  108  108
  108  108  107  108  111  117  123  129  133  134  133  130  126  121  116  113
  114  119  124  130  137  146  161  182  207  233  256  279  303  330  359  385
  404  413  413  410  406  403  398  390  379  368  360  355  350  342  329  312
  294  277  261  244  226  207  188  172  161
    37.5-180.0 180.0   5.0 450.0                            LAT/LON1/LON2/DLON/H
  146  143  143  144  142  136  128  121  117  114  114  114  116  118  120  123
  126  128  130  132  136  142  147  151  152  151  147  141  134  125  118  112
  111  113  118  124  132  145  166  194  225  255  280  301  322  346  372  396
  413  421  421  419  418  417  414  407  395  381  370  362  355  345  332  315
  297  280  263  243  221  197  174  156  146
    35.0-180.0 180.0   5.0 450.0                            LAT/LON1/LON2/DLON/H
  136  130  130  132  133  130  125  120  117  116  117  119  122  126  131  136
  141  146  151  155  159  162  165  166  165  161  155  147  137  126  116  109
  105  105  109  115  125  143  170  205  244  279  306  325  342  362  384  405
  421  429  432  433  437  441  443  439  428  415  402  392  382  371  357  340
  322  304  284  261  232  202  173  150  136
    32.5-180.0 180.0   5.0 450.0                            LAT/LON1/LON2/DLON/H
  139  126  121  120  120  118  115  112  111  112  115  119  124  129  135  142
  151  159  166  171  174  175  175  174  170  165  157  148  137  126  115  106
  100   99  102  108  120  142  175  217  262  301  330  349  363  378  396  415
  431  441  447  454  465  477  486  487  481  470  458  447  436  423  408  392
  374  355  332  304  269  231  194  162  139
    30.0-180.0 180.0   5.0 450.0                            LAT/LON1/LON2/DLON/H
  165  140  125  117  112  108  105  103  103  106  110  115  120  126  133  142
  152  162  171  176  179  178  176  174  170  164  156  147  137  126  116  107
  100   98   98  104  117  143  181  229  279  321  351  370  382  394  410  427
  443  457  469  484  503  523  540  548  548  542  533  523  512  499  485  469
  452  432  406  373  333  288  242  200  165
    27.5-180.0 180.0   5.0 450.0                            LAT/LON1/LON2/DLON/H
  217  178  149  130  118  110  104  101  101  103  107  111  116  120  127  135
  145  156  166  172  174  174  172  170  168  164  157  149  140  131  122  113
  107  102  100  104  118  146  188  239  292  337  368  387  399  410  425  443
  461  480  500  523  550  577  600  616  623  623  618  611  601  590  576  561
  545  525  499  463  419  369  316  264  217
    25.0-180.0 180.0   5.0 450.0                            LAT/LON1/LON2/DLON/H
  291  239  198  168  147  132  122  115  112  112  113  114  115  117  121  126
  135  145  155  162  165  165  166  168  169  168  163  155  147  140  133  126
  118  111  107  108  122  151  194  247  301  347  380  401  415  428  443  463
  485  510  538  568  601  633  661  681  693  699  700  696  689  679  667  655
  641  622  596  560  516  465  409  350  291
    22.5-180.0 180.0   5.0 450.0                            LAT/LON1/LON2/DLON/H
  380  319  267  227  198  177  162  150  143  139  134  130  127  124  123  124
  128  135  143  150  155  159  164  171  176  177  173  166  159  153  147  141
  133  123  115  115  127  156  200  253  307  353  388  412  430  446  465  488
  515  546  581  617  653  686  713  735  750  761  766  766  761  753  744  734
  722  706  682  649  608  561  506  445  380
    20.0-180.0 180.0   5.0 450.0                            LAT/LON1/LON2/DLON/H
  470  405  348  302  269  243  223  207  195  185  175  164  154  146  139  133
  131  133  138  145  151  158  168  180  189  192  188  180  171  166  161  155
  146  135  124  121  132  161  205  257  309  356  393  422  446  467  490  517
  549  585  624  663  699  729  753  772  787  799  807  809  807  802  795  787
  778  764  744  716  683  643  594  536  470
    17.5-180.0 180.0   5.0 450.0                            LAT/LON1/LON2/DLON/H
  547  484  427  381  346  319  297  279  263  248  232  215  199  185  172  160
  150  145  146  150  157  167  180  194  205  208  202  191  181  175  170  165
  156  142  130  126  137  167  210  261  312  358  398  432  462  489  517  548
  583  623  664  703  735  759  776  790  803  814  821  825  824  820  815  810
  802  791  775  755  730  699  660  608  547
    15.0-180.0 180.0   5.0 450.0                            LAT/LON1/LON2/DLON/H
  601  543  491  449  417  393  372  354  337  319  299  278  258  240  221  203
  186  173  167  168  173  183  197  211  221  221  211  197  185  177  173  168
  158  145  132  129  141  172  216  265  314  361  404  443  479  512  544  577
  614  655  696  731  758  775  786  794  802  810  815  818  817  814  810  805
  799  790  778  763  746  726  696  655  601
    12.5-180.0 180.0   5.0 450.0                            LAT/LON1/LON2/DLON/H
  627  576  530  495  469  449  433  418  403  385  364  342  320  301  280  257
  233  213  201  196  198  205  216  226  232  227  213  196  182  173  168  164
  155  142  131  131  146  178  222  271  319  366  411  455  495  532  567  602
  639  677  715  747  769  781  787  790  794  797  799  799  797  794  791  785
  778  770  760  750  739  726  705  672  627
    10.0-180.0 180.0   5.0 450.0                            LAT/LON1/LON2/DLON/H
  628  583  543  513  493  479  469  459  448  433  415  394  375  357  336  311
  284  259  241  230  226  228  232  236  235  225  208  188  173  163  158  154
  147  137  130  133  151  186  230  277  325  373  420  466  509  549  584  619
  654  689  723  751  770  781  785  786  787  787  785  782  778  774  769  763
  754  744  734  726  719  710  694  667  628
     7.5-180.0 180.0   5.0 450.0                            LAT/LON1/LON2/DLON/H
  613  572  533  505  489  479  474  470  464  454  440  424  409  395  378  354
  326  299  277  262  251  245  242  238  230  215  196  176  161  152  147  143
  138  131  129  136  158  194  238  285  332  380  428  476  520  559  595  628
  660  691  721  747  766  779  786  790  791  788  783  776  770  765  759  749
  737  725  714  705  698  689  674  649  613
     5.0-180.0 180.0   5.0 450.0                            LAT/LON1/LON2/DLON/H
  595  552  512  481  463  455  452  451  449  443  434  424  416  407  395  375
  350  324  301  283  267  254  243  232  218  202  183  165  151  143  138  134
  131  128  129  141  166  202  245  291  338  386  435  482  526  565  599  630
  659  686  713  739  762  780  794  804  808  804  796  787  779  772  764  752
  737  721  708  696  686  674  658  632  595
     2.5-180.0 180.0   5.0 450.0                            LAT/LON1/LON2/DLON/H
  585  538  491  454  430  417  412  410  409  406  401  396  393  390  383  369
  349  327  307  288  270  253  236  221  205  189  172  158  147  139  133  129
  127  127  132  147  173  209  251  295  342  390  439  485  527  564  598  627
  653  678  704  731  759  786  809  827  835  832  823  812  802  794  784  769
  751  733  717  702  688  673  653  625  585
