static/ion/2023-12-03.23i
     1.0            IONOSPHERE MAPS     GNSS                IONEX VERSION / TYPE
IONINX V5.5         AIUB                02-DEC-23 07:48     PGM / RUN BY / DATE 
CODE'S 2-DAY PREDICTED IONOSPHERE MAPS FOR DAY 337, 2023    COMMENT             
Global ionosphere maps (GIM) are generated on a daily basis DESCRIPTION         
at CODE using data from about 120 GNSS sites of the IGS and DESCRIPTION         
other institutions. The vertical total electron content     DESCRIPTION         
(VTEC) is modeled in a solar-geomagnetic reference frame    DESCRIPTION         
using a spherical harmonics expansion up to degree and      DESCRIPTION         
order 15. Piece-wise linear functions are used for          DESCRIPTION         
representation in the time domain. The time spacing of      DESCRIPTION         
their vertices is 1 hour, conforming with the epochs of the DESCRIPTION         
VTEC maps.                                                  DESCRIPTION         
To convert line-of-sight TEC into vertical TEC, a modified  DESCRIPTION         
single-layer model mapping function approximating the JPL   DESCRIPTION         
extended slab model mapping function is adopted. The        DESCRIPTION         
mapping function is evaluated at geodetic satellite         DESCRIPTION         
elevation angles. For the computation of the ionospheric    DESCRIPTION         
pierce points, a spherical layer with a radius of 6821 km   DESCRIPTION         
is assumed, implying geocentric, not geodetic IONEX         DESCRIPTION         
latitudes.                                                  DESCRIPTION         
Instrumental biases with respect to each involved GNSS code DESCRIPTION         
observable are estimated as constant values for each        DESCRIPTION         
day. They are modeled with one set of bias parameters for   DESCRIPTION         
each satellite and each station in case of GPS and for each DESCRIPTION         
satellite-station link in case of GLONASS. The code bias    DESCRIPTION         
datum is defined by zero-mean conditions imposed on the     DESCRIPTION         
satellite bias estimates. In this file, just GPS C1W-C2W    DESCRIPTION         
satellite and station bias values are included. The         DESCRIPTION         
complete set of GNSS code bias results is provided in an    DESCRIPTION         
additional Bias-SINEX file as pseudo-absolute values        DESCRIPTION         
specific to each observable.                                DESCRIPTION         
Contact address: code(at)aiub.unibe.ch                      DESCRIPTION         
Data archive:    ftp.aiub.unibe.ch/CODE/                    DESCRIPTION         
                 www.aiub.unibe.ch/download/CODE/           DESCRIPTION         
  2023    12     3     0     0     0                        EPOCH OF FIRST MAP  
  2023    12     4     0     0     0                        EPOCH OF LAST MAP   
  3600                                                      INTERVAL            
    25                                                      # OF MAPS IN FILE   
  NONE                                                      MAPPING FUNCTION    
    10.0                                                    ELEVATION CUTOFF    
One-way carrier phase leveled to code                       OBSERVABLES USED    
  6371.0                                                    BASE RADIUS         
     2                                                      MAP DIMENSION       
   450.0 450.0   0.0                                        HGT1 / HGT2 / DHGT  
    87.5 -87.5  -2.5                                        LAT1 / LAT2 / DLAT  
  -180.0 180.0   5.0                                        LON1 / LON2 / DLON  
    -1                                                      EXPONENT            
TEC/RMS values in 0.1 TECU; 9999, if no value available     COMMENT             
                                                            END OF HEADER       
[from data line 2574]
     7                                                      START OF TEC MAP    
  2023    12     3     6     0     0                        EPOCH OF CURRENT MAP
    87.5-180.0 180.0   5.0 450.0                            LAT/LON1/LON2/DLON/H
  105  104  103  102  101  100  100  100  100  100  100  100  100  101  101  102
  102  103  103  104  105  105  106  106  107  108  108  109  109  110  110  111
  112  112  113  114  114  115  116  117  117  118  119  120  121  121  122  123
  124  124  125  125  126  126  126  126  125  125  124  124  123  122  120  119
  118  116  114  113  111  109  108  106  105
    85.0-180.0 180.0   5.0 450.0                            LAT/LON1/LON2/DLON/H
  100   96   94   91   90   89   88   88   89   90   91   92   94   95   97   98
  100  101  102  103  104  105  105  106  107  107  108  108  109  110  110  111
  112  113  114  115  116  117  119  120  121  123  125  126  128  130  133  135
  137  140  142  144  146  148  150  151  151  151  151  149  148  145  142  139
  135  130  126  121  116  112  107  103  100
    82.5-180.0 180.0   5.0 450.0                            LAT/LON1/LON2/DLON/H
   97   91   86   82   79   78   78   78   80   82   85   88   91   94   97   99
  101  103  104  105  105  106  106  106  105  105  106  106  107  108  109  110
  111  113  114  116  117  119  120  122  123  125  127  130  133  137  141  145
  150  156  161  167  172  177  181  185  188  189  190  189  186  183  178  172
  164  156  148  139  130  121  112  104   97
    80.0-180.0 180.0   5.0 450.0                            LAT/LON1/LON2/DLON/H
   99   90   82   76   72   70   70   72   74   78   82   87   91   95   99  102
  105  106  107  107  106  105  104  103  102  101  101  102  102  104  106  108
  110  113  115  117  119  120  121  122  124  125  127  131  135  140  146  153
  162  171  181  191  201  210  219  226  232  236  238  238  236  231  225  216
  205  193  179  165  151  137  123  111   99
    77.5-180.0 180.0   5.0 450.0                            LAT/LON1/LON2/DLON/H
  109   95   85   76   71   68   68   69   73   77   82   88   93   98  102  105
  108  109  109  108  106  104  101   99   97   96   96   96   98  101  104  107
  111  114  117  120  121  122  122  123  123  124  126  129  134  141  150  160
  172  186  200  215  230  244  258  269  279  286  290  292  290  284  276  265
  251  235  218  199  179  160  142  124  109
    75.0-180.0 180.0   5.0 450.0                            LAT/LON1/LON2/DLON/H
  124  107   94   83   76   72   71   72   75   79   85   90   95  100  104  107
  109  109  109  107  105  102   98   95   93   92   92   93   96  100  105  110
  114  119  122  124  125  124  123  122  121  121  123  127  133  142  153  167
  183  201  220  240  259  278  295  310  322  332  338  340  339  333  324  311
  295  277  256  233  210  187  165  143  124
    72.5-180.0 180.0   5.0 450.0                            LAT/LON1/LON2/DLON/H
  143  123  107   94   85   80   78   78   80   84   88   93   97  101  104  106
  108  108  107  106  104  101   97   95   93   92   93   95   99  104  110  116
  121  125  128  129  128  126  123  120  118  118  120  125  133  145  160  177
  197  219  242  265  287  308  327  344  357  368  374  377  376  370  360  347
  330  310  287  263  238  213  188  164  143
    70.0-180.0 180.0   5.0 450.0                            LAT/LON1/LON2/DLON/H
  160  139  121  107   96   89   86   85   87   90   93   96   98  101  102  104
  105  106  106  105  104  102  100   98   97   97   99  102  107  113  118  124
  128  131  132  131  129  124  120  116  114  114  118  125  137  152  171  193
  216  241  266  290  313  334  353  369  381  391  397  398  396  390  380  366
  349  329  307  283  258  233  208  183  160
    67.5-180.0 180.0   5.0 450.0                            LAT/LON1/LON2/DLON/H
  173  151  132  116  103   96   92   91   92   94   96   98   99  100  101  102
  103  105  106  106  106  105  104  104  104  106  109  113  118  123  128  132
  135  135  134  130  125  119  114  110  109  111  118  130  146  166  189  214
  240  267  292  316  337  356  372  385  394  401  405  405  401  394  383  370
  353  334  313  291  268  245  220  196  173
    65.0-180.0 180.0   5.0 450.0                            LAT/LON1/LON2/DLON/H
  179  156  135  118  104   96   92   91   93   95   97   98   99   99   99  101
  102  105  107  108  109  109  110  110  112  115  118  123  127  132  135  137
  137  135  130  124  117  110  105  102  104  110  122  139  160  185  213  241
  270  296  321  342  360  375  386  394  400  403  403  401  396  387  376  362
  346  328  309  290  269  248  226  203  179
    62.5-180.0 180.0   5.0 450.0                            LAT/LON1/LON2/DLON/H
  179  155  132  112   97   88   84   85   88   92   95   97   98   99  100  101
  104  107  109  111  112  112  113  114  116  120  124  129  133  135  137  136
  133  129  122  114  106  100   96   96  101  112  130  153  180  210  241  272
  301  327  350  368  381  391  397  400  401  401  398  394  387  378  366  352
  336  319  301  283  265  246  225  203  179
    60.0-180.0 180.0   5.0 450.0                            LAT/LON1/LON2/DLON/H
  175  149  123  101   84   74   70   72   78   84   90   94   96   98  100  103
  107  110  112  113  113  112  111  112  115  119  124  128  131  133  132  129
  125  119  111  103   95   90   88   92  102  119  142  170  202  236  270  303
  332  357  376  391  400  405  407  406  404  401  396  391  383  373  361  346
  330  313  296  279  262  244  223  201  175
    57.5-180.0 180.0   5.0 450.0                            LAT/LON1/LON2/DLON/H
  173  143  114   89   70   58   55   58   65   73   81   87   92   97  101  105
  109  113  114  113  111  108  106  106  108  112  117  122  124  124  122  118
  113  107  100   93   87   84   85   93  107  129  157  190  226  262  298  331
  359  382  399  411  417  418  417  413  409  405  401  395  388  378  365  350
  333  316  298  281  264  245  224  200  173
    55.0-180.0 180.0   5.0 450.0                            LAT/LON1/LON2/DLON/H
  174  142  111   83   61   48   43   46   53   62   72   80   87   93  100  106
  111  114  114  111  106  101   97   96   98  102  107  111  113  112  109  106
  102   98   93   88   85   84   89  100  118  143  174  209  247  285  321  353
  380  402  417  426  429  429  426  422  417  414  410  406  400  391  379  364
  347  329  311  292  273  253  230  204  174
    52.5-180.0 180.0   5.0 450.0                            LAT/LON1/LON2/DLON/H
  182  149  116   87   64   49   43   43   48   56   64   72   80   88   96  104
  109  112  112  108  101   94   89   87   89   93   98  101  102  100   98   95
   94   92   91   90   89   91   98  112  132  159  192  228  266  303  338  370
  396  415  429  436  438  437  433  429  425  423  421  419  415  408  397  383
  367  349  330  310  289  266  241  213  182
    50.0-180.0 180.0   5.0 450.0                            LAT/LON1/LON2/DLON/H
  194  162  131  103   80   64   56   53   54   57   62   68   75   83   92   99
  105  108  108  104   98   91   85   83   85   88   93   95   95   93   90   89
   90   92   94   96   98  103  112  127  149  177  210  245  281  317  351  381
  405  424  436  442  443  441  437  433  431  429  429  429  426  421  412  400
  386  369  350  328  305  281  254  225  194
    47.5-180.0 180.0   5.0 450.0                            LAT/LON1/LON2/DLON/H
  206  178  151  127  108   93   82   75   71   68   67   69   74   80   87   95
  100  104  105  103   98   93   89   87   88   92   95   96   94   91   88   88
   91   96  101  105  110  116  127  144  167  195  227  260  295  329  361  389
  411  428  439  444  445  442  437  433  431  430  431  431  429  426  419  409
  397  382  364  342  318  291  264  235  206
    45.0-180.0 180.0   5.0 450.0                            LAT/LON1/LON2/DLON/H
  214  191  171  154  140  127  117  106   96   87   81   77   78   82   87   92
   97  101  104  105  105  103  100   99  100  102  103  102   99   94   91   91
   96  102  108  114  120  128  141  160  184  213  243  275  307  339  369  395
  416  431  440  444  444  440  435  431  428  427  427  426  424  421  415  408
  398  386  369  347  322  295  267  239  214
    42.5-180.0 180.0   5.0 450.0                            LAT/LON1/LON2/DLON/H
  214  196  184  175  167  159  150  138  125  111   99   92   89   89   92   95
   98  103  108  114  117  119  118  117  117  117  116  113  107  101   97   97
  101  107  113  119  125  135  151  173  200  229  259  290  320  350  378  401
  420  433  441  444  443  439  434  430  426  424  422  420  417  412  407  400
  393  382  366  344  318  290  261  235  214
    40.0-180.0 180.0   5.0 450.0                            LAT/LON1/LON2/DLON/H
  205  192  185  182  181  179  173  163  149  133  119  109  104  102  102  103
  105  110  118  127  134  138  139  137  135  133  130  124  117  109  104  102
  105  109  114  119  126  138  157  183  213  245  275  305  334  362  387  408
  424  435  443  446  446  444  440  437  434  431  427  423  416  410  403  396
  388  377  361  339  312  281  252  225  205
    37.5-180.0 180.0   5.0 450.0                            LAT/LON1/LON2/DLON/H
  193  179  174  175  178  181  179  172  161  147  135  126  121  119  117  116
  117  122  131  143  153  157  157  154  150  145  140  133  125  117  111  108
  107  109  111  115  123  137  161  191  226  260  292  321  349  376  399  417
  430  440  448  454  457  459  459  458  457  455  451  444  436  426  416  407
  397  384  366  341  310  277  244  215  193
    35.0-180.0 180.0   5.0 450.0                            LAT/LON1/LON2/DLON/H
  185  167  158  157  161  165  167  165  159  150  142  137  135  134  132  130
  131  136  147  159  169  173  171  165  158  152  145  138  131  123  117  113
  110  108  107  109  118  136  164  199  238  275  308  338  365  390  411  427
  439  449  459  469  479  488  494  499  502  503  500  493  482  470  456  443
  429  411  389  359  325  286  248  213  185
    32.5-180.0 180.0   5.0 450.0                            LAT/LON1/LON2/DLON/H
  192  163  146  138  138  141  144  145  144  142  140  140  142  144  144  143
  144  150  160  171  179  181  177  169  161  154  147  141  135  129  125  120
  114  109  105  106  115  136  168  208  250  289  323  353  381  405  424  439
  450  462  477  495  514  532  547  560  570  575  575  569  559  544  527  508
  488  465  437  402  362  318  273  229  192
    30.0-180.0 180.0   5.0 450.0                            LAT/LON1/LON2/DLON/H
  221  180  150  132  123  120  121  123  126  129  133  137  142  147  150  151
  153  159  168  178  183  182  176  168  161  154  148  143  140  137  135  130
  123  114  107  106  117  141  176  219  263  303  338  368  396  420  440  454
  467  483  505  532  561  589  614  636  653  664  669  667  657  642  622  599
  574  544  510  470  424  374  322  270  221
    27.5-180.0 180.0   5.0 450.0                            LAT/LON1/LON2/DLON/H
  277  223  181  151  131  119  114  113  116  121  126  132  139  145  149  153
  156  163  171  178  180  177  172  167  162  157  152  149  147  148  148  144
  136  124  114  113  124  151  189  233  278  317  352  383  411  437  458  474
  491  513  542  579  617  655  688  717  741  758  768  770  764  750  729  703
  673  639  600  556  507  454  396  336  277
    25.0-180.0 180.0   5.0 450.0                            LAT/LON1/LON2/DLON/H
  356  294  242  202  172  150  136  129  127  128  131  134  139  143  147  152
  156  163  169  173  173  171  169  168  168  166  162  159  159  162  164  162
  152  138  126  124  137  165  205  250  293  331  366  397  428  456  480  500
  522  550  587  631  677  720  758  791  819  840  855  862  860  848  828  802
  770  735  695  650  601  546  486  422  356
    22.5-180.0 180.0   5.0 450.0                            LAT/LON1/LON2/DLON/H
  450  386  330  285  248  217  193  176  166  160  155  152  149  149  150  153
  158  163  167  169  168  168  171  177  183  183  179  174  173  177  182  180
  170  154  140  138  152  182  223  267  309  346  380  414  447  479  507  532
  559  593  636  684  732  776  815  848  875  898  915  926  928  920  903  879
  850  817  779  737  690  638  580  517  450
    20.0-180.0 180.0   5.0 450.0                            LAT/LON1/LON2/DLON/H
  546  487  434  390  351  314  282  255  235  219  204  190  178  170  165  165
  167  169  170  169  168  171  181  195  205  207  200  192  188  191  196  195
  185  167  153  150  166  198  240  284  324  361  396  432  469  505  537  568
  599  637  683  731  777  817  850  878  902  922  940  952  958  955  942  923
  899  872  840  804  763  717  666  608  546
    17.5-180.0 180.0   5.0 450.0                            LAT/LON1/LON2/DLON/H
  632  582  539  501  465  428  390  355  326  300  275  250  227  210  198  191
  188  186  184  180  178  184  199  218  232  233  222  208  200  200  205  204
  193  175  160  159  177  211  255  299  340  377  414  453  493  532  569  604
  639  678  722  767  806  837  862  881  898  914  929  942  950  951  944  930
  914  895  872  844  811  774  731  683  632
    15.0-180.0 180.0   5.0 450.0                            LAT/LON1/LON2/DLON/H
  696  659  628  600  571  536  497  458  424  391  359  326  294  268  248  234
  225  217  209  202  199  206  224  245  259  256  240  220  206  203  205  204
  194  176  162  163  183  220  266  311  353  393  433  474  517  559  599  635
  672  710  750  787  817  838  852  863  871  881  891  903  913  918  915  909
  900  890  877  857  832  804  772  735  696
    12.5-180.0 180.0   5.0 450.0                            LAT/LON1/LON2/DLON/H
  734  708  688  671  650  619  582  544  509  475  441  405  369  338  311  290
  274  260  246  234  228  233  250  269  279  272  250  224  205  198  198  197
  187  171  159  162  186  226  273  320  364  407  450  493  538  581  621  659
  694  729  762  791  812  824  830  832  834  837  843  853  863  870  872  872
  871  869  862  850  832  811  788  762  734
    10.0-180.0 180.0   5.0 450.0                            LAT/LON1/LON2/DLON/H
  748  729  716  705  688  663  630  596  565  535  505  472  438  406  376  350
  328  309  289  272  261  262  273  286  289  276  250  221  199  188  187  185
  176  163  154  160  186  228  276  325  372  417  463  508  553  595  635  671
  703  733  760  782  796  803  805  803  800  798  800  808  818  826  832  836
  840  844  842  834  820  805  788  768  748
     7.5-180.0 180.0   5.0 450.0                            LAT/LON1/LON2/DLON/H
  745  727  713  701  685  662  633  604  580  560  539  514  487  458  429  402
  377  353  330  308  291  285  288  292  288  270  243  213  190  178  174  172
  165  155  149  158  186  229  278  327  375  423  471  517  560  600  637  671
  700  725  747  764  777  784  786  785  780  777  776  782  791  800  808  815
  822  827  827  819  807  794  780  764  745
     5.0-180.0 180.0   5.0 450.0                            LAT/LON1/LON2/DLON/H
  735  711  690  671  649  623  596  572  556  545  535  523  506  484  459  434
  408  384  359  334  313  299  293  288  277  257  231  204  183  171  165  162
  157  150  148  159  188  230  277  325  374  423  472  518  559  596  631  661
  687  709  728  745  760  772  780  782  781  778  776  780  789  798  807  815
  823  827  824  815  801  788  774  756  735
     2.5-180.0 180.0   5.0 450.0                            LAT/LON1/LON2/DLON/H
  726  693  660  628  595  563  534  513  501  498  498  497  491  479  460  439
  417  394  370  345  320  301  287  275  260  241  219  199  182  169  162  158
  154  150  151  164  192  232  276  322  369  418  467  512  551  586  618  646
  670  690  709  728  749  769  786  795  799  798  797  801  808  818  827  835
  840  841  835  821  805  790  774  754  726
