static/ion/2023-12-12.23i
     1.0            IONOSPHERE MAPS     GNSS                IONEX VERSION / TYPE
IONINX V5.5         AIUB                11-DEC-23 07:41     PGM / RUN BY / DATE 
CODE'S 2-DAY PREDICTED IONOSPHERE MAPS FOR DAY 346, 2023    COMMENT             
Global ionosphere maps (GIM) are generated on a daily basis DESCRIPTION         
at CODE using data from about 120 GNSS sites of the IGS and DESCRIPTION         
other institutions. The vertical total electron content     DESCRIPTION         
(VTEC) is modeled in a solar-geomagnetic reference frame    DESCRIPTION         
using a spherical harmonics expansion up to degree and      DESCRIPTION         
order 15. Piece-wise linear functions are used for          DESCRIPTION         
representation in the time domain. The time spacing of      DESCRIPTION         
their vertices is 1 hour, conforming with the epochs of the DESCRIPTION         
VTEC maps.                                                  DESCRIPTION         
To convert line-of-sight TEC into vertical TEC, a modified  DESCRIPTION         
single-layer model mapping function approximating the JPL   DESCRIPTION         
extended slab model mapping function is adopted. The        DESCRIPTION         
mapping function is evaluated at geodetic satellite         DESCRIPTION         
elevation angles. For the computation of the ionospheric    DESCRIPTION         
pierce points, a spherical layer with a radius of 6821 km   DESCRIPTION         
is assumed, implying geocentric, not geodetic IONEX         DESCRIPTION         
latitudes.                                                  DESCRIPTION         
Instrumental biases with respect to each involved GNSS code DESCRIPTION         
observable are estimated as constant values for each        DESCRIPTION         
day. They are modeled with one set of bias parameters for   DESCRIPTION         
each satellite and each station in case of GPS and for each DESCRIPTION         
satellite-station link in case of GLONASS. The code bias    DESCRIPTION         
datum is defined by zero-mean conditions imposed on the     DESCRIPTION         
satellite bias estimates. In this file, just GPS C1W-C2W    DESCRIPTION         
satellite and station bias values are included. The         DESCRIPTION         
complete set of GNSS code bias results is provided in an    DESCRIPTION         
additional Bias-SINEX file as pseudo-absolute values        DESCRIPTION         
specific to each observable.                                DESCRIPTION         
Contact address: code(at)aiub.unibe.ch                      DESCRIPTION         
Data archive:    ftp.aiub.unibe.ch/CODE/                    DESCRIPTION         
                 www.aiub.unibe.ch/download/CODE/           DESCRIPTION         
  2023    12    12     0     0     0                        EPOCH OF FIRST MAP  
  2023    12    13     0     0     0                        EPOCH OF LAST MAP   
  3600                                                      INTERVAL            
    25                                                      # OF MAPS IN FILE   
  NONE                                                      MAPPING FUNCTION    
    10.0                                                    ELEVATION CUTOFF    
One-way carrier phase leveled to code                       OBSERVABLES USED    
  6371.0                                                    BASE RADIUS         
     2                                                      MAP DIMENSION       
   450.0 450.0   0.0                                        HGT1 / HGT2 / DHGT  
    87.5 -87.5  -2.5                                        LAT1 / LAT2 / DLAT  
  -180.0 180.0   5.0                                        LON1 / LON2 / DLON  
    -1                                                      EXPONENT            
TEC/RMS values in 0.1 TECU; 9999, if no value available     COMMENT             
                                                            END OF HEADER       
[from data line 2145]
     6                                                      START OF TEC MAP    
  2023    12    12     5     0     0                        EPOCH OF CURRENT MAP
    87.5-180.0 180.0   5.0 450.0                            LAT/LON1/LON2/DLON/H
   39   38   37   36   35   34   33   33   32   32   32   31   31   31   32   32
   32   32   33   33   33   34   34   35   35   36   37   37   38   39   40   40
   41   42   43   44   45   46   47   48   48   49   50   51   52   53   53   54
   55   55   56   56   56   56   56   56   56   56   56   55   54   53   52   51
   50   49   48   46   45   43   42   41   39
    85.0-180.0 180.0   5.0 450.0                            LAT/LON1/LON2/DLON/H
   38   35   33   30   28   27   25   25   24   24   24   24   25   26   26   27
   28   29   29   30   31   31   32   33   33   34   35   36   37   38   39   41
   42   44   45   47   49   50   52   53   55   56   58   60   61   63   64   66
   68   69   71   72   74   75   76   77   77   77   77   76   75   73   71   69
   66   63   59   56   52   49   45   42   38
    82.5-180.0 180.0   5.0 450.0                            LAT/LON1/LON2/DLON/H
   40   34   30   26   22   20   19   18   18   18   20   21   23   24   26   28
   29   30   31   32   32   33   33   33   33   34   35   36   37   38   40   42
   44   47   49   51   54   56   58   60   61   63   65   67   69   71   74   77
   80   83   86   90   93   96   99  102  103  105  105  105  103  101   98   94
   90   84   78   72   66   59   52   46   40
    80.0-180.0 180.0   5.0 450.0                            LAT/LON1/LON2/DLON/H
   45   37   30   24   19   16   14   13   14   16   18   21   24   27   30   32
   35   36   37   38   38   37   37   36   36   35   35   36   38   40   42   45
   48   51   55   57   60   62   64   66   67   69   70   72   74   77   81   85
   90   95  101  107  113  119  125  130  134  137  139  139  138  136  132  127
  121  113  105   95   85   75   65   55   45
    77.5-180.0 180.0   5.0 450.0                            LAT/LON1/LON2/DLON/H
   56   44   34   25   19   14   12   11   13   15   18   22   27   31   35   39
   42   44   46   46   46   45   43   42   40   39   38   39   40   42   46   49
   54   58   62   65   68   70   71   71   72   72   73   75   77   81   86   91
   98  106  115  124  134  143  152  160  166  171  175  177  176  174  170  164
  156  146  135  123  110   96   82   69   56
    75.0-180.0 180.0   5.0 450.0                            LAT/LON1/LON2/DLON/H
   70   55   42   31   22   17   14   13   14   16   20   25   30   35   40   44
   48   52   54   55   55   54   52   50   47   45   44   44   45   47   51   56
   61   66   70   73   75   76   76   75   74   74   74   75   78   83   89   97
  107  118  130  142  155  167  179  189  198  205  210  212  212  210  205  199
  190  179  166  152  137  120  103   87   70
    72.5-180.0 180.0   5.0 450.0                            LAT/LON1/LON2/DLON/H
   87   69   53   40   30   22   18   17   18   20   23   27   32   37   42   47
   52   57   61   64   65   65   63   60   57   54   52   51   52   55   59   64
   69   74   77   80   80   80   78   75   73   72   72   74   78   84   93  104
  117  131  146  161  176  191  204  216  226  234  239  242  242  239  234  227
  218  207  194  179  162  144  125  106   87
    70.0-180.0 180.0   5.0 450.0                            LAT/LON1/LON2/DLON/H
  103   83   65   50   38   30   25   23   23   25   27   30   33   36   41   47
   53   59   65   71   74   75   75   73   69   66   63   61   61   63   67   71
   76   80   82   83   82   80   76   72   69   67   68   71   78   87   99  113
  129  146  163  180  197  212  226  239  249  256  261  263  262  259  254  246
  237  226  214  199  183  164  145  124  103
    67.5-180.0 180.0   5.0 450.0                            LAT/LON1/LON2/DLON/H
  116   95   75   59   46   38   33   31   31   31   32   32   33   35   39   44
   51   59   68   76   82   85   86   85   81   77   74   71   70   71   73   77
   80   83   84   83   80   75   70   65   62   61   63   69   79   92  107  125
  143  162  181  199  216  231  244  255  264  271  274  275  273  269  263  256
  247  237  225  212  196  179  159  138  116
    65.0-180.0 180.0   5.0 450.0                            LAT/LON1/LON2/DLON/H
  125  103   82   65   52   44   39   38   38   38   37   36   35   35   37   42
   49   59   69   79   87   92   94   94   91   86   82   78   76   75   77   79
   81   82   81   78   74   68   62   57   54   54   59   68   81   98  117  138
  159  179  198  216  231  245  257  266  274  278  280  280  277  272  265  258
  249  239  229  217  203  187  168  147  125
    62.5-180.0 180.0   5.0 450.0                            LAT/LON1/LON2/DLON/H
  130  107   86   68   55   47   43   43   43   44   43   40   38   36   37   42
   49   59   71   81   90   96   98   98   95   90   85   81   78   76   76   77
   77   77   76   72   66   60   54   49   47   49   56   69   85  105  128  151
  173  194  213  230  244  255  265  273  278  281  282  281  277  272  265  257
  248  239  229  218  206  191  173  152  130
    60.0-180.0 180.0   5.0 450.0                            LAT/LON1/LON2/DLON/H
  132  109   87   69   55   47   44   45   47   48   47   45   42   40   41   45
   52   62   72   82   90   95   97   96   93   89   84   79   76   73   72   72
   72   71   69   65   60   54   48   44   44   48   57   71   90  112  137  162
  186  207  225  241  253  262  270  275  280  282  283  282  278  273  266  257
  249  239  230  219  207  193  176  155  132
    57.5-180.0 180.0   5.0 450.0                            LAT/LON1/LON2/DLON/H
  137  113   90   70   56   47   44   45   47   49   50   49   47   46   47   51
   58   66   75   82   87   90   90   89   87   83   79   75   71   68   67   66
   66   66   65   62   58   53   48   45   45   50   60   75   95  119  145  171
  196  217  235  249  260  267  273  277  281  284  285  284  282  277  271  262
  253  244  234  223  211  197  180  159  137
    55.0-180.0 180.0   5.0 450.0                            LAT/LON1/LON2/DLON/H
  144  120   97   76   60   50   45   44   46   49   51   51   52   52   55   59
   65   71   77   80   82   82   82   80   79   77   74   70   67   64   62   62
   63   64   64   63   61   57   54   51   51   56   65   80  100  124  151  178
  203  226  244  257  267  273  277  280  283  286  288  289  288  284  279  271
  262  252  241  230  218  204  187  167  144
    52.5-180.0 180.0   5.0 450.0                            LAT/LON1/LON2/DLON/H
  156  133  109   88   70   57   49   45   45   47   49   52   54   57   61   65
   70   75   77   78   77   75   73   73   73   72   71   69   66   63   62   62
   63   66   68   69   69   67   64   61   61   65   73   87  106  130  156  184
  211  234  253  267  275  280  283  285  287  290  292  294  294  292  287  280
  272  262  251  240  227  213  197  177  156
    50.0-180.0 180.0   5.0 450.0                            LAT/LON1/LON2/DLON/H
  170  148  126  105   86   70   58   50   47   46   48   51   55   59   64   69
   73   76   77   76   73   71   69   70   72   74   74   72   70   66   65   65
   68   72   76   79   80   79   76   74   73   76   83   96  114  137  163  192
  220  245  264  278  286  290  291  292  292  293  295  296  297  295  292  286
  278  269  259  248  235  222  207  189  170
    47.5-180.0 180.0   5.0 450.0                            LAT/LON1/LON2/DLON/H
  182  163  144  124  105   88   72   60   52   48   48   50   55   60   65   70
   73   75   76   75   73   72   72   75   79   82   83   81   78   74   71   71
   74   79   85   90   92   91   89   86   85   87   95  107  125  147  174  203
  231  257  278  291  299  302  301  299  297  296  295  295  294  292  290  285
  279  271  261  251  239  227  213  198  182
    45.0-180.0 180.0   5.0 450.0                            LAT/LON1/LON2/DLON/H
  187  173  158  141  124  107   90   74   62   54   51   52   56   61   65   68
   71   73   76   77   79   80   83   88   92   96   97   94   89   84   80   79
   81   87   93   99  101  101   98   95   95   99  108  121  140  162  189  217
  245  271  291  305  311  313  311  307  302  297  293  289  286  284  281  277
  272  266  257  248  237  226  214  201  187
    42.5-180.0 180.0   5.0 450.0                            LAT/LON1/LON2/DLON/H
  183  173  162  150  137  122  106   89   75   64   59   58   61   64   66   68
   70   73   79   85   90   96  101  106  111  113  112  108  101   94   88   86
   87   92   99  104  107  106  103  101  102  109  122  139  159  182  207  234
  260  284  303  315  321  322  319  313  306  298  290  283  277  273  270  267
  263  257  249  240  229  218  206  195  183
    40.0-180.0 180.0   5.0 450.0                            LAT/LON1/LON2/DLON/H
  170  161  154  147  139  129  116  101   87   76   69   68   69   70   70   70
   72   77   87   98  108  116  122  126  129  129  126  120  111  102   95   91
   91   94  100  106  109  107  104  103  108  119  137  158  181  204  227  251
  273  294  310  321  327  328  326  321  313  303  292  281  273  267  264  261
  258  252  243  232  219  206  193  181  170
    37.5-180.0 180.0   5.0 450.0                            LAT/LON1/LON2/DLON/H
  152  142  135  132  129  124  117  106   95   85   80   79   80   81   79   78
   79   87   99  114  128  137  142  144  144  141  136  128  119  109  100   94
   92   95  100  105  107  106  103  104  112  129  153  179  204  227  247  266
  284  299  313  323  329  333  333  331  324  314  303  291  281  275  272  269
  265  258  247  232  216  198  181  166  152
    35.0-180.0 180.0   5.0 450.0                            LAT/LON1/LON2/DLON/H
  137  122  113  109  108  109  107  102   95   90   88   89   91   92   91   89
   91  100  115  133  147  156  158  156  152  147  141  133  124  114  105   98
   94   95   99  103  105  104  101  104  116  138  167  198  225  247  264  278
  290  301  312  322  331  339  344  347  344  337  327  316  307  302  300  298
  294  283  267  247  225  202  179  157  137
    32.5-180.0 180.0   5.0 450.0                            LAT/LON1/LON2/DLON/H
  134  111   95   87   85   87   89   90   89   88   90   95  100  103  103  102
  105  115  131  148  162  167  166  161  155  149  143  137  129  121  113  104
   99   97   99  103  104  102  100  104  119  146  180  214  243  263  277  286
  293  301  311  322  336  350  363  372  376  374  367  360  354  352  352  351
  344  330  309  283  253  223  193  163  134
    30.0-180.0 180.0   5.0 450.0                            LAT/LON1/LON2/DLON/H
  151  117   91   75   68   68   71   74   77   81   87   95  103  109  112  113
  117  127  142  158  168  170  166  159  153  149  146  142  138  132  124  115
  107  103  103  105  105  102  101  106  123  153  190  227  256  275  287  293
  298  304  315  330  349  370  391  408  419  423  422  419  418  420  423  423
  415  397  370  338  303  267  229  190  151
    27.5-180.0 180.0   5.0 450.0                            LAT/LON1/LON2/DLON/H
  192  146  109   82   67   60   59   61   66   72   81   91  102  110  116  119
  124  134  147  159  166  166  161  156  152  152  152  152  150  146  139  130
  120  113  110  109  107  104  102  108  127  159  198  235  265  284  295  302
  307  315  328  348  373  401  429  452  470  480  484  487  490  497  503  504
  495  474  443  407  369  329  286  240  192
    25.0-180.0 180.0   5.0 450.0                            LAT/LON1/LON2/DLON/H
  254  200  151  113   87   71   62   60   63   70   78   89   99  109  116  121
  126  134  145  154  158  158  155  154  157  161  165  167  167  164  157  147
  135  125  119  114  110  105  103  110  130  163  202  240  271  291  305  315
  324  336  354  379  410  443  475  503  524  538  547  554  562  572  581  583
  573  550  518  482  444  404  360  309  254
    22.5-180.0 180.0   5.0 450.0                            LAT/LON1/LON2/DLON/H
  331  271  215  168  131  104   86   77   76   80   86   94  102  110  117  122
  126  132  139  145  149  151  154  160  170  178  184  186  185  181  174  163
  150  137  127  118  111  105  103  111  132  166  206  244  276  300  318  334
  349  367  391  420  455  490  524  552  574  589  600  610  620  632  642  644
  634  612  582  549  516  481  440  389  331
    20.0-180.0 180.0   5.0 450.0                            LAT/LON1/LON2/DLON/H
  411  350  292  239  195  158  131  114  108  109  111  114  117  120  124  127
  129  132  135  140  145  152  162  176  191  203  208  206  201  195  186  174
  160  145  131  120  110  103  102  111  134  169  210  249  282  310  335  358
  381  406  434  467  502  537  568  593  613  627  638  647  658  670  679  681
  671  651  625  600  575  549  514  467  411
    17.5-180.0 180.0   5.0 450.0                            LAT/LON1/LON2/DLON/H
  483  426  370  318  270  227  192  170  159  156  155  152  148  145  143  142
  140  140  141  145  152  164  181  202  220  231  231  223  212  201  190  178
  164  148  132  118  106   98   99  111  137  173  215  255  291  323  355  385
  416  446  478  511  545  576  602  622  637  648  657  665  673  683  691  691
  681  664  645  628  615  598  572  533  483
    15.0-180.0 180.0   5.0 450.0                            LAT/LON1/LON2/DLON/H
  538  490  441  394  347  301  263  236  224  219  215  208  198  188  179  172
  166  162  161  165  174  190  211  233  251  257  249  233  214  198  185  173
  159  144  128  112  100   93   95  110  139  179  222  263  301  337  374  411
  447  481  514  546  577  603  622  636  646  654  659  664  670  676  681  679
  670  656  644  637  633  627  610  580  538
    12.5-180.0 180.0   5.0 450.0                            LAT/LON1/LON2/DLON/H
  573  535  496  457  415  371  331  304  291  288  284  275  260  244  230  217
  207  199  197  200  210  225  245  265  277  275  258  233  207  187  172  160
  149  136  121  106   93   87   92  111  143  185  230  272  312  350  390  431
  470  505  538  567  594  614  628  637  644  648  651  653  655  658  660  656
  648  637  630  630  635  637  628  606  573
    10.0-180.0 180.0   5.0 450.0                            LAT/LON1/LON2/DLON/H
  591  562  533  503  467  427  389  363  352  351  349  341  325  306  288  272
  258  248  244  246  253  265  279  290  293  282  257  225  195  171  155  145
  136  125  113   99   88   84   91  113  148  192  238  281  320  359  399  441
  481  516  546  573  596  613  624  631  635  639  641  641  641  641  640  636
  628  620  616  620  628  634  631  616  591
     7.5-180.0 180.0   5.0 450.0                            LAT/LON1/LON2/DLON/H
  598  577  556  533  503  465  429  404  395  397  399  393  380  362  344  326
  311  300  294  293  296  299  303  303  295  276  246  212  181  156  140  130
  123  116  106   95   86   84   92  116  153  198  244  287  325  362  402  443
  481  514  542  567  588  604  615  622  629  633  636  636  635  634  632  628
  621  613  611  614  622  629  627  616  598
     5.0-180.0 180.0   5.0 450.0                            LAT/LON1/LON2/DLON/H
  602  586  570  551  523  487  451  425  416  419  424  422  414  400  385  369
  354  343  337  333  328  321  312  300  283  260  230  198  169  146  130  120
  114  109  103   94   87   86   96  120  157  202  248  289  326  361  398  436
  472  503  529  553  574  592  607  618  629  637  642  643  642  641  640  637
  631  624  620  620  624  627  625  616  602
     2.5-180.0 180.0   5.0 450.0                            LAT/LON1/LON2/DLON/H
  610  597  582  562  533  496  457  428  415  416  420  422  419  412  401  390
  378  368  361  354  343  326  305  284  261  238  213  188  164  144  128  117
  110  106  102   95   90   89  100  123  160  204  249  289  324  356  391  426
  460  489  514  538  562  584  603  621  637  650  659  662  662  662  663  662
  657  650  642  637  635  634  630  622  610
