static/ion/2023-12-09.23i
     1.0            IONOSPHERE MAPS     GNSS                IONEX VERSION / TYPE
IONINX V5.5         AIUB                08-DEC-23 07:49     PGM / RUN BY / DATE 
CODE'S 2-DAY PREDICTED IONOSPHERE MAPS FOR DAY 343, 2023    COMMENT             
Global ionosphere maps (GIM) are generated on a daily basis DESCRIPTION         
at CODE using data from about 120 GNSS sites of the IGS and DESCRIPTION         
other institutions. The vertical total electron content     DESCRIPTION         
(VTEC) is modeled in a solar-geomagnetic reference frame    DESCRIPTION         
using a spherical harmonics expansion up to degree and      DESCRIPTION         
order 15. Piece-wise linear functions are used for          DESCRIPTION         
representation in the time domain. The time spacing of      DESCRIPTION         
their vertices is 1 hour, conforming with the epochs of the DESCRIPTION         
VTEC maps.                                                  DESCRIPTION         
To convert line-of-sight TEC into vertical TEC, a modified  DESCRIPTION         
single-layer model mapping function approximating the JPL   DESCRIPTION         
extended slab model mapping function is adopted. The        DESCRIPTION         
mapping function is evaluated at geodetic satellite         DESCRIPTION         
elevation angles. For the computation of the ionospheric    DESCRIPTION         
pierce points, a spherical layer with a radius of 6821 km   DESCRIPTION         
is assumed, implying geocentric, not geodetic IONEX         DESCRIPTION         
latitudes.                                                  DESCRIPTION         
Instrumental biases with respect to each involved GNSS code DESCRIPTION         
observable are estimated as constant values for each        DESCRIPTION         
day. They are modeled with one set of bias parameters for   DESCRIPTION         
each satellite and each station in case of GPS and for each DESCRIPTION         
satellite-station link in case of GLONASS. The code bias    DESCRIPTION         
datum is defined by zero-mean conditions imposed on the     DESCRIPTION         
satellite bias estimates. In this file, just GPS C1W-C2W    DESCRIPTION         
satellite and station bias values are included. The         DESCRIPTION         
complete set of GNSS code bias results is provided in an    DESCRIPTION         
additional Bias-SINEX file as pseudo-absolute values        DESCRIPTION         
specific to each observable.                                DESCRIPTION         
Contact address: code(at)aiub.unibe.ch                      DESCRIPTION         
Data archive:    ftp.aiub.unibe.ch/CODE/                    DESCRIPTION         
                 www.aiub.unibe.ch/download/CODE/           DESCRIPTION         
  2023    12     9     0     0     0                        EPOCH OF FIRST MAP  
  2023    12    10     0     0     0                        EPOCH OF LAST MAP   
  3600                                                      INTERVAL            
    25                                                      # OF MAPS IN FILE   
  NONE                                                      MAPPING FUNCTION    
    10.0                                                    ELEVATION CUTOFF    
One-way carrier phase leveled to code                       OBSERVABLES USED    
  6371.0                                                    BASE RADIUS         
     2                                                      MAP DIMENSION       
   450.0 450.0   0.0                                        HGT1 / HGT2 / DHGT  
    87.5 -87.5  -2.5                                        LAT1 / LAT2 / DLAT  
  -180.0 180.0   5.0                                        LON1 / LON2 / DLON  
    -1                                                      EXPONENT            
TEC/RMS values in 0.1 TECU; 9999, if no value available     COMMENT             
                                                            END OF HEADER       
[from data line 6864]
    17                                                      START OF TEC MAP    
  2023    12     9    16     0     0                        EPOCH OF CURRENT MAP
    87.5-180.0 180.0   5.0 450.0                            LAT/LON1/LON2/DLON/H
   96   97   98  100  101  102  103  105  106  107  107  108  109  109  110  110
  110  110  110  109  109  108  107  107  106  105  104  103  102  101  100   99
   98   97   96   95   94   93   92   92   91   90   90   89   88   88   88   87
   87   87   86   86   86   86   86   86   86   86   86   86   86   87   87   87
   88   89   89   90   91   92   93   94   96
    85.0-180.0 180.0   5.0 450.0                            LAT/LON1/LON2/DLON/H
   84   86   89   92   95   98  101  104  106  109  111  112  114  115  115  115
  115  115  114  113  112  110  109  107  105  103  102  100   98   96   94   92
   90   89   87   85   84   83   81   80   79   79   78   77   77   76   76   76
   76   76   76   75   75   75   75   74   74   74   73   73   72   72   72   72
   72   73   73   74   75   77   79   81   84
    82.5-180.0 180.0   5.0 450.0                            LAT/LON1/LON2/DLON/H
   65   69   73   78   82   87   92   97  101  105  108  110  112  114  114  114
  114  113  112  110  108  106  104  102   99   97   95   92   90   87   85   83
   81   78   76   75   73   71   70   69   68   67   67   67   67   67   68   69
   69   70   70   71   71   71   70   70   69   67   66   64   63   61   59   58
   57   56   56   56   56   58   60   62   65
    80.0-180.0 180.0   5.0 450.0                            LAT/LON1/LON2/DLON/H
   46   50   55   60   66   73   79   85   91   96  100  104  106  107  108  108
  108  107  105  104  102  100   98   96   94   91   89   86   84   81   78   76
   73   71   68   66   64   62   61   60   59   59   59   60   61   62   64   66
   68   70   72   73   74   75   74   74   72   70   68   65   62   58   55   51
   48   45   43   41   40   40   41   43   46
    77.5-180.0 180.0   5.0 450.0                            LAT/LON1/LON2/DLON/H
   31   35   39   45   51   58   66   73   79   85   90   94   97   99  100  100
  100  100  100   99   99   98   98   97   95   93   91   88   85   81   78   74
   71   68   65   62   60   58   56   54   53   53   54   55   58   60   64   68
   72   75   79   81   83   85   85   84   83   81   78   74   69   65   60   54
   49   44   39   35   32   30   29   30   31
    75.0-180.0 180.0   5.0 450.0                            LAT/LON1/LON2/DLON/H
   26   28   31   35   41   48   55   62   69   75   81   85   88   90   91   93
   94   96   98  101  104  106  108  109  109  107  104  100   96   91   86   81
   76   72   67   64   60   57   54   52   51   50   51   53   56   60   65   71
   76   81   86   90   93   95   96   96   95   94   91   87   83   78   73   67
   61   54   48   42   36   32   29   27   26
    72.5-180.0 180.0   5.0 450.0                            LAT/LON1/LON2/DLON/H
   32   31   32   35   39   44   50   57   63   69   73   77   80   83   86   89
   93   98  104  112  119  126  132  135  136  134  130  124  117  109  101   93
   86   80   74   68   63   59   55   51   49   48   48   50   54   58   64   71
   77   83   89   94   97  100  102  103  103  103  102  100   97   94   89   84
   78   72   65   58   51   45   39   35   32
    70.0-180.0 180.0   5.0 450.0                            LAT/LON1/LON2/DLON/H
   47   44   42   42   44   47   52   56   61   66   70   73   76   80   84   89
   96  106  118  131  144  157  167  173  175  173  166  157  146  134  122  110
  100   91   83   75   69   62   56   51   47   45   44   45   48   53   58   65
   71   77   82   87   91   94   96   98  100  102  104  105  105  104  103  100
   97   92   86   79   72   65   58   52   47
    67.5-180.0 180.0   5.0 450.0                            LAT/LON1/LON2/DLON/H
   65   60   57   55   55   56   57   60   63   66   69   72   75   79   85   92
  103  118  135  155  175  193  207  216  219  215  206  193  178  161  145  130
  117  105   94   84   75   67   59   52   46   41   38   38   39   42   47   52
   57   61   65   69   72   74   77   81   85   89   94   98  102  106  108  109
  108  106  103   98   92   85   78   71   65
    65.0-180.0 180.0   5.0 450.0                            LAT/LON1/LON2/DLON/H
   79   75   71   68   66   65   65   65   66   68   70   73   76   81   88   98
  112  131  153  178  204  227  246  257  260  255  244  228  209  189  170  152
  136  121  107   95   83   73   62   53   44   37   32   29   28   28   30   33
   36   38   40   41   43   45   49   54   60   67   74   82   89   96  102  106
  109  110  109  107  103   98   92   85   79
    62.5-180.0 180.0   5.0 450.0                            LAT/LON1/LON2/DLON/H
   86   82   79   76   74   72   71   69   69   69   71   74   78   84   93  104
  121  142  168  198  227  254  275  288  291  286  273  256  236  216  196  176
  158  141  125  109   95   81   69   56   45   35   27   21   17   14   14   13
   13   13   12   12   12   14   18   24   31   40   50   59   69   78   86   93
   98  102  104  104  102   99   95   90   86
    60.0-180.0 180.0   5.0 450.0                            LAT/LON1/LON2/DLON/H
   81   80   79   78   77   75   73   71   69   70   72   76   81   89   98  111
  129  152  179  210  241  269  291  305  309  304  293  277  260  241  223  204
  185  165  146  128  110   94   79   64   51   38   27   17   10    4    1    0
    0    0    0    0    0    0    0    0    8   18   28   38   48   58   66   74
   80   85   88   89   89   88   86   83   81
    57.5-180.0 180.0   5.0 450.0                            LAT/LON1/LON2/DLON/H
   68   70   71   73   74   73   71   69   68   69   72   78   85   95  106  119
  137  159  186  216  246  274  295  309  313  311  303  292  279  266  251  234
  214  193  171  149  129  110   92   76   60   46   32   20    9    2    0    0
    0    0    0    0    0    0    0    0    0    7   16   25   34   41   48   55
   60   64   67   69   70   69   69   68   68
    55.0-180.0 180.0   5.0 450.0                            LAT/LON1/LON2/DLON/H
   52   56   60   64   67   68   67   66   66   68   73   82   92  103  116  130
  147  168  192  219  247  272  291  304  310  310  307  302  297  289  279  264
  245  221  196  171  147  126  108   90   74   58   42   28   17    7    1    0
    0    0    0    0    0    0    0    0    4   11   18   24   29   34   39   43
   46   48   49   50   50   50   50   50   52
    52.5-180.0 180.0   5.0 450.0                            LAT/LON1/LON2/DLON/H
   39   44   49   55   60   63   63   63   64   69   77   89  102  116  130  144
  161  179  201  224  248  269  287  298  305  308  310  311  312  310  303  290
  270  245  217  189  164  142  123  105   89   72   56   42   30   21   14   10
    8    6    4    3    4    6   11   16   22   27   31   34   36   38   40   42
   42   42   41   39   38   37   36   37   39
    50.0-180.0 180.0   5.0 450.0                            LAT/LON1/LON2/DLON/H
   35   39   45   51   56   59   61   62   66   73   85  100  116  132  148  163
  179  197  215  235  254  272  287  297  304  309  314  319  324  325  320  306
  285  258  228  200  174  152  134  118  102   86   71   57   46   38   33   32
   31   30   30   30   31   33   37   42   46   49   50   51   51   51   51   51
   49   46   43   40   37   35   33   33   35
    47.5-180.0 180.0   5.0 450.0                            LAT/LON1/LON2/DLON/H
   41   43   48   53   57   60   62   65   71   82   97  115  133  152  169  186
  202  219  236  252  269  284  296  305  312  316  322  327  331  331  325  309
  287  259  230  202  178  159  142  127  112   98   83   70   61   55   53   53
   54   55   55   55   55   57   60   64   67   68   68   68   67   67   67   66
   64   60   55   50   46   44   42   41   41
    45.0-180.0 180.0   5.0 450.0                            LAT/LON1/LON2/DLON/H
   56   56   57   60   63   65   67   71   80   94  113  134  154  174  193  211
  228  245  261  276  290  303  314  321  326  329  331  333  332  328  317  299
  276  250  224  200  180  163  148  134  120  105   92   80   72   69   69   71
   74   74   74   72   71   71   73   75   77   79   79   79   80   81   82   82
   80   76   71   66   62   60   59   57   56
    42.5-180.0 180.0   5.0 450.0                            LAT/LON1/LON2/DLON/H
   73   71   70   70   71   71   72   78   89  108  131  154  176  197  216  236
  254  271  287  301  314  326  336  342  344  343  340  335  327  316  300  281
  260  239  219  201  185  171  156  142  127  112   98   87   81   79   81   84
   86   86   83   78   74   72   72   74   76   78   80   81   84   87   91   93
   92   89   84   80   78   77   77   76   73
    40.0-180.0 180.0   5.0 450.0                            LAT/LON1/LON2/DLON/H
   87   83   80   78   77   75   76   83   98  121  148  175  199  220  239  259
  278  295  310  324  336  348  357  361  361  356  346  334  319  302  283  265
  249  237  226  216  204  190  174  156  138  121  106   94   88   87   90   93
   94   92   86   78   71   66   64   65   67   69   72   76   80   86   91   94
   95   93   89   87   86   88   90   90   87
    37.5-180.0 180.0   5.0 450.0                            LAT/LON1/LON2/DLON/H
   92   88   84   81   78   75   76   85  104  132  163  194  219  241  260  279
  297  313  327  340  351  362  370  373  370  362  349  332  313  294  276  264
  258  256  256  252  243  227  206  183  160  139  120  107  100   99  102  105
  105  100   91   80   69   62   57   56   58   61   64   69   74   79   84   88
   89   87   85   84   85   89   92   94   92
    35.0-180.0 180.0   5.0 450.0                            LAT/LON1/LON2/DLON/H
   85   82   79   76   73   70   72   83  105  138  175  209  237  260  279  297
  313  326  337  347  357  366  372  374  371  362  350  334  316  301  290  288
  295  306  315  316  305  284  256  226  196  168  146  130  122  121  124  127
  126  120  109   95   82   71   64   60   60   61   64   67   70   73   76   78
   78   76   74   73   75   79   84   87   85
    32.5-180.0 180.0   5.0 450.0                            LAT/LON1/LON2/DLON/H
   70   68   65   64   62   61   64   77  103  141  182  221  252  277  296  312
  325  334  341  347  353  359  364  365  363  358  351  343  335  330  332  344
  365  387  403  404  389  360  322  283  245  212  186  168  158  157  161  164
  164  157  146  131  116  103   93   85   81   78   77   76   75   74   72   70
   68   65   61   60   61   64   69   71   70
    30.0-180.0 180.0   5.0 450.0                            LAT/LON1/LON2/DLON/H
   51   49   49   49   50   51   55   70   99  140  187  230  265  291  312  326
  335  340  342  343  345  348  350  351  352  355  359  365  372  383  401  428
  462  493  511  508  485  445  398  350  306  268  239  218  209  208  213  218
  220  215  204  190  175  159  145  132  122  114  107  101   94   87   79   72
   66   60   55   51   50   50   52   53   51
    27.5-180.0 180.0   5.0 450.0                            LAT/LON1/LON2/DLON/H
   36   34   34   37   40   42   49   65   96  140  190  236  275  305  326  340
  346  346  343  340  337  336  335  337  344  357  377  400  426  455  489  530
  572  606  621  611  577  528  473  419  372  332  300  279  269  270  277  285
  289  287  278  266  250  232  213  195  178  163  150  137  125  112   98   86
   76   68   61   54   48   44   42   39   36
    25.0-180.0 180.0   5.0 450.0                            LAT/LON1/LON2/DLON/H
   29   26   26   30   36   40   48   66   98  143  193  241  283  316  340  354
  358  356  349  342  336  331  328  332  345  370  406  448  491  536  583  632
  677  709  716  696  653  596  537  482  434  395  364  343  334  336  345  355
  361  361  355  344  328  308  285  261  237  216  197  180  163  145  128  112
   99   89   80   70   60   50   42   35   29
    22.5-180.0 180.0   5.0 450.0                            LAT/LON1/LON2/DLON/H
   34   28   28   33   39   46   55   74  106  149  198  247  290  327  353  369
  373  370  362  353  344  336  333  339  360  396  446  502  559  613  666  716
  758  781  779  749  699  640  582  531  487  450  421  401  393  395  405  416
  422  423  418  407  391  369  343  315  287  262  239  220  201  182  163  145
  131  120  109   97   82   67   55   43   34
    20.0-180.0 180.0   5.0 450.0                            LAT/LON1/LON2/DLON/H
   49   41   39   44   50   58   69   89  120  162  208  254  298  336  366  384
  391  389  383  374  364  355  352  361  389  434  493  556  617  673  723  767
  800  813  801  765  713  658  607  564  526  494  466  447  438  439  447  455
  460  459  452  441  424  401  374  344  316  290  268  249  232  214  196  179
  165  154  143  128  110   92   75   61   49
    17.5-180.0 180.0   5.0 450.0                            LAT/LON1/LON2/DLON/H
   69   59   56   59   66   75   88  109  140  179  221  264  306  346  379  401
  412  413  410  403  393  385  383  397  430  480  541  604  660  708  748  781
  802  805  785  747  700  654  614  581  551  523  497  476  463  460  463  466
  466  461  451  438  420  398  372  346  320  298  279  263  250  237  222  207
  194  184  172  157  138  117   98   82   69
    15.0-180.0 180.0   5.0 450.0                            LAT/LON1/LON2/DLON/H
   88   78   73   75   82   92  107  131  163  200  239  277  317  358  393  420
  435  442  443  438  430  423  424  442  478  529  586  639  683  716  742  761
  771  765  743  708  671  638  612  590  566  540  512  487  469  459  453  449
  441  431  417  402  384  364  343  323  305  288  275  265  257  249  238  226
  214  204  193  177  157  136  118  102   88
    12.5-180.0 180.0   5.0 450.0                            LAT/LON1/LON2/DLON/H
  102   91   86   87   93  105  125  152  187  224  259  294  331  372  410  441
  461  473  478  477  470  465  469  491  529  576  623  661  687  703  714  721
  722  713  693  666  642  624  610  596  576  549  518  486  459  439  424  410
  395  379  362  347  330  314  300  289  280  272  264  259  255  251  244  234
  223  213  202  187  167  146  129  114  102
    10.0-180.0 180.0   5.0 450.0                            LAT/LON1/LON2/DLON/H
  107   97   91   92   99  113  137  170  208  247  281  313  349  390  430  464
  489  506  515  515  510  506  514  538  575  616  650  671  679  680  679  678
  676  668  654  638  627  622  617  607  587  556  518  478  441  410  385  363
  342  322  305  291  278  269  263  261  262  261  257  254  252  250  244  235
  224  214  202  186  166  147  132  119  107
     7.5-180.0 180.0   5.0 450.0                            LAT/LON1/LON2/DLON/H
  106   96   90   90   98  116  144  182  226  267  302  335  370  411  453  490
  518  538  549  551  547  544  554  579  614  646  667  672  667  657  651  649
  649  647  641  635  634  637  637  626  602  565  519  470  423  383  350  322
  298  279  264  254  248  245  248  255  262  266  264  259  255  251  244  233
  221  210  197  181  161  143  129  117  106
     5.0-180.0 180.0   5.0 450.0                            LAT/LON1/LON2/DLON/H
  103   92   85   85   94  114  147  190  239  285  323  356  393  435  477  515
  545  568  580  582  578  577  588  613  644  667  676  671  657  645  640  644
  650  655  657  659  664  668  667  651  621  576  524  468  414  367  330  300
  278  262  254  251  251  256  264  277  288  291  287  278  269  260  249  235
  221  208  194  177  158  140  125  114  103
     2.5-180.0 180.0   5.0 450.0                            LAT/LON1/LON2/DLON/H
  101   89   81   81   91  113  148  196  249  298  340  376  414  457  500  538
  569  592  605  608  605  604  615  639  664  680  681  670  656  649  652  663
  678  690  697  701  706  707  699  677  640  590  533  474  417  368  331  304
  286  278  277  282  290  300  312  325  335  336  326  310  293  278  262  244
  228  213  198  181  161  142  127  114  101
