static/ion/2023-12-11.23i
     1.0            IONOSPHERE MAPS     GNSS                IONEX VERSION / TYPE
IONINX V5.5         AIUB                10-DEC-23 07:37     PGM / RUN BY / DATE 
CODE'S 2-DAY PREDICTED IONOSPHERE MAPS FOR DAY 345, 2023    COMMENT             
Global ionosphere maps (GIM) are generated on a daily basis DESCRIPTION         
at CODE using data from about 120 GNSS sites of the IGS and DESCRIPTION         
other institutions. The vertical total electron content     DESCRIPTION         
(VTEC) is modeled in a solar-geomagnetic reference frame    DESCRIPTION         
using a spherical harmonics expansion up to degree and      DESCRIPTION         
order 15. Piece-wise linear functions are used for          DESCRIPTION         
representation in the time domain. The time spacing of      DESCRIPTION         
their vertices is 1 hour, conforming with the epochs of the DESCRIPTION         
VTEC maps.                                                  DESCRIPTION         
To convert line-of-sight TEC into vertical TEC, a modified  DESCRIPTION         
single-layer model mapping function approximating the JPL   DESCRIPTION         
extended slab model mapping function is adopted. The        DESCRIPTION         
mapping function is evaluated at geodetic satellite         DESCRIPTION         
elevation angles. For the computation of the ionospheric    DESCRIPTION         
pierce points, a spherical layer with a radius of 6821 km   DESCRIPTION         
is assumed, implying geocentric, not geodetic IONEX         DESCRIPTION         
latitudes.                                                  DESCRIPTION         
Instrumental biases with respect to each involved GNSS code DESCRIPTION         
observable are estimated as constant values for each        DESCRIPTION         
day. They are modeled with one set of bias parameters for   DESCRIPTION         
each satellite and each station in case of GPS and for each DESCRIPTION         
satellite-station link in case of GLONASS. The code bias    DESCRIPTION         
datum is defined by zero-mean conditions imposed on the     DESCRIPTION         
satellite bias estimates. In this file, just GPS C1W-C2W    DESCRIPTION         
satellite and station bias values are included. The         DESCRIPTION         
complete set of GNSS code bias results is provided in an    DESCRIPTION         
additional Bias-SINEX file as pseudo-absolute values        DESCRIPTION         
specific to each observable.                                DESCRIPTION         
Contact address: code(at)aiub.unibe.ch                      DESCRIPTION         
Data archive:    ftp.aiub.unibe.ch/CODE/                    DESCRIPTION         
                 www.aiub.unibe.ch/download/CODE/           DESCRIPTION         
  2023    12    11     0     0     0                        EPOCH OF FIRST MAP  
  2023    12    12     0     0     0                        EPOCH OF LAST MAP   
  3600                                                      INTERVAL            
    25                                                      # OF MAPS IN FILE   
  NONE                                                      MAPPING FUNCTION    
    10.0                                                    ELEVATION CUTOFF    
One-way carrier phase leveled to code                       OBSERVABLES USED    
  6371.0                                                    BASE RADIUS         
     2                                                      MAP DIMENSION       
   450.0 450.0   0.0                                        HGT1 / HGT2 / DHGT  
    87.5 -87.5  -2.5                                        LAT1 / LAT2 / DLAT  
  -180.0 180.0   5.0                                        LON1 / LON2 / DLON  
    -1                                                      EXPONENT            
TEC/RMS values in 0.1 TECU; 9999, if no value available     COMMENT             
                                                            END OF HEADER       
[from data line 4290]
    11                                                      START OF TEC MAP    
  2023    12    11    10     0     0                        EPOCH OF CURRENT MAP
    87.5-180.0 180.0   5.0 450.0                            LAT/LON1/LON2/DLON/H
   26   28   29   31   32   34   36   38   39   41   42   44   46   47   48   49
   51   52   52   53   54   54   54   54   54   54   53   52   52   51   50   48
   47   46   44   43   41   39   37   36   34   32   30   29   27   26   24   23
   21   20   19   18   17   17   16   16   15   15   15   15   15   16   16   17
   17   18   19   20   21   22   23   25   26
    85.0-180.0 180.0   5.0 450.0                            LAT/LON1/LON2/DLON/H
   20   23   25   28   30   33   36   39   42   45   47   50   53   55   58   60
   62   64   66   67   68   69   69   69   69   69   68   67   66   64   63   60
   58   56   53   50   47   45   42   38   35   32   30   27   24   22   19   17
   15   14   12   11   10    9    8    8    7    7    7    7    7    8    8    9
    9   10   11   12   13   15   17   18   20
    82.5-180.0 180.0   5.0 450.0                            LAT/LON1/LON2/DLON/H
   19   21   23   25   28   31   34   37   40   44   47   50   53   56   59   62
   65   67   69   71   73   74   75   75   75   75   74   73   72   71   69   67
   65   62   59   57   54   51   47   44   41   38   35   32   29   26   24   22
   21   19   18   17   17   16   16   16   16   15   15   15   15   15   14   14
   14   14   14   14   15   15   16   17   19
    80.0-180.0 180.0   5.0 450.0                            LAT/LON1/LON2/DLON/H
   23   23   24   26   27   30   32   34   37   40   42   45   48   50   53   56
   58   61   63   65   67   69   70   71   71   71   71   71   70   69   68   67
   66   65   64   62   60   59   57   55   53   50   48   46   45   43   42   41
   40   39   39   39   40   40   40   40   40   40   40   39   38   37   36   34
   32   30   28   27   25   24   23   23   23
    77.5-180.0 180.0   5.0 450.0                            LAT/LON1/LON2/DLON/H
   33   31   30   30   30   31   32   33   34   35   36   38   39   41   42   44
   46   49   51   53   55   57   59   60   60   61   61   61   61   61   62   63
   64   65   67   68   69   70   71   72   72   72   72   72   72   72   72   72
   73   73   74   75   76   77   77   78   78   77   76   74   72   70   67   63
   60   56   52   48   44   40   37   35   33
    75.0-180.0 180.0   5.0 450.0                            LAT/LON1/LON2/DLON/H
   47   43   41   39   38   37   36   35   34   33   32   32   31   31   32   33
   34   36   38   41   43   45   46   47   48   48   48   49   50   51   53   57
   61   66   71   76   82   87   91   96   99  102  105  107  109  111  112  114
  115  116  117  118  118  119  119  119  118  117  114  112  108  104   99   94
   89   83   77   71   66   60   55   51   47
    72.5-180.0 180.0   5.0 450.0                            LAT/LON1/LON2/DLON/H
   62   58   54   51   48   46   44   42   39   36   33   30   28   26   25   25
   26   28   30   33   35   37   39   39   39   39   38   38   39   41   46   51
   59   68   77   87   97  107  116  125  132  139  144  149  153  156  158  159
  160  160  160  159  159  158  156  154  152  148  144  140  135  129  123  117
  110  104   97   91   85   78   72   67   62
    70.0-180.0 180.0   5.0 450.0                            LAT/LON1/LON2/DLON/H
   74   70   66   63   61   58   55   52   48   44   39   35   31   27   25   25
   26   27   30   33   35   37   38   38   37   35   33   32   32   35   41   49
   60   73   87  101  116  130  144  156  167  177  185  192  197  200  202  202
  201  199  196  192  189  185  180  176  170  164  158  151  144  137  130  123
  117  111  106  100   95   90   84   79   74
    67.5-180.0 180.0   5.0 450.0                            LAT/LON1/LON2/DLON/H
   81   78   75   73   71   69   67   64   59   54   49   43   38   35   32   31
   32   34   36   39   42   44   44   43   41   37   34   31   31   34   40   51
   65   81   99  118  137  155  172  188  202  214  224  232  237  240  240  237
  233  227  220  212  205  196  188  180  171  162  152  143  133  125  117  111
  106  102   99   96   93   90   87   84   81
    65.0-180.0 180.0   5.0 450.0                            LAT/LON1/LON2/DLON/H
   80   79   79   78   78   77   75   73   70   65   59   54   49   45   42   42
   42   44   47   50   52   54   54   52   48   43   38   34   33   36   44   57
   74   94  115  137  159  179  198  215  231  245  257  265  270  271  268  262
  254  243  231  219  206  194  182  169  157  144  131  119  107   97   88   82
   79   77   77   78   79   80   80   80   80
    62.5-180.0 180.0   5.0 450.0                            LAT/LON1/LON2/DLON/H
   72   74   76   77   78   79   79   78   75   72   67   63   58   55   53   53
   54   56   58   60   62   63   63   61   56   51   44   39   38   42   51   66
   86  109  133  157  179  201  220  238  255  269  281  289  292  291  286  277
  264  249  233  216  199  183  167  151  135  119  103   88   73   61   52   46
   44   44   47   51   56   61   65   69   72
    60.0-180.0 180.0   5.0 450.0                            LAT/LON1/LON2/DLON/H
   60   65   69   72   74   76   77   77   76   74   70   67   64   62   62   62
   63   64   65   66   67   68   68   66   62   56   49   44   44   49   61   79
  102  127  153  177  199  219  238  255  271  285  296  303  306  303  295  283
  267  249  229  209  189  170  152  134  116   97   79   61   44   29   19   13
   11   12   17   24   31   39   47   54   60
    57.5-180.0 180.0   5.0 450.0                            LAT/LON1/LON2/DLON/H
   48   55   61   65   68   69   71   71   71   70   69   67   66   65   66   67
   67   68   67   67   67   67   67   66   63   58   52   48   49   57   72   93
  119  146  173  196  217  235  252  267  281  294  304  311  312  308  298  284
  267  247  226  205  184  164  145  125  106   86   66   46   27   11    0    0
    0    0    0    3   12   21   31   40   48
    55.0-180.0 180.0   5.0 450.0                            LAT/LON1/LON2/DLON/H
   41   50   56   60   62   63   63   63   63   64   63   63   63   64   66   67
   68   67   66   64   63   63   64   63   61   57   53   51   55   65   84  109
  137  166  192  215  233  248  262  275  287  299  307  313  313  308  298  285
  268  248  228  208  187  167  148  129  110   89   68   48   28   11    0    0
    0    0    0    0    2   11   21   31   41
    52.5-180.0 180.0   5.0 450.0                            LAT/LON1/LON2/DLON/H
   41   51   57   60   61   59   58   57   57   57   58   59   59   61   63   65
   66   65   62   59   58   58   59   59   58   55   53   54   60   75   97  124
  155  184  210  231  247  260  271  281  291  300  308  312  312  307  298  286
  271  254  236  217  198  179  161  143  124  104   83   62   43   26   13    4
    0    0    0    0    5   12   20   31   41
    50.0-180.0 180.0   5.0 450.0                            LAT/LON1/LON2/DLON/H
   48   58   64   67   65   62   58   56   55   55   56   57   58   59   61   63
   64   63   60   58   56   56   57   58   57   55   55   58   68   86  110  140
  171  200  225  245  260  271  279  287  294  302  307  311  310  306  299  289
  277  263  247  230  213  196  178  160  142  122  102   83   65   50   38   29
   24   20   18   17   18   21   28   38   48
    47.5-180.0 180.0   5.0 450.0                            LAT/LON1/LON2/DLON/H
   59   69   76   78   76   70   65   61   59   59   60   60   60   61   62   64
   65   65   63   61   59   60   61   61   60   59   60   65   78   98  124  154
  184  212  237  256  271  281  288  294  299  304  308  311  310  307  302  294
  285  273  259  244  228  211  193  175  156  137  117   99   84   71   62   55
   51   46   42   37   35   35   40   48   59
    45.0-180.0 180.0   5.0 450.0                            LAT/LON1/LON2/DLON/H
   69   80   88   91   88   83   76   71   70   70   70   69   68   67   67   68
   70   70   70   69   69   70   70   69   66   65   68   76   91  113  138  166
  194  221  245  265  280  291  298  303  306  310  312  313  313  311  307  301
  293  283  270  254  238  220  201  181  161  141  122  105   92   82   76   73
   70   66   61   55   50   49   52   59   69
    42.5-180.0 180.0   5.0 450.0                            LAT/LON1/LON2/DLON/H
   75   86   95  100  100   95   89   85   84   84   85   83   81   78   76   76
   77   79   80   82   83   84   83   79   76   74   79   89  107  128  152  177
  201  226  249  271  289  302  310  315  317  319  320  320  319  318  315  310
  302  291  277  261  243  223  202  181  158  137  117  100   88   80   77   77
   77   75   70   64   59   57   59   65   75
    40.0-180.0 180.0   5.0 450.0                            LAT/LON1/LON2/DLON/H
   73   84   95  102  105  103  100   97   97   99  101   99   96   91   87   86
   87   89   92   95   98   98   96   91   85   85   91  105  124  145  166  187
  207  229  253  277  298  314  325  330  332  332  332  332  331  329  327  322
  313  301  285  267  247  225  203  179  154  130  108   90   77   70   68   70
   72   72   69   64   60   58   59   64   73
    37.5-180.0 180.0   5.0 450.0                            LAT/LON1/LON2/DLON/H
   65   74   85   95  102  104  104  104  107  111  114  113  110  104   99   96
   96   99  103  107  110  111  106   99   93   94  103  120  142  163  181  197
  213  234  258  285  310  330  343  349  351  351  351  350  349  347  344  339
  330  316  298  278  257  235  211  186  159  132  107   86   71   62   59   60
   62   63   62   59   56   54   55   58   65
    35.0-180.0 180.0   5.0 450.0                            LAT/LON1/LON2/DLON/H
   54   61   70   81   91   97  100  104  109  115  121  122  120  115  109  106
  105  106  110  115  118  118  112  104   98  100  113  135  159  180  195  208
  223  243  269  298  327  350  365  372  376  377  377  376  375  373  370  364
  354  340  322  302  281  260  238  212  185  156  128  102   82   68   61   59
   60   60   59   57   54   52   51   51   54
    32.5-180.0 180.0   5.0 450.0                            LAT/LON1/LON2/DLON/H
   47   48   55   65   76   84   91   97  104  113  121  125  125  122  117  113
  111  111  113  117  121  120  114  105  100  105  122  148  174  196  212  224
  238  259  286  318  349  374  391  401  406  408  410  410  409  407  404  399
  390  377  360  342  324  306  287  264  237  208  177  147  121  101   87   80
   76   73   70   66   63   59   54   50   47
    30.0-180.0 180.0   5.0 450.0                            LAT/LON1/LON2/DLON/H
   50   45   46   53   62   72   79   86   94  104  114  121  125  124  122  118
  115  113  114  117  119  118  112  104  101  109  130  159  189  213  230  244
  261  283  313  346  378  404  422  434  441  446  450  451  450  448  445  442
  436  426  413  399  386  373  359  340  316  288  256  223  191  163  142  127
  117  109  101   94   87   80   70   60   50
    27.5-180.0 180.0   5.0 450.0                            LAT/LON1/LON2/DLON/H
   68   55   49   51   57   64   70   76   84   94  104  113  120  123  124  122
  118  115  113  115  117  115  110  103  102  113  138  170  202  229  250  269
  291  317  348  380  412  437  457  470  481  489  495  497  496  494  492  491
  489  484  476  468  461  454  445  431  412  387  356  321  284  249  221  199
  183  169  156  143  130  117  102   85   68
    25.0-180.0 180.0   5.0 450.0                            LAT/LON1/LON2/DLON/H
  100   81   69   64   65   68   70   73   78   85   95  105  114  120  124  124
  121  116  113  113  115  114  109  104  105  119  146  180  215  246  273  299
  327  357  388  419  448  473  493  509  522  534  541  544  543  540  540  542
  545  545  543  541  539  537  533  524  509  488  460  425  386  346  312  286
  265  246  227  207  188  168  147  124  100
    22.5-180.0 180.0   5.0 450.0                            LAT/LON1/LON2/DLON/H
  145  121  103   92   87   84   82   80   80   84   91   99  108  117  123  125
  123  118  114  113  115  115  111  108  111  126  154  190  227  263  297  332
  366  399  430  458  484  508  529  547  564  578  587  590  588  585  585  590
  597  602  604  606  607  608  607  602  591  575  551  518  478  437  400  371
  348  326  302  277  252  226  200  172  145
    20.0-180.0 180.0   5.0 450.0                            LAT/LON1/LON2/DLON/H
  193  167  147  131  121  112  105   98   93   91   93   98  105  114  121  125
  124  119  115  114  116  117  116  114  119  136  164  200  240  280  322  364
  405  440  469  494  517  539  561  582  601  617  627  630  627  623  623  630
  639  647  652  654  656  658  656  652  645  632  612  582  544  503  467  439
  416  394  368  340  310  280  251  222  193
    17.5-180.0 180.0   5.0 450.0                            LAT/LON1/LON2/DLON/H
  237  213  192  175  161  148  136  124  114  107  103  103  106  112  119  123
  123  119  116  116  118  120  120  121  127  146  175  212  253  298  345  394
  438  474  501  522  542  564  588  611  632  650  660  662  658  653  653  660
  670  678  682  683  682  681  677  671  664  654  637  610  574  535  501  476
  456  436  411  382  351  320  291  263  237
    15.0-180.0 180.0   5.0 450.0                            LAT/LON1/LON2/DLON/H
  267  247  229  213  199  184  169  154  140  127  118  112  110  112  116  119
  119  117  115  116  119  122  123  125  135  155  186  225  268  315  366  418
  463  498  522  540  559  582  607  632  655  673  684  686  681  675  674  680
  689  694  695  692  687  681  673  663  654  643  628  602  568  532  500  478
  462  446  424  397  368  339  313  289  267
    12.5-180.0 180.0   5.0 450.0                            LAT/LON1/LON2/DLON/H
  280  266  253  240  228  214  199  182  165  149  135  124  117  114  113  114
  114  112  111  112  116  119  122  127  140  164  198  239  284  332  384  435
  479  510  531  548  567  592  619  645  668  687  698  700  696  691  689  693
  699  700  696  689  679  668  655  641  627  614  597  571  537  501  471  451
  437  424  407  384  359  334  313  295  280
    10.0-180.0 180.0   5.0 450.0                            LAT/LON1/LON2/DLON/H
  274  266  259  252  243  232  219  202  185  167  150  136  124  115  110  108
  106  105  105  106  109  112  117  125  143  172  210  254  299  347  396  443
  483  512  530  547  567  594  623  650  673  692  704  709  707  702  701  703
  704  701  693  682  669  655  638  619  600  582  561  533  497  459  427  406
  393  382  368  349  330  311  295  283  274
     7.5-180.0 180.0   5.0 450.0                            LAT/LON1/LON2/DLON/H
  255  252  250  248  244  237  227  212  195  178  161  145  130  117  107  101
   98   97   97   98  100  103  109  121  144  179  222  268  313  358  402  444
  479  504  522  540  562  591  620  648  671  690  705  712  714  712  711  712
  710  704  693  681  668  653  633  611  588  564  538  504  464  422  386  361
  345  333  319  305  290  277  267  259  255
     5.0-180.0 180.0   5.0 450.0                            LAT/LON1/LON2/DLON/H
  230  230  231  233  234  231  224  211  196  181  166  151  135  119  106   97
   92   90   89   89   90   93  101  117  146  186  233  281  325  365  403  438
  468  491  510  530  555  585  615  642  665  686  703  714  720  722  722  722
  718  711  700  690  680  667  649  625  598  569  536  497  451  403  362  330
  308  291  277  264  253  244  237  232  230
     2.5-180.0 180.0   5.0 450.0                            LAT/LON1/LON2/DLON/H
  210  210  212  216  220  220  214  203  191  178  166  154  139  122  106   95
   89   86   84   83   82   85   95  116  150  195  244  291  332  366  398  427
  454  477  498  521  548  578  607  634  657  680  700  716  726  730  732  732
  729  722  715  709  704  697  682  658  629  596  558  513  462  409  360  321
  292  269  251  237  228  221  216  212  210
