static/ion/2023-12-25.23i
     1.0            IONOSPHERE MAPS     GNSS                IONEX VERSION / TYPE
IONINX V5.5         AIUB                24-DEC-23 07:42     PGM / RUN BY / DATE 
CODE'S 2-DAY PREDICTED IONOSPHERE MAPS FOR DAY 359, 2023    COMMENT             
Global ionosphere maps (GIM) are generated on a daily basis DESCRIPTION         
at CODE using data from about 120 GNSS sites of the IGS and DESCRIPTION         
other institutions. The vertical total electron content     DESCRIPTION         
(VTEC) is modeled in a solar-geomagnetic reference frame    DESCRIPTION         
using a spherical harmonics expansion up to degree and      DESCRIPTION         
order 15. Piece-wise linear functions are used for          DESCRIPTION         
representation in the time domain. The time spacing of      DESCRIPTION         
their vertices is 1 hour, conforming with the epochs of the DESCRIPTION         
VTEC maps.                                                  DESCRIPTION         
To convert line-of-sight TEC into vertical TEC, a modified  DESCRIPTION         
single-layer model mapping function approximating the JPL   DESCRIPTION         
extended slab model mapping function is adopted. The        DESCRIPTION         
mapping function is evaluated at geodetic satellite         DESCRIPTION         
elevation angles. For the computation of the ionospheric    DESCRIPTION         
pierce points, a spherical layer with a radius of 6821 km   DESCRIPTION         
is assumed, implying geocentric, not geodetic IONEX         DESCRIPTION         
latitudes.                                                  DESCRIPTION         
Instrumental biases with respect to each involved GNSS code DESCRIPTION         
observable are estimated as constant values for each        DESCRIPTION         
day. They are modeled with one set of bias parameters for   DESCRIPTION         
each satellite and each station in case of GPS and for each DESCRIPTION         
satellite-station link in case of GLONASS. The code bias    DESCRIPTION         
datum is defined by zero-mean conditions imposed on the     DESCRIPTION         
satellite bias estimates. In this file, just GPS C1W-C2W    DESCRIPTION         
satellite and station bias values are included. The         DESCRIPTION         
complete set of GNSS code bias results is provided in an    DESCRIPTION         
additional Bias-SINEX file as pseudo-absolute values        DESCRIPTION         
specific to each observable.                                DESCRIPTION         
Contact address: code(at)aiub.unibe.ch                      DESCRIPTION         
Data archive:    ftp.aiub.unibe.ch/CODE/                    DESCRIPTION         
                 www.aiub.unibe.ch/download/CODE/           DESCRIPTION         
  2023    12    25     0     0     0                        EPOCH OF FIRST MAP  
  2023    12    26     0     0     0                        EPOCH OF LAST MAP   
  3600                                                      INTERVAL            
    25                                                      # OF MAPS IN FILE   
  NONE                                                      MAPPING FUNCTION    
    10.0                                                    ELEVATION CUTOFF    
One-way carrier phase leveled to code                       OBSERVABLES USED    
  6371.0                                                    BASE RADIUS         
     2                                                      MAP DIMENSION       
   450.0 450.0   0.0                                        HGT1 / HGT2 / DHGT  
    87.5 -87.5  -2.5                                        LAT1 / LAT2 / DLAT  
  -180.0 180.0   5.0                                        LON1 / LON2 / DLON  
    -1                                                      EXPONENT            
TEC/RMS values in 0.1 TECU; 9999, if no value available     COMMENT             
                                                            END OF HEADER       
[from data line 429]
     2                                                      START OF TEC MAP    
  2023    12    25     1     0     0                        EPOCH OF CURRENT MAP
    87.5-180.0 180.0   5.0 450.0                            LAT/LON1/LON2/DLON/H
  172  172  172  172  172  172  171  171  170  169  168  168  167  165  164  163
  162  161  159  158  157  156  155  153  152  151  150  150  149  148  148  147
  147  146  146  146  146  146  146  147  147  147  148  148  149  149  150  150
  151  152  153  154  154  155  156  157  158  160  161  162  163  164  165  166
  167  168  169  170  171  171  172  172  172
    85.0-180.0 180.0   5.0 450.0                            LAT/LON1/LON2/DLON/H
  180  180  180  179  179  178  177  176  174  173  171  169  167  165  162  160
  157  155  153  150  148  145  143  141  139  137  136  134  133  132  131  131
  130  130  130  131  131  132  132  133  133  134  135  136  136  137  138  138
  139  140  141  142  143  144  146  148  150  152  154  156  159  161  164  166
  169  171  173  175  176  177  178  179  180
    82.5-180.0 180.0   5.0 450.0                            LAT/LON1/LON2/DLON/H
  185  184  184  183  181  180  178  175  173  170  168  165  162  158  155  152
  148  145  142  138  135  132  129  127  124  122  120  119  117  116  116  116
  116  117  117  118  120  121  122  123  124  125  126  126  127  127  127  127
  127  127  127  128  129  130  132  134  136  140  143  147  151  155  160  164
  168  172  175  178  181  182  184  184  185
    80.0-180.0 180.0   5.0 450.0                            LAT/LON1/LON2/DLON/H
  191  190  188  186  183  180  177  173  169  165  161  157  153  148  144  140
  136  132  129  125  122  119  117  114  112  110  108  107  106  106  106  106
  107  109  110  112  114  116  118  120  121  122  122  122  122  121  119  118
  116  115  114  113  113  114  115  118  121  125  131  137  143  150  157  164
  170  176  181  185  188  191  192  192  191
    77.5-180.0 180.0   5.0 450.0                            LAT/LON1/LON2/DLON/H
  204  201  197  192  188  182  177  172  166  161  155  149  143  137  131  126
  122  118  115  113  111  109  108  106  105  104  103  102  102  102  103  104
  106  108  110  113  116  118  120  122  123  124  123  122  121  118  115  112
  109  105  103  100   99   99  100  102  107  113  120  128  138  148  158  168
  177  186  193  199  203  205  206  206  204
    75.0-180.0 180.0   5.0 450.0                            LAT/LON1/LON2/DLON/H
  224  219  212  205  198  191  183  176  168  160  152  144  135  127  120  114
  109  105  103  103  103  103  104  104  105  105  105  105  105  105  106  108
  110  112  115  118  121  123  125  127  128  128  127  125  122  118  114  109
  104   99   94   91   88   87   88   91   97  104  114  125  138  151  165  179
  191  203  212  220  226  229  229  227  224
    72.5-180.0 180.0   5.0 450.0                            LAT/LON1/LON2/DLON/H
  251  244  235  225  216  206  197  187  178  167  156  145  133  122  112  104
   98   95   95   96   99  102  105  107  109  111  111  112  112  112  113  114
  116  118  120  123  125  127  129  130  131  130  128  126  122  118  113  107
  101   95   90   85   81   80   81   85   92  102  114  128  144  161  178  194
  210  225  237  247  254  258  259  256  251
    70.0-180.0 180.0   5.0 450.0                            LAT/LON1/LON2/DLON/H
  282  273  262  250  238  227  216  205  194  181  168  153  138  123  110  100
   93   90   90   94   99  104  109  113  116  118  118  119  118  118  118  118
  119  120  121  123  125  126  127  128  128  127  126  123  120  116  111  106
  100   94   88   83   79   78   80   85   93  105  120  137  155  174  194  213
  231  248  263  275  284  290  291  289  282
    67.5-180.0 180.0   5.0 450.0                            LAT/LON1/LON2/DLON/H
  313  303  290  276  263  250  238  226  214  201  186  168  150  131  115  102
   94   90   91   95  102  108  114  118  121  122  122  121  120  119  117  116
  115  115  115  116  117  118  119  119  119  119  118  116  113  110  107  103
   99   94   88   84   81   80   82   89   99  113  130  149  169  190  210  230
  249  268  285  299  311  318  321  320  313
    65.0-180.0 180.0   5.0 450.0                            LAT/LON1/LON2/DLON/H
  339  328  314  299  284  270  258  247  235  222  206  187  166  145  126  111
  100   96   96  100  106  112  116  119  120  120  119  117  114  112  110  107
  105  103  101  101  102  103  104  105  106  106  106  105  103  102  101   99
   96   93   89   86   83   83   87   95  108  124  143  164  185  205  225  244
  263  281  299  315  329  339  345  345  339
    62.5-180.0 180.0   5.0 450.0                            LAT/LON1/LON2/DLON/H
  357  347  333  317  301  286  274  263  252  240  225  206  185  163  142  125
  112  106  104  106  110  113  115  115  114  112  109  106  103  100   97   93
   89   86   84   84   84   86   88   90   92   92   93   93   92   93   93   93
   93   92   89   87   86   87   92  102  117  136  157  179  200  220  238  255
  271  288  306  323  339  351  360  362  357
    60.0-180.0 180.0   5.0 450.0                            LAT/LON1/LON2/DLON/H
  369  360  346  330  313  297  284  273  263  252  238  221  201  180  159  141
  127  118  114  113  112  112  110  106  103   99   96   93   91   88   84   80
   75   71   69   69   70   73   76   79   81   82   83   83   83   84   86   88
   89   90   89   87   87   89   96  108  126  147  170  194  215  233  249  263
  277  291  307  324  341  356  367  371  369
    57.5-180.0 180.0   5.0 450.0                            LAT/LON1/LON2/DLON/H
  376  369  357  340  323  306  292  280  269  258  246  231  214  194  175  157
  142  131  123  117  112  107  101   96   90   87   84   83   82   80   77   72
   67   63   61   62   64   68   72   76   78   79   79   78   78   79   81   84
   86   87   87   86   87   90   99  113  134  158  183  207  229  246  260  271
  282  293  307  323  340  356  369  376  376
    55.0-180.0 180.0   5.0 450.0                            LAT/LON1/LON2/DLON/H
  383  378  367  352  334  316  300  285  273  261  249  236  221  205  187  170
  154  140  128  118  109  101   93   86   81   79   79   81   82   81   79   74
   69   66   64   66   69   74   78   82   84   84   82   80   78   78   79   82
   85   87   87   86   87   91  102  119  141  168  195  221  243  260  272  282
  290  299  311  325  341  357  371  380  383
    52.5-180.0 180.0   5.0 450.0                            LAT/LON1/LON2/DLON/H
  389  388  380  367  350  332  313  295  278  263  250  237  224  211  196  179
  162  145  130  117  106   96   88   82   79   79   82   87   90   91   89   85
   80   77   77   79   84   88   93   95   96   94   91   88   84   82   83   85
   87   89   89   88   89   95  107  126  150  178  207  234  256  274  287  296
  303  311  320  332  346  361  374  385  389
    50.0-180.0 180.0   5.0 450.0                            LAT/LON1/LON2/DLON/H
  397  398  394  385  371  353  332  311  289  269  252  238  226  214  200  184
  166  147  130  115  104   95   88   85   84   87   93   99  104  106  104  100
   96   94   95   98  103  107  110  111  110  108  104   99   94   91   91   92
   94   95   94   94   95  102  116  137  163  191  220  247  270  289  303  313
  320  327  335  345  356  368  380  390  397
    47.5-180.0 180.0   5.0 450.0                            LAT/LON1/LON2/DLON/H
  402  406  406  401  391  376  356  332  306  282  260  243  229  217  203  186
  166  146  129  115  105   99   95   94   96  101  107  114  118  119  117  113
  110  109  111  115  120  124  126  125  123  120  116  111  107  103  102  103
  104  105  104  104  106  115  131  152  178  206  233  259  282  302  318  330
  338  346  352  360  368  377  386  395  402
    45.0-180.0 180.0   5.0 450.0                            LAT/LON1/LON2/DLON/H
  402  407  411  411  406  396  379  355  327  299  273  253  237  222  207  188
  167  147  130  118  112  109  109  109  111  115  120  124  126  126  123  119
  116  116  120  125  130  133  134  133  131  128  126  123  120  117  116  116
  118  118  117  117  121  131  149  172  197  223  248  271  293  314  331  344
  354  362  368  374  379  384  390  396  402
    42.5-180.0 180.0   5.0 450.0                            LAT/LON1/LON2/DLON/H
  397  402  406  410  410  405  393  374  347  318  290  267  248  231  213  193
  171  150  135  127  124  124  125  125  125  125  125  125  124  122  119  115
  114  115  120  126  131  134  135  134  132  132  133  132  131  130  129  130
  131  131  130  131  136  150  170  194  218  241  262  282  303  322  340  355
  366  374  380  384  386  388  390  393  397
    40.0-180.0 180.0   5.0 450.0                            LAT/LON1/LON2/DLON/H
  390  391  394  398  401  402  396  382  360  333  306  282  262  243  223  201
  178  159  146  141  140  142  141  138  133  128  123  119  115  111  108  106
  105  108  113  119  125  129  130  130  130  133  137  140  141  141  141  142
  142  142  141  142  150  166  189  215  239  259  276  293  311  329  347  361
  373  381  386  389  391  390  390  389  390
    37.5-180.0 180.0   5.0 450.0                            LAT/LON1/LON2/DLON/H
  387  383  381  382  384  387  386  379  363  342  319  296  276  256  235  212
  190  172  162  158  158  157  153  146  136  126  117  109  103   99   98   98
   99  102  107  113  119  123  125  126  129  134  140  146  149  149  149  149
  148  147  145  148  158  177  204  232  257  275  290  305  320  337  353  367
  378  386  391  395  396  396  394  391  387
    35.0-180.0 180.0   5.0 450.0                            LAT/LON1/LON2/DLON/H
  399  389  379  372  370  370  371  367  357  342  325  306  287  268  247  225
  204  188  179  175  173  169  160  148  135  123  113  105  100   99  100  102
  104  106  109  113  119  123  125  127  131  137  144  151  153  153  151  149
  147  145  143  146  158  182  213  245  271  291  305  318  333  348  363  376
  386  394  400  405  409  410  410  406  399
    32.5-180.0 180.0   5.0 450.0                            LAT/LON1/LON2/DLON/H
  434  419  401  384  372  365  361  356  349  339  326  311  295  277  257  236
  217  203  194  189  183  174  162  148  136  127  121  117  116  118  123  127
  128  128  127  127  130  132  135  136  139  144  150  154  155  153  148  144
  140  135  132  136  151  179  215  252  283  306  322  337  351  366  380  392
  402  411  420  428  435  441  445  443  434
    30.0-180.0 180.0   5.0 450.0                            LAT/LON1/LON2/DLON/H
  499  481  456  428  404  385  371  359  348  338  326  314  300  283  265  246
  229  215  205  197  187  174  161  150  145  145  147  151  156  163  170  174
  173  168  161  155  153  153  153  152  152  154  156  157  154  148  140  133
  126  120  117  121  139  172  214  257  294  322  343  360  377  392  407  419
  431  442  453  466  479  492  502  506  499
    27.5-180.0 180.0   5.0 450.0                            LAT/LON1/LON2/DLON/H
  590  574  545  511  475  442  412  387  366  349  334  321  306  289  271  253
  236  223  211  199  186  172  162  161  168  181  195  208  219  228  236  238
  234  222  207  193  185  180  176  171  167  163  160  156  149  139  128  119
  110  102   99  105  126  163  211  261  306  341  368  391  410  427  443  457
  472  486  502  519  538  559  579  591  590
    25.0-180.0 180.0   5.0 450.0                            LAT/LON1/LON2/DLON/H
  696  686  661  624  581  536  490  447  410  380  357  337  318  299  279  260
  243  227  213  199  185  175  173  184  206  233  259  279  294  304  309  308
  297  278  255  234  218  206  197  188  178  169  160  151  140  128  115  103
   93   85   83   91  116  158  212  269  321  364  398  426  448  468  486  504
  522  541  561  582  607  636  665  688  696
    22.5-180.0 180.0   5.0 450.0                            LAT/LON1/LON2/DLON/H
  800  801  784  753  709  657  597  537  481  435  399  369  342  317  293  271
  251  234  218  203  192  189  198  223  258  297  329  352  366  372  373  366
  350  324  294  266  243  226  211  197  183  168  155  143  129  116  103   91
   80   72   72   83  112  159  218  282  341  391  432  464  489  511  532  554
  576  599  622  647  675  710  748  781  800
    20.0-180.0 180.0   5.0 450.0                            LAT/LON1/LON2/DLON/H
  882  895  892  872  837  785  719  645  573  511  460  418  381  347  317  291
  268  248  231  219  213  219  240  275  318  360  391  410  418  418  412  400
  379  349  315  282  254  232  213  196  178  161  145  131  118  105   93   82
   73   66   68   83  117  168  232  300  365  421  466  501  528  552  576  601
  627  653  677  702  732  769  812  852  882
    17.5-180.0 180.0   5.0 450.0                            LAT/LON1/LON2/DLON/H
  927  951  961  958  937  896  832  754  673  598  535  481  434  392  355  324
  297  276  259  251  253  268  296  335  376  410  432  440  437  430  418  401
  378  347  313  280  250  226  205  185  167  149  133  120  108   98   89   80
   72   68   72   92  129  184  251  323  391  450  497  534  562  587  612  639
  668  695  718  741  768  804  847  891  927
    15.0-180.0 180.0   5.0 450.0                            LAT/LON1/LON2/DLON/H
  928  957  979  992  991  967  916  844  762  683  613  551  497  448  406  370
  341  319  305  303  312  333  362  395  422  439  442  434  421  407  391  373
  351  324  294  264  236  211  190  171  153  137  123  112  103   96   90   83
   77   76   83  106  148  206  275  347  416  475  523  559  588  613  639  667
  696  721  742  760  781  812  850  891  928
    12.5-180.0 180.0   5.0 450.0                            LAT/LON1/LON2/DLON/H
  891  919  945  971  989  986  954  897  825  751  682  620  563  511  466  428
  398  377  367  370  384  406  429  445  450  441  422  398  376  358  343  328
  310  290  268  244  220  197  177  159  144  131  119  110  104  100   97   93
   88   88   99  125  169  229  298  370  437  494  540  575  603  628  655  683
  711  733  749  761  775  797  827  860  891
    10.0-180.0 180.0   5.0 450.0                            LAT/LON1/LON2/DLON/H
  831  850  874  904  935  952  944  908  854  793  733  676  622  573  529  491
  463  444  438  444  460  476  485  479  456  419  379  343  318  302  293  283
  272  260  247  231  212  192  173  157  145  134  124  117  112  111  109  106
  103  104  116  145  191  251  319  388  451  505  548  581  609  635  662  689
  714  733  744  751  759  772  791  812  831
     7.5-180.0 180.0   5.0 450.0                            LAT/LON1/LON2/DLON/H
  771  775  788  815  851  882  893  881  849  807  761  715  670  626  586  553
  527  511  508  515  526  532  522  491  442  382  327  288  267  260  259  257
  253  249  243  233  219  202  184  169  158  148  139  131  127  126  124  122
  119  121  134  163  209  268  334  399  458  508  547  579  607  634  661  688
  711  727  736  739  742  749  758  767  771
     5.0-180.0 180.0   5.0 450.0                            LAT/LON1/LON2/DLON/H
  733  721  718  733  765  800  825  830  819  796  768  735  700  666  633  605
  583  569  565  569  572  564  535  483  414  342  285  251  242  248  257  262
  263  263  261  256  244  228  210  195  183  172  162  153  147  144  142  139
  136  138  151  180  224  280  342  403  458  503  540  570  599  627  656  683
  705  721  729  732  735  739  743  741  733
     2.5-180.0 180.0   5.0 450.0                            LAT/LON1/LON2/DLON/H
  730  706  687  686  704  735  762  778  780  773  759  740  716  690  666  643
  624  610  603  598  590  567  522  457  381  312  264  246  253  272  290  300
  302  301  300  295  283  265  246  229  215  202  189  178  169  165  161  156
  152  154  166  193  235  287  345  401  451  493  528  558  588  618  648  676
  699  717  728  735  741  748  752  747  730
