static/ion/2023-12-12.23i
     1.0            IONOSPHERE MAPS     GNSS                IONEX VERSION / TYPE
IONINX V5.5         AIUB                11-DEC-23 07:41     PGM / RUN BY / DATE 
CODE'S 2-DAY PREDICTED IONOSPHERE MAPS FOR DAY 346, 2023    COMMENT             
Global ionosphere maps (GIM) are generated on a daily basis DESCRIPTION         
at CODE using data from about 120 GNSS sites of the IGS and DESCRIPTION         
other institutions. The vertical total electron content     DESCRIPTION         
(VTEC) is modeled in a solar-geomagnetic reference frame    DESCRIPTION         
using a spherical harmonics expansion up to degree and      DESCRIPTION         
order 15. Piece-wise linear functions are used for          DESCRIPTION         
representation in the time domain. The time spacing of      DESCRIPTION         
their vertices is 1 hour, conforming with the epochs of the DESCRIPTION         
VTEC maps.                                                  DESCRIPTION         
To convert line-of-sight TEC into vertical TEC, a modified  DESCRIPTION         
single-layer model mapping function approximating the JPL   DESCRIPTION         
extended slab model mapping function is adopted. The        DESCRIPTION         
mapping function is evaluated at geodetic satellite         DESCRIPTION         
elevation angles. For the computation of the ionospheric    DESCRIPTION         
pierce points, a spherical layer with a radius of 6821 km   DESCRIPTION         
is assumed, implying geocentric, not geodetic IONEX         DESCRIPTION         
latitudes.                                                  DESCRIPTION         
Instrumental biases with respect to each involved GNSS code DESCRIPTION         
observable are estimated as constant values for each        DESCRIPTION         
day. They are modeled with one set of bias parameters for   DESCRIPTION         
each satellite and each station in case of GPS and for each DESCRIPTION         
satellite-station link in case of GLONASS. The code bias    DESCRIPTION         
datum is defined by zero-mean conditions imposed on the     DESCRIPTION         
satellite bias estimates. In this file, just GPS C1W-C2W    DESCRIPTION         
satellite and station bias values are included. The         DESCRIPTION         
complete set of GNSS code bias results is provided in an    DESCRIPTION         
additional Bias-SINEX file as pseudo-absolute values        DESCRIPTION         
specific to each observable.                                DESCRIPTION         
Contact address: code(at)aiub.unibe.ch                      DESCRIPTION         
Data archive:    ftp.aiub.unibe.ch/CODE/                    DESCRIPTION         
                 www.aiub.unibe.ch/download/CODE/           DESCRIPTION         
  2023    12    12     0     0     0                        EPOCH OF FIRST MAP  
  2023    12    13     0     0     0                        EPOCH OF LAST MAP   
  3600                                                      INTERVAL            
    25                                                      # OF MAPS IN FILE   
  NONE                                                      MAPPING FUNCTION    
    10.0                                                    ELEVATION CUTOFF    
One-way carrier phase leveled to code                       OBSERVABLES USED    
  6371.0                                                    BASE RADIUS         
     2                                                      MAP DIMENSION       
   450.0 450.0   0.0                                        HGT1 / HGT2 / DHGT  
    87.5 -87.5  -2.5                                        LAT1 / LAT2 / DLAT  
  -180.0 180.0   5.0                                        LON1 / LON2 / DLON  
    -1                                                      EXPONENT            
TEC/RMS values in 0.1 TECU; 9999, if no value available     COMMENT             
                                                            END OF HEADER       
[from data line 8580]
    21                                                      START OF TEC MAP    
  2023    12    12    20     0     0                        EPOCH OF CURRENT MAP
    87.5-180.0 180.0   5.0 450.0                            LAT/LON1/LON2/DLON/H
   87   88   89   89   90   91   91   92   93   94   95   95   96   96   97   97
   97   97   97   96   96   96   95   94   93   92   91   90   89   88   87   86
   85   84   83   83   82   81   80   80   80   79   79   79   79   79   79   79
   80   80   80   81   81   82   82   83   83   84   84   84   84   85   85   85
   85   85   85   86   86   86   87   87   87
    85.0-180.0 180.0   5.0 450.0                            LAT/LON1/LON2/DLON/H
   79   79   80   82   84   86   88   91   94   96   99  101  103  105  106  107
  107  107  107  106  105  104  102  100   98   96   94   91   89   87   85   82
   80   78   76   74   73   71   70   69   68   68   67   67   68   68   69   70
   72   73   75   76   78   79   81   82   83   84   84   84   84   84   84   83
   82   81   81   80   79   79   78   78   79
    82.5-180.0 180.0   5.0 450.0                            LAT/LON1/LON2/DLON/H
   63   64   65   67   71   75   79   85   90   96  101  106  111  114  116  118
  118  118  117  115  112  109  106  103   99   96   93   90   87   84   81   78
   76   73   70   68   65   63   61   59   57   56   56   56   57   58   60   63
   65   68   71   75   78   80   83   85   87   88   88   88   88   87   85   83
   81   78   75   72   70   67   65   64   63
    80.0-180.0 180.0   5.0 450.0                            LAT/LON1/LON2/DLON/H
   46   45   46   49   54   60   67   76   85   95  104  112  119  124  128  130
  129  128  125  121  116  111  106  101   96   93   89   86   83   81   78   76
   73   71   68   65   61   58   55   52   50   49   48   48   49   51   54   57
   62   66   71   75   80   84   87   90   92   94   94   94   93   91   89   85
   81   77   72   67   61   56   52   49   46
    77.5-180.0 180.0   5.0 450.0                            LAT/LON1/LON2/DLON/H
   33   31   30   33   38   46   56   68   82   95  109  120  130  137  141  143
  141  137  131  124  116  109  102   95   90   86   83   81   79   78   77   75
   74   71   69   65   62   58   54   50   47   45   44   44   45   47   51   56
   61   67   72   78   83   88   92   95   97   98   99   99   98   96   93   89
   85   79   73   66   59   51   44   38   33
    75.0-180.0 180.0   5.0 450.0                            LAT/LON1/LON2/DLON/H
   30   25   23   24   29   38   50   65   82  100  117  132  144  153  157  157
  153  146  137  127  116  105   96   88   82   78   76   75   74   74   75   75
   74   73   71   68   64   60   56   51   48   45   43   43   44   47   51   57
   63   69   75   81   87   91   94   96   98   99   99   99   98   97   96   93
   90   85   79   71   63   54   45   37   30
    72.5-180.0 180.0   5.0 450.0                            LAT/LON1/LON2/DLON/H
   37   30   26   26   30   39   52   69   88  109  129  147  161  171  175  174
  168  158  145  131  117  104   93   83   77   72   70   69   69   70   71   72
   72   72   70   68   65   61   57   53   49   46   45   45   46   49   54   59
   66   72   78   83   88   91   92   93   93   93   93   93   93   94   95   95
   94   92   88   82   74   65   55   46   37
    70.0-180.0 180.0   5.0 450.0                            LAT/LON1/LON2/DLON/H
   54   46   41   40   43   51   63   81  101  123  145  165  181  192  196  194
  186  174  158  141  125  109   95   84   76   70   67   65   64   64   65   65
   66   65   64   63   61   58   55   52   49   47   46   47   49   52   57   62
   68   74   79   83   86   86   86   85   83   82   81   81   83   86   89   93
   95   97   96   93   88   81   72   63   54
    67.5-180.0 180.0   5.0 450.0                            LAT/LON1/LON2/DLON/H
   75   69   64   63   65   72   83   99  119  141  163  184  202  213  218  216
  207  194  177  158  140  122  107   93   83   74   68   63   60   58   56   55
   55   54   53   52   51   50   49   48   47   47   47   48   50   54   58   63
   69   73   77   79   80   79   76   73   70   67   66   67   69   74   80   87
   93   98  100  101   99   95   89   82   75
    65.0-180.0 180.0   5.0 450.0                            LAT/LON1/LON2/DLON/H
   93   91   90   90   93   99  108  122  140  161  182  203  221  234  240  239
  231  218  201  182  163  144  126  110   96   84   73   65   58   52   48   45
   42   41   40   39   39   39   40   41   42   44   46   48   50   54   57   62
   66   69   72   73   72   69   65   60   56   53   51   52   56   61   69   77
   85   92   97  101  102  101   99   96   93
    62.5-180.0 180.0   5.0 450.0                            LAT/LON1/LON2/DLON/H
  104  108  112  117  122  128  136  148  163  181  201  220  238  252  260  261
  255  244  229  211  191  171  151  132  114   98   83   70   59   51   43   38
   34   30   28   28   28   29   32   35   38   41   44   47   49   52   54   57
   60   63   64   64   62   58   54   49   45   42   40   42   45   51   58   66
   74   81   87   91   94   96   98  101  104
    60.0-180.0 180.0   5.0 450.0                            LAT/LON1/LON2/DLON/H
  105  116  128  138  147  156  164  174  186  200  217  235  252  266  276  280
  278  270  256  240  220  200  179  157  136  116   97   81   67   56   47   39
   33   28   24   22   22   24   27   31   35   40   43   46   48   49   51   52
   54   55   56   55   53   50   46   42   39   36   36   37   40   45   51   57
   62   67   70   73   76   80   86   95  105
    57.5-180.0 180.0   5.0 450.0                            LAT/LON1/LON2/DLON/H
   97  116  136  153  168  180  190  199  208  219  232  247  262  277  288  295
  296  291  280  265  247  226  204  181  157  135  114   96   82   69   59   50
   42   35   30   26   25   25   28   32   37   41   45   47   48   48   48   48
   48   49   49   49   47   44   42   40   38   38   39   40   42   45   48   51
   53   53   53   53   54   58   67   80   97
    55.0-180.0 180.0   5.0 450.0                            LAT/LON1/LON2/DLON/H
   86  111  138  163  184  201  213  222  230  238  247  258  271  284  296  305
  309  306  298  284  267  248  225  202  177  154  133  116  101   90   79   70
   60   51   43   38   34   33   35   38   42   46   50   51   51   49   48   47
   46   47   47   47   45   44   43   42   43   45   47   49   50   51   52   51
   48   44   40   36   34   38   47   64   86
    52.5-180.0 180.0   5.0 450.0                            LAT/LON1/LON2/DLON/H
   78  107  139  169  196  217  233  244  252  257  263  269  279  290  302  311
  316  314  308  296  281  262  242  219  196  173  153  137  124  113  103   93
   82   70   60   53   48   45   45   47   51   54   57   58   56   54   51   50
   49   50   50   50   49   48   48   49   51   55   58   60   62   61   59   56
   50   42   34   27   24   26   35   53   78
    50.0-180.0 180.0   5.0 450.0                            LAT/LON1/LON2/DLON/H
   78  109  142  175  205  231  251  265  274  278  280  283  288  296  306  315
  319  318  311  301  288  272  254  234  213  192  173  157  145  134  124  112
   99   86   74   65   60   57   56   57   60   63   65   66   64   61   58   57
   56   57   58   58   57   56   56   57   61   65   69   72   73   73   70   65
   58   49   39   30   26   27   36   54   78
    47.5-180.0 180.0   5.0 450.0                            LAT/LON1/LON2/DLON/H
   91  119  151  183  214  242  266  284  295  300  300  298  300  304  312  318
  321  319  312  303  292  280  266  249  230  209  190  173  160  147  135  121
  106   91   80   71   67   65   64   65   67   70   73   74   73   71   68   66
   67   68   69   69   67   65   65   66   70   74   79   82   83   83   80   76
   69   60   51   44   40   42   52   68   91
    45.0-180.0 180.0   5.0 450.0                            LAT/LON1/LON2/DLON/H
  115  139  165  194  224  252  279  300  314  320  319  315  313  315  320  324
  325  321  314  306  298  289  279  265  246  225  203  183  166  150  134  117
  100   85   75   70   68   68   69   70   72   76   79   82   82   80   77   77
   78   80   81   80   78   75   74   75   77   81   85   88   89   90   89   86
   81   74   68   63   63   68   79   94  115
    42.5-180.0 180.0   5.0 450.0                            LAT/LON1/LON2/DLON/H
  145  164  184  208  233  260  288  312  329  337  336  332  328  328  332  334
  332  327  319  311  306  301  294  281  262  238  211  186  163  142  123  104
   86   73   66   64   67   70   72   74   76   80   84   87   88   87   86   86
   87   89   90   89   86   83   81   81   83   86   89   91   92   93   94   93
   91   87   84   83   88   98  111  127  145
    40.0-180.0 180.0   5.0 450.0                            LAT/LON1/LON2/DLON/H
  175  190  205  221  242  266  292  318  337  347  348  345  341  342  345  346
  344  336  328  322  318  315  310  297  275  246  214  183  155  130  109   90
   74   63   60   63   70   76   79   80   81   84   88   93   94   94   93   92
   93   95   95   94   92   89   87   87   88   89   90   92   93   95   96   98
   97   95   95   98  108  124  142  159  175
    37.5-180.0 180.0   5.0 450.0                            LAT/LON1/LON2/DLON/H
  201  212  223  234  249  269  293  318  339  351  354  352  351  353  357  360
  357  349  341  335  332  330  323  308  284  251  214  179  148  123  103   87
   75   69   70   77   86   93   94   92   90   92   95   99  101  100   98   97
   96   97   96   96   94   93   92   92   92   92   92   92   93   95   97   99
  100   99   99  106  121  142  165  185  201
    35.0-180.0 180.0   5.0 450.0                            LAT/LON1/LON2/DLON/H
  218  230  238  246  257  272  292  314  335  348  353  353  355  361  367  371
  369  362  354  348  344  340  331  314  287  253  215  179  151  130  117  107
  101  100  104  112  120  124  121  114  108  105  107  109  110  108  105  102
   99   97   95   95   95   96   96   97   96   96   95   94   94   95   97   99
  100   98   98  106  124  150  178  201  218
    32.5-180.0 180.0   5.0 450.0                            LAT/LON1/LON2/DLON/H
  229  241  250  257  265  276  292  311  328  341  347  350  355  364  373  379
  378  372  364  358  352  345  333  314  287  255  221  191  170  159  155  155
  156  158  163  169  173  170  160  146  134  127  125  125  124  121  115  109
  103   98   95   94   96   98  101  102  102  101   99   97   95   96   98  100
   99   96   95  103  122  151  183  210  229
    30.0-180.0 180.0   5.0 450.0                            LAT/LON1/LON2/DLON/H
  236  250  261  270  278  286  297  311  325  336  342  347  354  365  376  383
  383  378  370  362  353  342  327  309  287  262  237  219  210  212  219  229
  236  240  242  242  237  224  205  184  166  154  149  147  144  138  130  121
  112  103   98   96   99  103  106  108  107  106  103  101   99   98  100  101
  100   96   93  100  120  151  185  214  236
    27.5-180.0 180.0   5.0 450.0                            LAT/LON1/LON2/DLON/H
  243  260  275  287  297  304  312  321  331  339  344  349  356  367  378  384
  385  380  372  362  349  334  319  305  291  279  268  265  270  284  302  318
  328  330  327  317  300  277  250  222  199  185  177  173  168  160  150  139
  126  115  106  103  106  110  113  114  113  111  108  105  102  101  103  104
  103   99   96  103  123  155  190  220  243
    25.0-180.0 180.0   5.0 450.0                            LAT/LON1/LON2/DLON/H
  255  274  293  310  323  332  338  344  350  355  359  362  369  378  385  389
  387  382  374  361  344  327  314  307  306  309  315  325  342  365  388  406
  414  411  399  377  350  317  283  252  229  214  205  200  193  184  173  160
  145  131  120  116  117  120  122  121  118  115  112  109  106  104  106  108
  108  106  104  112  134  166  201  231  255
    22.5-180.0 180.0   5.0 450.0                            LAT/LON1/LON2/DLON/H
  273  294  317  339  357  368  375  380  385  388  390  392  396  401  403  402
  397  389  379  364  344  326  318  322  336  354  374  395  418  443  464  476
  477  465  443  411  374  335  299  270  249  236  229  223  216  207  195  181
  166  150  138  132  132  133  132  128  122  118  115  112  108  107  108  111
  114  114  117  128  152  186  221  250  273
    20.0-180.0 180.0   5.0 450.0                            LAT/LON1/LON2/DLON/H
  298  320  346  373  396  412  422  428  433  436  438  440  441  441  436  428
  418  407  394  375  354  338  336  353  381  412  441  465  487  504  515  515
  504  482  450  411  369  329  295  272  258  251  246  240  233  223  212  199
  184  169  157  150  148  146  142  134  127  121  117  114  111  108  109  113
  118  122  130  147  175  212  247  275  298
    17.5-180.0 180.0   5.0 450.0                            LAT/LON1/LON2/DLON/H
  326  349  376  407  436  458  472  483  490  496  500  502  502  497  486  470
  454  439  422  400  377  364  371  399  438  477  507  527  539  543  536  520
  494  462  424  382  339  303  277  263  258  257  254  249  241  231  221  209
  196  183  173  167  163  159  152  141  132  125  120  117  113  110  110  113
  119  128  141  165  199  238  275  304  326
    15.0-180.0 180.0   5.0 450.0                            LAT/LON1/LON2/DLON/H
  353  376  406  440  474  501  522  537  549  559  566  571  572  564  548  526
  504  484  463  439  415  406  420  457  502  540  565  574  571  557  530  495
  456  416  376  336  298  269  253  250  254  258  257  251  241  230  220  210
  201  192  185  181  177  172  162  150  138  130  125  121  116  112  110  112
  118  129  148  178  217  261  300  330  353
    12.5-180.0 180.0   5.0 450.0                            LAT/LON1/LON2/DLON/H
  375  400  431  468  505  538  564  585  603  617  629  638  642  635  616  590
  564  540  515  488  465  458  478  518  563  595  608  603  584  552  507  457
  407  364  327  292  262  242  236  242  252  259  257  248  236  223  213  205
  199  195  193  191  189  183  173  159  147  138  132  127  122  116  112  111
  116  128  150  185  229  277  319  351  375
    10.0-180.0 180.0   5.0 450.0                            LAT/LON1/LON2/DLON/H
  391  417  450  488  528  565  596  622  644  662  679  693  701  697  680  653
  625  598  571  542  519  515  536  576  614  634  633  615  584  539  483  423
  369  327  295  269  247  235  236  247  260  265  260  247  231  216  205  199
  196  196  199  201  200  195  184  171  159  148  141  135  129  122  115  112
  114  126  150  187  235  285  329  364  391
     7.5-180.0 180.0   5.0 450.0                            LAT/LON1/LON2/DLON/H
  399  428  462  502  543  582  616  645  669  690  710  728  742  743  730  706
  678  651  623  594  571  568  588  622  649  656  643  616  579  530  471  409
  356  319  295  277  262  255  259  271  281  281  270  252  231  214  202  197
  197  201  207  212  213  208  198  185  172  161  152  145  138  130  122  116
  116  127  151  188  236  286  332  369  399
     5.0-180.0 180.0   5.0 450.0                            LAT/LON1/LON2/DLON/H
  400  432  468  509  551  591  626  656  680  700  720  742  760  767  759  740
  716  692  666  638  616  612  628  654  669  664  641  612  577  534  481  424
  377  347  330  317  307  301  303  310  314  307  290  266  243  224  211  206
  208  214  222  228  228  223  213  200  187  175  164  156  149  140  131  124
  122  132  155  191  237  285  330  368  400
     2.5-180.0 180.0   5.0 450.0                            LAT/LON1/LON2/DLON/H
  397  432  470  511  554  594  630  658  679  697  715  736  756  768  767  754
  735  716  694  670  650  645  656  672  676  661  636  610  585  555  513  466
  427  404  391  382  372  364  360  360  355  341  318  292  267  248  235  229
  231  237  244  248  247  240  229  215  201  188  176  167  159  152  143  135
  134  143  165  199  240  284  326  363  397
