static/ion/2023-12-07.23i
     1.0            IONOSPHERE MAPS     GNSS                IONEX VERSION / TYPE
IONINX V5.5         AIUB                06-DEC-23 07:42     PGM / RUN BY / DATE 
CODE'S 2-DAY PREDICTED IONOSPHERE MAPS FOR DAY 341, 2023    COMMENT             
Global ionosphere maps (GIM) are generated on a daily basis DESCRIPTION         
at CODE using data from about 120 GNSS sites of the IGS and DESCRIPTION         
other institutions. The vertical total electron content     DESCRIPTION         
(VTEC) is modeled in a solar-geomagnetic reference frame    DESCRIPTION         
using a spherical harmonics expansion up to degree and      DESCRIPTION         
order 15. Piece-wise linear functions are used for          DESCRIPTION         
representation in the time domain. The time spacing of      DESCRIPTION         
their vertices is 1 hour, conforming with the epochs of the DESCRIPTION         
VTEC maps.                                                  DESCRIPTION         
To convert line-of-sight TEC into vertical TEC, a modified  DESCRIPTION         
single-layer model mapping function approximating the JPL   DESCRIPTION         
extended slab model mapping function is adopted. The        DESCRIPTION         
mapping function is evaluated at geodetic satellite         DESCRIPTION         
elevation angles. For the computation of the ionospheric    DESCRIPTION         
pierce points, a spherical layer with a radius of 6821 km   DESCRIPTION         
is assumed, implying geocentric, not geodetic IONEX         DESCRIPTION         
latitudes.                                                  DESCRIPTION         
Instrumental biases with respect to each involved GNSS code DESCRIPTION         
observable are estimated as constant values for each        DESCRIPTION         
day. They are modeled with one set of bias parameters for   DESCRIPTION         
each satellite and each station in case of GPS and for each DESCRIPTION         
satellite-station link in case of GLONASS. The code bias    DESCRIPTION         
datum is defined by zero-mean conditions imposed on the     DESCRIPTION         
satellite bias estimates. In this file, just GPS C1W-C2W    DESCRIPTION         
satellite and station bias values are included. The         DESCRIPTION         
complete set of GNSS code bias results is provided in an    DESCRIPTION         
additional Bias-SINEX file as pseudo-absolute values        DESCRIPTION         
specific to each observable.                                DESCRIPTION         
Contact address: code(at)aiub.unibe.ch                      DESCRIPTION         
Data archive:    ftp.aiub.unibe.ch/CODE/                    DESCRIPTION         
                 www.aiub.unibe.ch/download/CODE/           DESCRIPTION         
  2023    12     7     0     0     0                        EPOCH OF FIRST MAP  
  2023    12     8     0     0     0                        EPOCH OF LAST MAP   
  3600                                                      INTERVAL            
    25                                                      # OF MAPS IN FILE   
  NONE                                                      MAPPING FUNCTION    
    10.0                                                    ELEVATION CUTOFF    
One-way carrier phase leveled to code                       OBSERVABLES USED    
  6371.0                                                    BASE RADIUS         
     2                                                      MAP DIMENSION       
   450.0 450.0   0.0                                        HGT1 / HGT2 / DHGT  
    87.5 -87.5  -2.5                                        LAT1 / LAT2 / DLAT  
  -180.0 180.0   5.0                                        LON1 / LON2 / DLON  
    -1                                                      EXPONENT            
TEC/RMS values in 0.1 TECU; 9999, if no value available     COMMENT             
                                                            END OF HEADER       
[from data line 3003]
     8                                                      START OF TEC MAP    
  2023    12     7     7     0     0                        EPOCH OF CURRENT MAP
    87.5-180.0 180.0   5.0 450.0                            LAT/LON1/LON2/DLON/H
   53   54   54   55   55   56   57   58   59   60   62   63   64   65   66   67
   67   68   69   69   70   70   70   70   70   70   70   70   70   70   70   70
   70   70   70   70   69   69   69   69   69   69   69   69   69   69   69   69
   69   68   68   68   67   66   66   65   64   63   62   61   60   59   58   57
   56   56   55   54   54   53   53   53   53
    85.0-180.0 180.0   5.0 450.0                            LAT/LON1/LON2/DLON/H
   42   42   43   45   46   49   51   54   56   59   62   65   67   70   72   73
   75   76   77   77   77   77   77   77   76   75   74   74   73   72   72   71
   71   71   71   71   71   72   73   73   74   75   76   77   78   79   80   81
   81   82   82   82   81   81   80   78   77   74   72   70   67   64   61   58
   55   52   50   47   45   44   43   42   42
    82.5-180.0 180.0   5.0 450.0                            LAT/LON1/LON2/DLON/H
   33   33   34   35   38   41   45   49   54   58   63   67   71   75   78   80
   82   83   83   83   82   81   80   78   76   75   73   71   70   69   68   68
   68   68   69   70   71   72   74   76   78   80   83   86   89   92   95   98
  101  103  105  107  107  107  107  105  103  100   96   91   86   81   75   69
   63   58   52   47   43   39   36   34   33
    80.0-180.0 180.0   5.0 450.0                            LAT/LON1/LON2/DLON/H
   29   28   28   29   32   35   40   45   51   57   62   68   72   77   80   83
   84   85   85   84   82   80   77   74   72   69   66   64   63   62   62   62
   63   64   65   67   69   72   75   78   82   86   91   97  102  108  114  121
  126  132  136  140  143  144  145  143  141  137  132  126  119  111  102   93
   84   74   65   57   49   42   36   32   29
    77.5-180.0 180.0   5.0 450.0                            LAT/LON1/LON2/DLON/H
   33   29   28   28   30   33   38   43   48   54   60   65   70   74   78   80
   82   82   82   80   78   75   71   68   64   61   58   56   55   55   56   57
   59   61   64   67   70   73   77   82   87   93  100  108  117  126  136  146
  156  165  173  179  184  188  189  189  186  182  176  168  159  149  138  126
  113  101   88   76   65   54   45   38   33
    75.0-180.0 180.0   5.0 450.0                            LAT/LON1/LON2/DLON/H
   43   37   34   32   33   35   38   43   47   52   56   60   64   67   70   72
   74   75   75   74   71   69   65   62   58   55   53   52   51   52   54   56
   59   62   66   69   73   77   81   86   93  100  109  120  132  145  158  172
  186  199  210  220  227  232  234  234  231  226  219  210  200  188  175  161
  147  131  116  101   87   73   61   51   43
    72.5-180.0 180.0   5.0 450.0                            LAT/LON1/LON2/DLON/H
   57   49   43   41   40   40   42   45   47   50   52   54   56   58   60   62
   64   66   67   67   66   65   62   60   57   55   53   53   54   55   58   61
   64   68   71   74   78   82   86   92   99  108  119  132  147  163  181  198
  216  232  246  257  265  271  273  272  269  263  255  245  234  222  208  193
  177  160  143  126  109   94   79   67   57
    70.0-180.0 180.0   5.0 450.0                            LAT/LON1/LON2/DLON/H
   69   59   53   49   47   47   48   49   49   49   49   49   48   49   50   52
   55   58   61   63   64   64   64   63   61   60   60   60   62   64   66   69
   72   75   78   80   83   86   91   97  105  116  129  144  162  182  202  223
  243  261  276  288  296  300  301  299  294  287  278  268  256  243  229  214
  197  180  162  144  127  110   94   80   69
    67.5-180.0 180.0   5.0 450.0                            LAT/LON1/LON2/DLON/H
   74   65   58   54   52   51   52   52   52   50   48   45   43   42   43   45
   49   53   58   62   66   68   69   70   70   70   71   72   73   75   77   79
   81   82   83   85   87   90   95  102  112  124  140  158  179  201  223  246
  266  285  300  310  317  320  318  314  307  298  288  277  265  252  237  222
  205  188  170  152  134  117  101   87   74
    65.0-180.0 180.0   5.0 450.0                            LAT/LON1/LON2/DLON/H
   71   61   55   51   50   51   52   53   53   51   48   44   41   39   40   43
   47   53   59   65   69   73   76   78   79   81   82   83   84   85   86   86
   86   85   85   85   87   91   97  106  119  134  153  174  196  220  243  266
  286  303  316  325  329  329  326  319  310  300  288  276  264  250  235  218
  201  184  166  148  130  114   98   83   71
    62.5-180.0 180.0   5.0 450.0                            LAT/LON1/LON2/DLON/H
   59   50   43   41   41   43   46   49   51   50   48   45   42   41   42   45
   50   56   62   68   73   76   79   82   85   87   89   90   91   90   89   87
   85   83   81   81   84   89   98  111  127  146  167  190  215  239  262  283
  302  316  327  333  335  333  327  318  308  297  285  272  259  244  227  210
  191  172  153  135  118  101   86   72   59
    60.0-180.0 180.0   5.0 450.0                            LAT/LON1/LON2/DLON/H
   43   33   27   25   26   30   35   40   44   46   46   45   44   45   47   51
   56   61   66   70   73   75   78   81   84   87   89   90   90   89   86   83
   79   76   74   75   79   87  100  116  136  158  183  208  233  257  279  298
  314  325  333  337  337  333  326  317  307  295  284  271  257  241  222  202
  181  159  139  120  103   86   70   56   43
    57.5-180.0 180.0   5.0 450.0                            LAT/LON1/LON2/DLON/H
   28   18   11    8   10   14   21   28   34   39   42   44   46   49   53   57
   62   66   68   68   68   68   70   73   76   80   82   84   83   81   78   74
   69   66   65   67   74   86  102  123  146  172  198  224  250  273  293  310
  322  331  337  339  338  334  328  319  310  300  289  277  263  245  224  201
  176  152  129  109   90   73   57   42   28
    55.0-180.0 180.0   5.0 450.0                            LAT/LON1/LON2/DLON/H
   21    9    1    0    0    2    8   15   23   30   35   40   45   51   56   62
   65   67   66   63   60   58   59   61   65   69   72   74   73   70   67   62
   59   56   57   62   72   88  107  131  157  184  212  239  264  286  304  318
  328  335  338  340  339  337  332  325  318  310  301  290  276  258  235  208
  180  153  128  106   86   68   51   35   21
    52.5-180.0 180.0   5.0 450.0                            LAT/LON1/LON2/DLON/H
   24   11    3    0    0    0    2    8   15   22   29   35   42   49   56   62
   65   65   62   57   51   48   48   51   56   60   63   64   63   60   56   53
   50   50   54   62   75   93  115  140  167  195  223  250  274  296  313  325
  332  337  339  341  341  340  338  334  329  323  316  307  294  275  251  222
  192  162  135  112   92   73   56   39   24
    50.0-180.0 180.0   5.0 450.0                            LAT/LON1/LON2/DLON/H
   37   25   16   11    7    6    7   10   14   19   25   31   38   46   53   59
   63   62   58   51   45   43   44   48   53   58   60   59   57   54   50   48
   47   49   55   66   82  102  126  151  178  204  231  257  281  302  319  329
  335  338  340  341  342  343  343  341  338  334  329  322  310  291  267  237
  205  175  148  124  104   86   68   52   37
    47.5-180.0 180.0   5.0 450.0                            LAT/LON1/LON2/DLON/H
   57   47   40   34   30   27   24   22   22   24   27   31   37   43   50   56
   59   59   56   51   46   45   48   54   59   63   64   62   58   53   50   47
   48   52   60   73   92  113  137  162  187  212  237  262  286  307  323  333
  338  339  340  340  342  344  344  343  341  338  334  328  317  300  276  247
  216  186  159  137  118  101   85   70   57
    45.0-180.0 180.0   5.0 450.0                            LAT/LON1/LON2/DLON/H
   76   70   66   63   59   54   49   44   40   37   37   38   40   44   49   54
   58   60   59   57   56   58   63   69   75   78   76   71   65   59   54   52
   52   57   67   83  103  126  150  174  197  220  243  266  290  311  327  337
  340  340  339  339  341  342  342  341  338  335  331  325  315  299  276  248
  219  191  166  146  129  113   99   86   76
    42.5-180.0 180.0   5.0 450.0                            LAT/LON1/LON2/DLON/H
   89   87   87   87   86   82   76   69   62   57   53   50   49   50   53   57
   62   66   69   71   74   78   85   92   97   97   93   86   77   69   63   59
   58   63   75   92  114  139  163  186  208  228  249  271  294  315  331  341
  344  343  341  339  339  340  339  336  332  328  323  316  306  290  269  243
  215  189  167  148  132  118  106   96   89
    40.0-180.0 180.0   5.0 450.0                            LAT/LON1/LON2/DLON/H
   93   94   97  101  103  101   97   91   84   78   73   68   64   62   63   66
   72   79   85   91   97  103  110  116  119  117  110  100   90   81   73   67
   65   69   80  100  124  151  177  200  220  240  259  280  302  322  338  347
  350  348  345  343  342  341  339  335  330  324  317  309  297  282  261  236
  210  186  164  146  131  117  105   96   93
    37.5-180.0 180.0   5.0 450.0                            LAT/LON1/LON2/DLON/H
   88   90   96  102  106  107  106  103   99   95   91   86   81   78   77   81
   87   96  105  113  121  128  133  136  136  131  123  113  102   92   83   74
   70   73   85  106  134  163  191  215  236  255  273  292  312  332  347  357
  360  358  356  354  353  352  350  346  340  333  324  314  301  284  263  239
  213  188  166  146  129  113  100   91   88
    35.0-180.0 180.0   5.0 450.0                            LAT/LON1/LON2/DLON/H
   81   81   85   91   96   99  101  102  103  103  102   99   96   93   94   97
  104  114  125  134  141  146  148  148  144  137  129  120  111  102   92   82
   75   77   89  113  143  176  206  233  255  274  292  309  327  345  360  370
  374  375  375  376  376  377  376  373  369  362  353  341  326  308  285  260
  233  206  181  157  135  115   99   87   81
    32.5-180.0 180.0   5.0 450.0                            LAT/LON1/LON2/DLON/H
   82   77   76   77   80   83   87   91   97  101  104  105  105  106  107  112
  120  130  140  149  154  155  153  149  143  135  128  122  116  110  101   90
   82   82   95  121  155  191  224  253  277  297  314  330  346  362  377  389
  397  402  406  410  414  418  420  420  419  415  406  394  377  357  333  306
  277  246  216  187  158  132  110   93   82
    30.0-180.0 180.0   5.0 450.0                            LAT/LON1/LON2/DLON/H
  100   88   79   73   69   69   72   77   84   92   98  103  107  111  116  122
  129  139  148  155  157  155  150  143  135  128  123  121  120  118  111  100
   91   90  104  133  170  208  244  274  300  321  338  353  368  384  400  414
  427  438  448  458  466  473  479  484  488  487  481  469  452  431  406  377
  345  311  275  239  203  170  141  117  100
    27.5-180.0 180.0   5.0 450.0                            LAT/LON1/LON2/DLON/H
  140  121  103   89   77   70   68   70   76   83   90   97  104  111  118  124
  132  140  147  152  152  148  141  133  125  119  118  120  125  127  123  112
  102  102  117  148  187  228  265  297  324  346  364  379  394  410  428  447
  465  483  500  515  527  538  548  557  566  570  568  558  542  521  496  466
  432  395  355  312  269  229  194  164  140
    25.0-180.0 180.0   5.0 450.0                            LAT/LON1/LON2/DLON/H
  204  179  155  132  112   96   86   81   81   84   88   94  101  109  116  122
  128  134  140  143  143  138  132  124  118  115  116  122  130  136  135  126
  116  116  133  165  206  248  286  319  347  371  391  407  423  442  463  486
  510  533  555  575  590  602  615  628  641  650  652  646  632  613  589  560
  526  488  445  398  350  305  265  232  204
    22.5-180.0 180.0   5.0 450.0                            LAT/LON1/LON2/DLON/H
  284  257  229  202  175  151  131  117  108  102  100  101  105  110  115  119
  122  126  130  132  132  130  126  122  119  118  120  128  138  146  146  138
  129  130  148  183  225  267  305  338  368  395  417  436  455  477  502  530
  558  585  610  630  646  658  670  685  701  714  720  717  708  692  672  645
  613  575  532  485  435  388  347  313  284
    20.0-180.0 180.0   5.0 450.0                            LAT/LON1/LON2/DLON/H
  368  344  318  289  259  229  202  178  158  143  131  125  122  122  122  121
  120  120  122  124  126  127  128  128  128  128  130  136  146  154  155  148
  140  142  162  198  241  284  322  355  387  417  443  466  489  515  543  574
  604  632  656  675  687  697  707  721  737  752  760  762  757  747  730  707
  678  644  604  559  512  466  426  394  368
    17.5-180.0 180.0   5.0 450.0                            LAT/LON1/LON2/DLON/H
  443  424  403  379  350  319  286  255  227  203  182  167  156  148  141  134
  127  123  122  123  127  132  137  141  143  142  143  146  153  159  159  152
  146  150  172  209  253  296  334  369  403  437  467  495  522  552  583  614
  644  669  690  704  712  716  722  733  748  762  772  777  777  772  760  741
  716  687  653  613  570  528  492  465  443
    15.0-180.0 180.0   5.0 450.0                            LAT/LON1/LON2/DLON/H
  497  485  471  454  431  402  370  336  303  273  245  223  204  188  173  159
  146  137  132  132  136  143  151  157  160  158  154  153  156  159  157  152
  147  154  177  216  261  304  342  379  416  454  489  522  553  585  617  647
  673  694  709  717  719  718  720  727  737  749  759  766  771  770  762  747
  727  702  674  641  604  567  536  513  497
    12.5-180.0 180.0   5.0 450.0                            LAT/LON1/LON2/DLON/H
  523  515  508  499  484  462  434  402  370  339  310  283  259  237  216  196
  177  162  153  149  151  157  166  172  174  169  162  157  155  154  151  147
  145  154  180  219  265  308  347  385  426  467  507  544  578  610  641  668
  690  705  714  717  714  710  708  710  716  723  731  740  747  751  746  734
  716  696  674  648  616  584  556  536  523
    10.0-180.0 180.0   5.0 450.0                            LAT/LON1/LON2/DLON/H
  522  514  510  507  500  486  466  441  415  388  361  335  310  285  261  237
  215  195  181  172  169  172  178  182  181  174  164  155  150  147  143  140
  141  154  182  222  267  309  348  388  431  476  520  559  594  626  654  678
  694  705  709  709  705  699  695  694  695  698  703  711  720  726  723  712
  696  679  661  639  613  584  557  536  522
     7.5-180.0 180.0   5.0 450.0                            LAT/LON1/LON2/DLON/H
  500  487  481  480  479  473  462  446  428  409  389  369  346  323  299  275
  251  229  210  196  187  184  185  185  181  172  160  150  143  138  135  134
  140  157  187  226  269  309  347  387  431  479  525  565  600  630  656  676
  689  697  700  700  698  694  692  689  686  684  685  691  701  707  705  694
  677  661  645  627  603  575  546  520  500
     5.0-180.0 180.0   5.0 450.0                            LAT/LON1/LON2/DLON/H
  469  447  434  430  430  430  425  418  409  399  388  375  360  342  322  301
  279  256  234  215  200  191  186  181  174  164  153  144  137  132  130  132
  143  164  196  233  272  309  344  383  428  476  523  563  597  625  648  666
  679  687  692  695  698  700  701  698  693  686  682  686  695  701  699  686
  669  651  636  618  595  566  533  499  469
     2.5-180.0 180.0   5.0 450.0                            LAT/LON1/LON2/DLON/H
  442  407  384  374  371  372  371  369  366  364  361  356  348  337  324  309
  291  271  248  226  207  193  183  174  165  156  147  139  134  130  129  136
  151  176  208  244  278  310  342  379  423  470  516  555  587  613  635  652
  666  678  687  697  707  716  721  721  713  703  695  696  702  708  704  691
  672  653  636  618  595  564  526  484  442
