static/ion/2023-12-26.23i
     1.0            IONOSPHERE MAPS     GNSS                IONEX VERSION / TYPE
IONINX V5.5         AIUB                25-DEC-23 07:46     PGM / RUN BY / DATE 
CODE'S 2-DAY PREDICTED IONOSPHERE MAPS FOR DAY 360, 2023    COMMENT             
Global ionosphere maps (GIM) are generated on a daily basis DESCRIPTION         
at CODE using data from about 120 GNSS sites of the IGS and DESCRIPTION         
other institutions. The vertical total electron content     DESCRIPTION         
(VTEC) is modeled in a solar-geomagnetic reference frame    DESCRIPTION         
using a spherical harmonics expansion up to degree and      DESCRIPTION         
order 15. Piece-wise linear functions are used for          DESCRIPTION         
representation in the time domain. The time spacing of      DESCRIPTION         
their vertices is 1 hour, conforming with the epochs of the DESCRIPTION         
VTEC maps.                                                  DESCRIPTION         
To convert line-of-sight TEC into vertical TEC, a modified  DESCRIPTION         
single-layer model mapping function approximating the JPL   DESCRIPTION         
extended slab model mapping function is adopted. The        DESCRIPTION         
mapping function is evaluated at geodetic satellite         DESCRIPTION         
elevation angles. For the computation of the ionospheric    DESCRIPTION         
pierce points, a spherical layer with a radius of 6821 km   DESCRIPTION         
is assumed, implying geocentric, not geodetic IONEX         DESCRIPTION         
latitudes.                                                  DESCRIPTION         
Instrumental biases with respect to each involved GNSS code DESCRIPTION         
observable are estimated as constant values for each        DESCRIPTION         
day. They are modeled with one set of bias parameters for   DESCRIPTION         
each satellite and each station in case of GPS and for each DESCRIPTION         
satellite-station link in case of GLONASS. The code bias    DESCRIPTION         
datum is defined by zero-mean conditions imposed on the     DESCRIPTION         
satellite bias estimates. In this file, just GPS C1W-C2W    DESCRIPTION         
satellite and station bias values are included. The         DESCRIPTION         
complete set of GNSS code bias results is provided in an    DESCRIPTION         
additional Bias-SINEX file as pseudo-absolute values        DESCRIPTION         
specific to each observable.                                DESCRIPTION         
Contact address: code(at)aiub.unibe.ch                      DESCRIPTION         
Data archive:    ftp.aiub.unibe.ch/CODE/                    DESCRIPTION         
                 www.aiub.unibe.ch/download/CODE/           DESCRIPTION         
  2023    12    26     0     0     0                        EPOCH OF FIRST MAP  
  2023    12    27     0     0     0                        EPOCH OF LAST MAP   
  3600                                                      INTERVAL            
    25                                                      # OF MAPS IN FILE   
  NONE                                                      MAPPING FUNCTION    
    10.0                                                    ELEVATION CUTOFF    
One-way carrier phase leveled to code                       OBSERVABLES USED    
  6371.0                                                    BASE RADIUS         
     2                                                      MAP DIMENSION       
   450.0 450.0   0.0                                        HGT1 / HGT2 / DHGT  
    87.5 -87.5  -2.5                                        LAT1 / LAT2 / DLAT  
  -180.0 180.0   5.0                                        LON1 / LON2 / DLON  
    -1                                                      EXPONENT            
TEC/RMS values in 0.1 TECU; 9999, if no value available     COMMENT             
                                                            END OF HEADER       
[from data line 7722]
    19                                                      START OF TEC MAP    
  2023    12    26    18     0     0                        EPOCH OF CURRENT MAP
    87.5-180.0 180.0   5.0 450.0                            LAT/LON1/LON2/DLON/H
  124  125  127  128  129  130  131  132  133  134  134  134  135  135  135  134
  134  134  133  132  131  131  130  129  128  126  125  124  123  122  120  119
  118  116  115  114  113  111  110  109  108  107  106  105  104  104  103  103
  102  102  102  102  102  102  103  103  104  105  106  106  107  109  110  111
  112  114  115  117  118  120  121  123  124
    85.0-180.0 180.0   5.0 450.0                            LAT/LON1/LON2/DLON/H
  122  124  127  129  132  134  136  138  140  141  142  143  143  143  143  142
  141  140  138  137  135  133  131  130  128  126  124  122  120  119  117  115
  113  111  109  107  105  103  101   99   97   94   93   91   89   88   87   86
   85   85   84   84   85   85   86   87   88   89   90   92   93   95   97   99
  101  104  106  108  111  114  116  119  122
    82.5-180.0 180.0   5.0 450.0                            LAT/LON1/LON2/DLON/H
  113  117  120  124  127  131  134  137  140  142  144  145  146  145  145  144
  142  140  138  135  132  130  127  124  122  120  118  116  115  113  112  110
  109  107  105  103  101   98   95   92   89   86   83   80   78   76   74   73
   73   72   72   72   73   74   75   76   77   78   79   81   82   84   86   88
   90   93   95   98  101  104  107  110  113
    80.0-180.0 180.0   5.0 450.0                            LAT/LON1/LON2/DLON/H
  102  105  109  113  117  121  126  130  134  137  140  142  144  144  144  142
  140  138  134  131  128  124  121  118  115  113  111  110  109  109  108  108
  107  106  105  103  100   97   94   90   86   82   79   76   73   71   69   69
   68   69   69   70   71   72   73   74   75   76   76   77   78   79   80   82
   83   85   87   89   91   94   96   99  102
    77.5-180.0 180.0   5.0 450.0                            LAT/LON1/LON2/DLON/H
   92   94   97  100  104  109  114  119  125  130  134  138  140  142  142  142
  140  138  134  131  127  123  119  116  113  110  108  107  107  107  107  108
  108  108  107  105  103  100   96   92   88   83   80   76   74   72   71   72
   73   74   76   78   80   81   82   82   82   82   81   81   80   80   81   81
   82   83   84   85   87   88   89   90   92
    75.0-180.0 180.0   5.0 450.0                            LAT/LON1/LON2/DLON/H
   87   87   88   90   93   97  103  109  116  122  129  134  139  142  144  146
  145  144  143  140  136  132  128  124  120  116  113  111  109  109  109  109
  109  109  109  108  105  102   99   95   90   86   82   80   78   78   78   80
   83   87   90   93   96   97   97   97   96   94   92   90   88   87   86   86
   86   87   88   89   89   89   88   88   87
    72.5-180.0 180.0   5.0 450.0                            LAT/LON1/LON2/DLON/H
   90   87   86   85   87   90   95  102  109  117  126  133  140  146  152  156
  159  161  162  161  159  156  151  145  139  133  127  121  117  114  112  110
  109  108  107  105  103  101   98   94   91   87   84   83   82   84   86   90
   95  100  105  110  113  114  114  112  109  106  102   99   96   94   93   93
   94   96   97   98   98   97   95   93   90
    70.0-180.0 180.0   5.0 450.0                            LAT/LON1/LON2/DLON/H
   98   93   89   86   86   88   92   99  108  117  127  136  146  155  164  172
  179  186  191  194  194  192  187  179  170  159  148  138  129  121  115  110
  106  103  100   97   95   93   91   88   86   84   83   83   84   86   91   96
  103  110  116  121  124  126  125  122  118  113  108  104  100   98   98   99
  101  104  107  109  110  109  107  103   98
    67.5-180.0 180.0   5.0 450.0                            LAT/LON1/LON2/DLON/H
  108  102   96   91   90   91   95  102  110  121  132  143  155  167  180  192
  205  217  227  234  238  237  231  221  208  192  176  159  144  131  120  110
  101   94   89   84   81   79   78   77   77   77   77   78   80   84   89   95
  102  110  117  122  125  126  125  122  117  112  106  102   98   96   97   99
  102  107  112  116  119  119  118  114  108
    65.0-180.0 180.0   5.0 450.0                            LAT/LON1/LON2/DLON/H
  114  108  101   97   95   96  100  108  117  128  140  153  166  181  197  214
  231  248  264  275  282  283  277  265  247  226  204  182  162  143  127  112
   98   87   77   70   66   64   63   64   65   67   68   70   72   75   80   85
   92   99  106  111  114  115  114  111  107  102   97   93   90   88   89   92
   96  102  109  115  120  122  122  119  114
    62.5-180.0 180.0   5.0 450.0                            LAT/LON1/LON2/DLON/H
  112  107  102   99   98  101  107  116  126  138  151  165  179  196  214  235
  256  277  296  311  320  322  316  302  282  257  231  206  182  160  139  120
  101   85   71   61   54   51   51   53   55   57   59   60   61   63   65   70
   75   81   86   91   94   95   95   93   90   87   83   80   77   76   76   78
   82   88   96  103  110  114  116  115  112
    60.0-180.0 180.0   5.0 450.0                            LAT/LON1/LON2/DLON/H
  100   97   95   95   98  104  113  124  137  150  163  178  194  212  231  253
  276  299  319  336  347  349  343  328  307  282  255  229  205  182  159  137
  115   94   75   61   51   47   46   48   50   52   53   52   51   51   51   52
   55   59   63   67   70   72   73   73   73   72   70   68   66   64   63   63
   65   69   75   82   90   96  100  101  100
    57.5-180.0 180.0   5.0 450.0                            LAT/LON1/LON2/DLON/H
   81   81   82   86   93  104  118  133  148  163  178  193  210  228  249  270
  292  314  334  349  359  362  356  343  323  300  276  252  230  209  187  163
  139  114   91   73   60   53   51   51   53   53   52   50   46   43   40   39
   40   42   45   48   51   53   56   59   61   62   62   61   59   56   52   49
   48   49   52   58   65   72   77   80   81
    55.0-180.0 180.0   5.0 450.0                            LAT/LON1/LON2/DLON/H
   60   62   67   75   87  103  122  141  160  178  194  211  229  247  267  287
  307  325  340  353  361  363  359  348  332  313  294  276  258  240  220  196
  170  142  116   94   79   69   65   63   63   61   59   54   48   42   38   34
   33   34   36   39   42   45   49   54   58   62   63   63   60   55   49   43
   37   34   34   37   43   49   54   58   60
    52.5-180.0 180.0   5.0 450.0                            LAT/LON1/LON2/DLON/H
   43   47   53   65   82  103  127  151  174  194  213  231  250  269  288  306
  321  333  343  351  356  358  356  349  338  325  311  298  286  271  252  229
  201  171  143  119  102   90   84   80   78   75   70   64   57   50   44   40
   38   39   40   42   45   49   54   60   65   70   72   72   69   62   54   45
   36   29   26   26   30   35   39   41   43
    50.0-180.0 180.0   5.0 450.0                            LAT/LON1/LON2/DLON/H
   37   40   47   61   81  107  135  163  189  213  233  253  273  293  312  327
  338  344  347  350  352  353  354  351  346  338  329  319  309  295  277  252
  223  193  164  140  123  111  104   99   94   90   85   78   71   65   59   55
   53   53   55   57   60   63   68   74   79   84   86   85   82   75   66   55
   44   35   30   28   30   33   35   36   37
    47.5-180.0 180.0   5.0 450.0                            LAT/LON1/LON2/DLON/H
   43   44   51   65   87  116  147  179  207  232  255  277  298  319  337  350
  357  358  356  353  353  355  357  359  357  352  345  336  324  309  288  262
  232  201  173  151  136  127  120  115  109  104   99   94   88   82   78   75
   74   74   76   77   79   81   85   90   95   98  100   99   95   89   81   70
   60   50   44   42   43   45   46   44   43
    45.0-180.0 180.0   5.0 450.0                            LAT/LON1/LON2/DLON/H
   58   58   63   78  100  130  163  196  226  253  277  299  322  343  362  375
  379  377  370  365  363  365  369  372  372  368  359  346  330  309  285  256
  225  195  170  152  141  135  131  126  121  116  112  108  104  100   97   94
   94   95   95   96   96   97   99  102  106  108  108  107  105  101   94   86
   77   69   65   64   65   66   66   62   58
    42.5-180.0 180.0   5.0 450.0                            LAT/LON1/LON2/DLON/H
   79   77   81   95  118  147  180  213  245  272  297  320  343  365  384  397
  401  398  390  383  381  383  388  391  389  382  368  349  326  300  271  240
  209  182  160  147  141  139  138  136  132  127  124  121  119  116  113  111
  110  110  110  108  107  106  106  107  109  110  110  110  109  107  104   99
   92   87   85   85   88   90   88   84   79
    40.0-180.0 180.0   5.0 450.0                            LAT/LON1/LON2/DLON/H
   97   95  100  114  137  165  197  230  261  289  314  337  360  382  402  416
  421  418  412  406  404  406  409  409  404  391  372  347  318  288  256  226
  197  172  154  145  144  146  148  147  144  140  137  135  134  131  128  124
  122  119  117  113  109  106  104  104  105  106  106  107  107  108  108  106
  102   99   98  101  105  107  106  102   97
    37.5-180.0 180.0   5.0 450.0                            LAT/LON1/LON2/DLON/H
  107  107  115  131  154  181  212  244  275  304  329  352  373  395  414  428
  435  435  432  428  427  427  427  423  413  396  373  344  314  284  254  227
  202  181  166  158  158  163  167  167  163  158  155  153  151  148  142  136
  131  125  120  113  106  101   98   97   98   99  100  102  104  107  108  108
  106  104  104  107  112  115  114  111  107
    35.0-180.0 180.0   5.0 450.0                            LAT/LON1/LON2/DLON/H
  107  111  123  143  167  195  225  256  287  316  342  364  383  403  421  435
  444  447  446  445  444  442  438  429  416  397  374  348  322  298  277  257
  238  220  204  195  192  195  198  197  192  186  180  177  174  169  162  152
  143  134  124  114  105   98   94   93   94   96   98  101  104  107  109  108
  106  103  102  104  108  111  111  108  107
    32.5-180.0 180.0   5.0 450.0                            LAT/LON1/LON2/DLON/H
   99  108  125  150  177  206  235  266  298  328  354  375  392  409  424  437
  446  451  453  454  453  449  441  429  414  398  381  364  350  339  331  322
  310  293  274  257  248  245  244  240  232  223  215  210  206  199  189  177
  164  151  138  125  113  104   99   98   99  102  105  107  110  113  114  112
  107  102   98   98   99  100   99   97   99
    30.0-180.0 180.0   5.0 450.0                            LAT/LON1/LON2/DLON/H
   88  101  125  154  186  216  246  277  310  340  366  387  402  415  427  437
  444  449  452  454  454  448  438  425  414  405  400  398  400  407  415  419
  414  396  369  341  320  307  299  291  280  267  258  251  246  239  227  213
  197  180  165  149  135  124  118  116  117  119  122  124  126  127  125  120
  113  104   97   93   90   88   85   83   88
    27.5-180.0 180.0   5.0 450.0                            LAT/LON1/LON2/DLON/H
   79   97  125  161  197  230  260  292  324  356  382  401  414  424  432  437
  441  444  447  449  448  442  433  424  421  424  434  450  471  495  519  535
  535  514  477  435  398  373  357  343  328  314  303  296  292  285  273  257
  240  222  204  187  171  158  150  146  146  147  148  149  149  147  143  136
  125  114  103   95   88   82   76   74   79
    25.0-180.0 180.0   5.0 450.0                            LAT/LON1/LON2/DLON/H
   79   99  132  172  212  248  280  311  344  375  401  419  431  438  442  443
  442  441  441  442  441  437  433  432  440  458  485  518  555  593  628  652
  653  627  578  521  469  432  406  387  370  355  344  340  337  332  321  305
  287  269  251  233  216  201  191  185  182  180  178  177  175  171  165  156
  144  131  118  107   96   86   78   74   79
    22.5-180.0 180.0   5.0 450.0                            LAT/LON1/LON2/DLON/H
   90  110  145  189  233  272  305  337  369  399  424  441  452  457  458  455
  449  444  440  440  440  440  443  453  475  508  548  593  639  684  723  748
  747  715  656  586  522  473  440  417  398  384  376  374  374  371  361  346
  329  312  295  278  261  245  232  223  216  211  206  202  198  193  187  178
  166  153  139  126  114  102   91   85   90
    20.0-180.0 180.0   5.0 450.0                            LAT/LON1/LON2/DLON/H
  110  130  166  213  260  301  336  368  399  427  451  467  477  483  483  477
  468  457  449  447  448  454  466  489  524  568  617  665  711  754  789  810
  804  765  700  622  548  492  454  428  410  398  393  395  397  395  385  371
  356  341  326  311  295  279  265  253  243  234  226  219  214  209  203  195
  185  173  161  149  137  125  113  106  110
    17.5-180.0 180.0   5.0 450.0                            LAT/LON1/LON2/DLON/H
  134  154  191  239  288  332  369  401  432  459  481  497  508  514  515  510
  498  483  472  467  470  481  504  538  583  633  683  726  763  794  818  829
  817  775  707  627  552  492  450  423  406  397  396  399  402  399  389  375
  362  350  339  326  313  298  283  270  257  245  234  226  220  215  210  204
  197  187  178  169  159  148  138  131  134
    15.0-180.0 180.0   5.0 450.0                            LAT/LON1/LON2/DLON/H
  158  178  215  264  315  361  401  435  465  492  513  529  541  551  555  551
  539  523  509  502  505  521  551  594  644  694  736  767  788  803  812  812
  793  751  687  612  539  480  438  410  393  386  386  389  389  383  372  358
  346  338  331  322  311  299  286  272  258  244  232  222  216  212  209  204
  199  192  185  179  173  166  158  153  158
    12.5-180.0 180.0   5.0 450.0                            LAT/LON1/LON2/DLON/H
  175  197  235  285  337  386  429  466  498  525  546  562  577  590  599  599
  590  574  559  550  552  571  604  650  700  743  773  787  790  788  782  771
  749  711  655  590  525  469  426  396  379  371  370  370  365  354  339  325
  316  311  308  303  296  287  277  265  251  237  224  214  208  204  201  197
  192  186  181  178  176  173  169  168  175
    10.0-180.0 180.0   5.0 450.0                            LAT/LON1/LON2/DLON/H
  185  209  249  299  354  405  451  492  527  556  578  596  613  630  644  650
  644  631  616  605  606  623  656  700  743  775  790  788  776  760  743  726
  704  672  629  576  520  468  424  392  371  360  355  349  337  321  303  289
  283  283  283  282  278  272  265  256  244  231  218  207  201  196  192  187
  180  174  170  168  169  170  171  174  185
     7.5-180.0 180.0   5.0 450.0                            LAT/LON1/LON2/DLON/H
  187  215  256  308  363  417  467  512  552  584  608  628  647  668  686  697
  698  688  675  663  661  674  702  738  771  790  791  777  755  732  712  693
  674  651  620  580  534  484  439  401  375  359  347  334  315  294  275  264
  262  265  268  269  267  265  261  254  245  232  219  209  201  195  189  180
  170  162  156  155  157  160  164  171  187
     5.0-180.0 180.0   5.0 450.0                            LAT/LON1/LON2/DLON/H
  185  216  260  312  369  424  477  527  572  608  635  657  678  701  723  738
  743  739  728  717  711  718  737  763  784  791  782  762  738  717  699  684
  671  656  635  606  566  518  469  426  393  370  352  331  307  283  266  260
  263  270  274  275  274  272  270  266  258  246  233  222  212  204  194  181
  167  155  147  144  145  149  155  166  185
     2.5-180.0 180.0   5.0 450.0                            LAT/LON1/LON2/DLON/H
  184  218  263  316  371  428  483  537  586  626  656  680  703  727  749  767
  777  777  770  760  752  752  762  777  786  783  769  749  732  719  709  701
  693  683  669  646  609  561  508  460  421  393  369  343  317  294  282  283
  291  301  304  303  300  298  296  292  284  272  259  247  235  223  209  192
  174  159  148  143  142  144  150  162  184
