static/ion/2023-12-08.23i
     1.0            IONOSPHERE MAPS     GNSS                IONEX VERSION / TYPE
IONINX V5.5         AIUB                07-DEC-23 10:27     PGM / RUN BY / DATE 
CODE'S 2-DAY PREDICTED IONOSPHERE MAPS FOR DAY 342, 2023    COMMENT             
Global ionosphere maps (GIM) are generated on a daily basis DESCRIPTION         
at CODE using data from about 120 GNSS sites of the IGS and DESCRIPTION         
other institutions. The vertical total electron content     DESCRIPTION         
(VTEC) is modeled in a solar-geomagnetic reference frame    DESCRIPTION         
using a spherical harmonics expansion up to degree and      DESCRIPTION         
order 15. Piece-wise linear functions are used for          DESCRIPTION         
representation in the time domain. The time spacing of      DESCRIPTION         
their vertices is 1 hour, conforming with the epochs of the DESCRIPTION         
VTEC maps.                                                  DESCRIPTION         
To convert line-of-sight TEC into vertical TEC, a modified  DESCRIPTION         
single-layer model mapping function approximating the JPL   DESCRIPTION         
extended slab model mapping function is adopted. The        DESCRIPTION         
mapping function is evaluated at geodetic satellite         DESCRIPTION         
elevation angles. For the computation of the ionospheric    DESCRIPTION         
pierce points, a spherical layer with a radius of 6821 km   DESCRIPTION         
is assumed, implying geocentric, not geodetic IONEX         DESCRIPTION         
latitudes.                                                  DESCRIPTION         
Instrumental biases with respect to each involved GNSS code DESCRIPTION         
observable are estimated as constant values for each        DESCRIPTION         
day. They are modeled with one set of bias parameters for   DESCRIPTION         
each satellite and each station in case of GPS and for each DESCRIPTION         
satellite-station link in case of GLONASS. The code bias    DESCRIPTION         
datum is defined by zero-mean conditions imposed on the     DESCRIPTION         
satellite bias estimates. In this file, just GPS C1W-C2W    DESCRIPTION         
satellite and station bias values are included. The         DESCRIPTION         
complete set of GNSS code bias results is provided in an    DESCRIPTION         
additional Bias-SINEX file as pseudo-absolute values        DESCRIPTION         
specific to each observable.                                DESCRIPTION         
Contact address: code(at)aiub.unibe.ch                      DESCRIPTION         
Data archive:    ftp.aiub.unibe.ch/CODE/                    DESCRIPTION         
                 www.aiub.unibe.ch/download/CODE/           DESCRIPTION         
  2023    12     8     0     0     0                        EPOCH OF FIRST MAP  
  2023    12     9     0     0     0                        EPOCH OF LAST MAP   
  3600                                                      INTERVAL            
    25                                                      # OF MAPS IN FILE   
  NONE                                                      MAPPING FUNCTION    
    10.0                                                    ELEVATION CUTOFF    
One-way carrier phase leveled to code                       OBSERVABLES USED    
  6371.0                                                    BASE RADIUS         
     2                                                      MAP DIMENSION       
   450.0 450.0   0.0                                        HGT1 / HGT2 / DHGT  
    87.5 -87.5  -2.5                                        LAT1 / LAT2 / DLAT  
  -180.0 180.0   5.0                                        LON1 / LON2 / DLON  
    -1                                                      EXPONENT            
TEC/RMS values in 0.1 TECU; 9999, if no value available     COMMENT             
                                                            END OF HEADER       
[from data line 7293]
    18                                                      START OF TEC MAP    
  2023    12     8    17     0     0                        EPOCH OF CURRENT MAP
    87.5-180.0 180.0   5.0 450.0                            LAT/LON1/LON2/DLON/H
   99  101  102  104  106  107  109  111  112  114  115  116  117  118  119  120
  121  121  122  122  122  122  122  122  122  121  121  120  119  118  117  116
  114  113  112  110  108  107  105  103  102  100   98   97   95   94   92   91
   90   88   87   87   86   85   85   84   84   84   84   85   85   86   86   87
   88   89   90   91   93   94   96   97   99
    85.0-180.0 180.0   5.0 450.0                            LAT/LON1/LON2/DLON/H
   86   89   92   95   98  101  104  106  109  111  114  116  118  120  122  123
  124  125  126  127  127  127  127  127  127  126  125  124  123  122  120  118
  116  114  112  109  106  104  101   98   95   91   88   85   83   80   77   75
   73   71   69   67   66   65   64   64   63   63   63   63   64   64   65   66
   68   69   71   73   75   78   80   83   86
    82.5-180.0 180.0   5.0 450.0                            LAT/LON1/LON2/DLON/H
   69   73   76   80   83   87   91   94   97  100  103  106  108  111  113  115
  117  118  120  121  122  122  122  123  122  122  121  121  120  118  117  115
  113  111  108  106  103   99   96   92   88   85   81   77   74   70   67   64
   62   59   58   56   55   53   52   52   51   50   50   50   49   49   50   50
   51   52   53   55   57   60   63   66   69
    80.0-180.0 180.0   5.0 450.0                            LAT/LON1/LON2/DLON/H
   53   56   60   63   66   70   73   77   80   83   86   89   92   95   98  101
  103  105  108  109  111  112  113  114  114  114  113  112  112  111  110  108
  107  105  103  101   98   96   92   89   85   82   78   74   71   68   65   62
   60   59   57   56   55   55   54   53   52   51   50   48   47   45   44   43
   42   42   42   42   44   45   48   50   53
    77.5-180.0 180.0   5.0 450.0                            LAT/LON1/LON2/DLON/H
   42   44   47   49   51   54   56   59   62   65   68   71   75   78   82   86
   90   94   98  101  104  106  107  108  108  107  106  105  103  102  101  100
   99   98   97   95   94   92   90   87   85   82   79   77   74   72   70   68
   68   67   67   67   68   68   68   67   66   65   63   60   56   53   49   46
   43   41   39   38   38   38   39   40   42
    75.0-180.0 180.0   5.0 450.0                            LAT/LON1/LON2/DLON/H
   40   41   41   42   43   44   45   46   48   51   54   58   62   67   73   80
   86   92   98  104  108  111  112  112  111  109  106  103  100   97   94   92
   91   90   89   88   88   87   86   85   84   83   82   81   80   79   79   79
   79   81   82   84   86   87   89   89   88   86   83   79   74   69   63   58
   53   49   45   42   41   40   39   39   40
    72.5-180.0 180.0   5.0 450.0                            LAT/LON1/LON2/DLON/H
   47   46   45   44   43   42   41   41   42   45   48   53   59   67   75   84
   94  104  113  121  128  132  133  132  129  123  117  110  103   97   91   87
   84   82   80   79   79   79   80   80   81   81   82   83   83   84   85   87
   89   92   95   98  101  104  107  108  108  107  103   99   93   87   80   74
   68   62   58   54   52   50   48   48   47
    70.0-180.0 180.0   5.0 450.0                            LAT/LON1/LON2/DLON/H
   60   58   56   54   51   48   46   45   45   47   51   58   66   76   88  101
  115  129  142  154  163  168  169  166  160  150  139  127  115  104   94   86
   80   75   72   69   68   68   68   69   71   73   76   78   80   82   85   87
   90   93   97  101  106  110  114  117  118  118  115  111  106  100   94   88
   82   77   73   69   67   65   63   62   60
    67.5-180.0 180.0   5.0 450.0                            LAT/LON1/LON2/DLON/H
   75   73   70   67   63   59   56   54   54   57   62   71   82   95  110  127
  145  163  180  195  207  213  214  210  200  186  169  152  135  119  105   93
   82   73   66   61   56   54   53   54   56   59   62   65   68   71   73   76
   78   81   85   90   95  100  105  110  113  114  113  111  108  103   99   94
   90   87   84   82   80   79   78   77   75
    65.0-180.0 180.0   5.0 450.0                            LAT/LON1/LON2/DLON/H
   85   84   81   78   74   70   66   65   65   69   77   87  101  117  136  156
  177  199  220  238  252  259  260  254  242  224  203  182  161  141  123  107
   92   79   66   56   47   41   38   36   37   39   42   45   48   51   52   54
   56   58   60   64   70   75   82   87   92   96   98   98   97   95   93   91
   90   89   88   88   88   87   87   86   85
    62.5-180.0 180.0   5.0 450.0                            LAT/LON1/LON2/DLON/H
   87   86   85   83   80   77   74   73   75   81   91  104  120  139  160  182
  206  230  253  273  289  298  299  292  278  259  236  213  191  169  149  130
  111   93   75   58   44   33   25   21   19   19   21   23   25   26   27   27
   27   28   29   32   37   43   49   56   63   68   72   75   76   77   78   79
   80   82   84   85   86   86   86   87   87
    60.0-180.0 180.0   5.0 450.0                            LAT/LON1/LON2/DLON/H
   78   79   80   80   79   77   76   77   81   89  102  117  136  157  179  202
  226  251  274  295  312  322  324  317  304  285  264  243  222  202  182  161
  139  115   92   70   50   33   20   12    7    4    4    4    4    4    4    3
    2    1    1    3    6   11   18   26   33   40   46   50   53   56   59   62
   65   69   72   74   75   76   76   77   78
    57.5-180.0 180.0   5.0 450.0                            LAT/LON1/LON2/DLON/H
   62   65   68   70   71   72   73   77   83   94  109  127  148  169  192  215
  238  261  284  305  321  331  334  329  318  303  286  268  252  235  216  195
  171  144  115   88   63   41   25   12    4    0    0    0    0    0    0    0
    0    0    0    0    0    0    0    5   13   20   26   31   35   38   41   45
   49   53   56   59   60   60   60   61   62
    55.0-180.0 180.0   5.0 450.0                            LAT/LON1/LON2/DLON/H
   45   49   53   57   61   64   68   74   84   98  115  135  156  178  200  222
  244  265  286  304  319  329  333  331  323  313  301  290  278  265  249  228
  202  172  140  109   80   56   37   22   11    3    0    0    0    0    0    0
    0    0    0    0    0    0    0    0    7   14   19   23   26   28   30   33
   36   40   43   45   45   44   44   44   45
    52.5-180.0 180.0   5.0 450.0                            LAT/LON1/LON2/DLON/H
   34   37   41   46   52   58   65   74   87  103  123  143  165  187  208  229
  249  268  285  301  314  323  328  328  324  318  312  306  299  289  274  252
  225  193  159  127   98   73   54   38   27   18   12    7    4    2    1    0
    0    0    0    0    0    0    5   10   16   21   25   27   27   27   28   29
   30   33   35   36   36   35   33   33   34
    50.0-180.0 180.0   5.0 450.0                            LAT/LON1/LON2/DLON/H
   32   34   38   43   49   57   66   79   95  114  135  156  178  199  219  239
  258  274  289  302  312  320  325  327  326  324  321  318  312  303  286  263
  234  201  168  137  110   88   71   57   46   38   31   27   24   22   22   21
   21   21   21   20   21   23   26   30   34   38   40   40   38   35   33   32
   32   33   34   35   35   34   33   32   32
    47.5-180.0 180.0   5.0 450.0                            LAT/LON1/LON2/DLON/H
   41   41   43   48   54   63   75   91  111  132  154  175  195  216  236  255
  273  288  301  311  319  326  330  332  332  331  329  325  317  304  285  259
  229  197  166  139  116   98   84   73   64   58   53   50   47   46   45   45
   45   45   45   44   44   45   48   51   54   57   57   55   51   47   43   40
   39   39   40   41   43   44   43   42   41
    45.0-180.0 180.0   5.0 450.0                            LAT/LON1/LON2/DLON/H
   58   57   57   59   65   75   89  109  132  156  179  200  219  238  258  277
  295  309  321  329  336  341  344  346  345  341  336  327  314  295  271  243
  213  184  158  136  118  104   93   85   79   75   72   70   68   67   65   65
   64   63   62   61   60   60   62   65   68   69   69   66   62   57   52   49
   47   47   49   52   55   58   60   59   58
    42.5-180.0 180.0   5.0 450.0                            LAT/LON1/LON2/DLON/H
   77   74   72   72   77   88  106  130  157  184  208  229  247  265  284  304
  321  335  345  353  359  363  365  364  360  352  340  325  305  281  252  223
  196  172  153  136  122  110  101   93   89   87   86   86   84   82   80   77
   75   72   69   66   64   63   64   67   70   72   72   69   65   61   58   56
   54   54   57   61   67   73   77   78   77
    40.0-180.0 180.0   5.0 450.0                            LAT/LON1/LON2/DLON/H
   90   86   83   82   87   99  120  148  180  211  238  259  277  294  312  330
  347  360  370  377  382  385  386  382  373  360  343  321  296  267  238  212
  191  175  163  151  138  125  113  104   99   98   98   98   97   94   90   85
   80   74   69   63   59   57   57   60   63   65   66   64   62   60   58   58
   58   59   61   66   73   81   88   91   90
    37.5-180.0 180.0   5.0 450.0                            LAT/LON1/LON2/DLON/H
   92   89   85   84   89  104  128  161  199  234  264  287  305  321  338  354
  369  380  388  395  400  403  401  394  382  364  343  319  292  264  239  221
  210  204  199  190  175  155  136  121  113  111  112  112  110  106  101   94
   86   78   68   60   53   49   48   50   52   54   55   55   54   54   55   57
   59   59   61   65   72   80   88   92   92
    35.0-180.0 180.0   5.0 450.0                            LAT/LON1/LON2/DLON/H
   83   80   77   77   84  101  129  167  209  250  284  310  329  345  360  373
  384  392  398  403  408  410  407  398  383  364  343  322  300  280  265  258
  261  266  267  258  235  205  175  151  138  132  132  131  129  125  119  112
  103   91   79   67   57   50   47   46   47   48   48   47   47   49   53   57
   59   59   58   59   63   70   78   82   83
    32.5-180.0 180.0   5.0 450.0                            LAT/LON1/LON2/DLON/H
   64   63   61   63   72   92  124  165  212  257  296  326  348  365  377  386
  392  395  398  401  405  406  402  392  378  362  348  335  325  318  318  327
  343  359  364  351  319  274  230  196  175  165  162  161  160  156  152  145
  136  123  108   92   79   69   62   57   54   52   51   49   49   51   55   60
   62   61   56   52   52   55   60   64   64
    30.0-180.0 180.0   5.0 450.0                            LAT/LON1/LON2/DLON/H
   44   43   43   48   60   83  117  161  210  259  302  336  362  380  391  396
  396  393  392  392  394  394  389  380  370  362  360  362  369  379  396  420
  449  472  479  459  414  356  298  252  223  210  205  203  202  201  199  195
  187  174  157  139  122  108   97   87   79   73   68   64   62   62   65   70
   72   68   60   50   44   42   42   44   44
    27.5-180.0 180.0   5.0 450.0                            LAT/LON1/LON2/DLON/H
   28   28   30   37   53   77  112  157  207  257  303  341  371  391  402  403
  398  391  385  382  381  379  375  369  366  370  383  404  429  457  488  524
  561  588  592  565  509  438  368  314  280  262  255  254  254  255  257  257
  252  239  221  201  181  164  147  132  119  108  100   92   86   84   85   87
   88   83   71   57   44   36   31   30   28
    25.0-180.0 180.0   5.0 450.0                            LAT/LON1/LON2/DLON/H
   24   23   27   37   54   81  116  159  207  256  303  345  378  401  412  412
  404  392  383  377  373  369  365  364  371  389  418  457  498  540  581  623
  661  687  686  651  587  508  433  374  336  316  308  306  308  312  317  321
  317  305  287  266  245  224  204  184  166  151  140  129  120  113  110  111
  110  103   90   72   54   41   32   27   24
    22.5-180.0 180.0   5.0 450.0                            LAT/LON1/LON2/DLON/H
   32   31   36   48   68   95  129  169  213  260  305  348  384  410  423  424
  415  402  391  381  374  368  366  371  389  420  465  516  569  616  660  699
  733  752  745  705  637  557  481  423  385  365  356  353  355  360  368  373
  370  359  340  319  298  276  254  231  210  193  180  168  155  145  139  137
  134  127  113   94   73   56   44   36   32
    20.0-180.0 180.0   5.0 450.0                            LAT/LON1/LON2/DLON/H
   50   49   54   68   90  118  152  188  228  269  312  354  391  420  436  440
  434  423  411  398  387  380  380  392  420  463  517  575  630  676  713  744
  767  777  763  721  656  581  511  457  421  401  391  387  387  391  397  401
  398  386  367  347  328  309  287  264  243  226  214  201  187  174  164  160
  157  150  136  117   96   79   65   56   50
    17.5-180.0 180.0   5.0 450.0                            LAT/LON1/LON2/DLON/H
   72   71   77   93  117  147  180  214  249  286  324  364  401  432  453  462
  461  454  442  428  414  405  407  426  463  512  570  626  675  712  737  754
  764  764  746  705  648  583  523  476  443  423  410  403  400  400  401  401
  395  381  364  346  331  316  298  278  259  246  236  224  210  195  183  177
  173  166  154  137  118  101   87   78   72
    15.0-180.0 180.0   5.0 450.0                            LAT/LON1/LON2/DLON/H
   91   90   98  117  144  176  210  242  274  307  343  380  416  449  474  489
  495  492  483  468  451  440  445  470  512  563  617  664  701  724  734  737
  735  726  706  671  624  572  524  484  453  430  414  401  392  385  380  373
  363  348  333  320  311  302  290  275  261  252  246  237  223  208  194  186
  181  175  163  148  131  117  105   96   91
    12.5-180.0 180.0   5.0 450.0                            LAT/LON1/LON2/DLON/H
  101  102  112  133  164  200  236  270  301  333  366  401  436  470  499  520
  533  536  529  513  494  482  489  518  562  610  654  688  709  717  715  707
  696  682  663  635  600  562  524  488  456  429  406  387  370  355  342  328
  314  300  288  281  278  277  272  263  256  251  248  241  229  213  199  190
  183  175  164  150  135  123  113  106  101
    10.0-180.0 180.0   5.0 450.0                            LAT/LON1/LON2/DLON/H
  101  103  116  141  176  217  257  293  328  360  393  427  462  496  528  554
  572  580  576  559  539  527  535  565  608  650  681  698  704  701  691  678
  664  650  634  614  589  561  530  495  459  424  394  367  343  320  299  281
  265  253  246  246  251  256  257  255  252  251  250  244  232  216  202  191
  182  172  159  145  131  120  112  105  101
     7.5-180.0 180.0   5.0 450.0                            LAT/LON1/LON2/DLON/H
   93   97  112  141  181  226  270  312  351  387  422  457  491  526  560  589
  611  622  619  603  582  571  579  609  647  679  697  700  695  686  676  664
  653  642  631  617  599  577  547  509  466  423  384  351  320  292  267  246
  232  225  224  231  242  253  259  260  260  260  258  251  237  221  207  195
  183  169  153  137  123  112  103   97   93
     5.0-180.0 180.0   5.0 450.0                            LAT/LON1/LON2/DLON/H
   83   87  105  137  181  230  279  326  370  412  451  487  523  558  592  622
  645  657  656  641  622  611  619  646  678  701  706  699  689  681  676  671
  667  661  654  644  629  607  574  530  479  428  382  344  310  279  254  235
  226  225  233  246  261  274  281  283  282  281  276  265  249  232  217  204
  189  172  153  134  118  105   95   87   83
     2.5-180.0 180.0   5.0 450.0                            LAT/LON1/LON2/DLON/H
   77   81  100  134  181  233  285  336  386  434  477  516  552  587  620  649
  672  684  684  672  655  645  653  676  701  715  712  700  691  689  693  698
  701  700  695  685  669  644  606  556  497  439  390  349  315  287  264  252
  250  257  271  288  305  317  322  321  318  313  303  288  269  250  235  220
  203  183  160  139  121  106   93   82   77
