static/ion/2023-12-12.23i
     1.0            IONOSPHERE MAPS     GNSS                IONEX VERSION / TYPE
IONINX V5.5         AIUB                11-DEC-23 07:41     PGM / RUN BY / DATE 
CODE'S 2-DAY PREDICTED IONOSPHERE MAPS FOR DAY 346, 2023    COMMENT             
Global ionosphere maps (GIM) are generated on a daily basis DESCRIPTION         
at CODE using data from about 120 GNSS sites of the IGS and DESCRIPTION         
other institutions. The vertical total electron content     DESCRIPTION         
(VTEC) is modeled in a solar-geomagnetic reference frame    DESCRIPTION         
using a spherical harmonics expansion up to degree and      DESCRIPTION         
order 15. Piece-wise linear functions are used for          DESCRIPTION         
representation in the time domain. The time spacing of      DESCRIPTION         
their vertices is 1 hour, conforming with the epochs of the DESCRIPTION         
VTEC maps.                                                  DESCRIPTION         
To convert line-of-sight TEC into vertical TEC, a modified  DESCRIPTION         
single-layer model mapping function approximating the JPL   DESCRIPTION         
extended slab model mapping function is adopted. The        DESCRIPTION         
mapping function is evaluated at geodetic satellite         DESCRIPTION         
elevation angles. For the computation of the ionospheric    DESCRIPTION         
pierce points, a spherical layer with a radius of 6821 km   DESCRIPTION         
is assumed, implying geocentric, not geodetic IONEX         DESCRIPTION         
latitudes.                                                  DESCRIPTION         
Instrumental biases with respect to each involved GNSS code DESCRIPTION         
observable are estimated as constant values for each        DESCRIPTION         
day. They are modeled with one set of bias parameters for   DESCRIPTION         
each satellite and each station in case of GPS and for each DESCRIPTION         
satellite-station link in case of GLONASS. The code bias    DESCRIPTION         
datum is defined by zero-mean conditions imposed on the     DESCRIPTION         
satellite bias estimates. In this file, just GPS C1W-C2W    DESCRIPTION         
satellite and station bias values are included. The         DESCRIPTION         
complete set of GNSS code bias results is provided in an    DESCRIPTION         
additional Bias-SINEX file as pseudo-absolute values        DESCRIPTION         
specific to each observable.                                DESCRIPTION         
Contact address: code(at)aiub.unibe.ch                      DESCRIPTION         
Data archive:    ftp.aiub.unibe.ch/CODE/                    DESCRIPTION         
                 www.aiub.unibe.ch/download/CODE/           DESCRIPTION         
  2023    12    12     0     0     0                        EPOCH OF FIRST MAP  
  2023    12    13     0     0     0                        EPOCH OF LAST MAP   
  3600                                                      INTERVAL            
    25                                                      # OF MAPS IN FILE   
  NONE                                                      MAPPING FUNCTION    
    10.0                                                    ELEVATION CUTOFF    
One-way carrier phase leveled to code                       OBSERVABLES USED    
  6371.0                                                    BASE RADIUS         
     2                                                      MAP DIMENSION       
   450.0 450.0   0.0                                        HGT1 / HGT2 / DHGT  
    87.5 -87.5  -2.5                                        LAT1 / LAT2 / DLAT  
  -180.0 180.0   5.0                                        LON1 / LON2 / DLON  
    -1                                                      EXPONENT            
TEC/RMS values in 0.1 TECU; 9999, if no value available     COMMENT             
                                                            END OF HEADER       
[from data line 6864]
    17                                                      START OF TEC MAP    
  2023    12    12    16     0     0                        EPOCH OF CURRENT MAP
    87.5-180.0 180.0   5.0 450.0                            LAT/LON1/LON2/DLON/H
   79   80   81   83   84   85   86   88   89   90   91   92   93   94   94   95
   96   96   96   97   97   97   97   97   97   96   96   96   95   94   94   93
   92   91   90   90   89   88   86   85   84   83   82   81   80   79   78   78
   77   76   75   74   74   73   73   72   72   72   71   71   71   71   71   72
   72   73   73   74   75   76   77   78   79
    85.0-180.0 180.0   5.0 450.0                            LAT/LON1/LON2/DLON/H
   67   69   72   74   77   79   82   84   87   89   91   92   94   95   96   97
   98   99   99  100  100  100  100  100  100   99   99   98   97   96   95   93
   92   90   89   87   85   83   82   80   78   76   74   73   71   70   69   67
   66   65   64   63   62   61   60   59   58   57   56   56   55   55   55   55
   55   56   56   57   59   60   62   64   67
    82.5-180.0 180.0   5.0 450.0                            LAT/LON1/LON2/DLON/H
   53   56   60   64   68   71   75   78   81   84   86   88   90   91   92   93
   94   95   95   96   96   96   97   97   97   96   96   95   95   93   92   90
   88   86   84   81   79   76   74   71   69   66   64   63   61   60   59   59
   58   57   57   56   55   54   53   52   51   49   47   46   44   43   42   41
   40   40   41   42   43   45   47   50   53
    80.0-180.0 180.0   5.0 450.0                            LAT/LON1/LON2/DLON/H
   42   46   50   54   59   63   67   71   74   77   79   81   82   83   84   84
   85   86   87   88   89   90   91   92   93   93   93   93   92   91   89   87
   84   82   79   75   72   68   65   62   59   56   54   53   52   52   53   53
   54   55   56   57   57   57   56   54   52   50   47   45   42   39   37   35
   33   32   31   32   33   34   36   39   42
    77.5-180.0 180.0   5.0 450.0                            LAT/LON1/LON2/DLON/H
   38   41   45   49   53   57   61   65   68   70   71   72   73   73   73   74
   75   77   79   81   84   87   90   92   94   95   95   95   93   92   89   86
   83   79   75   71   66   62   57   53   50   47   46   45   46   47   50   53
   56   59   62   64   66   67   66   65   63   60   57   53   49   45   42   39
   36   34   32   31   31   32   33   35   38
    75.0-180.0 180.0   5.0 450.0                            LAT/LON1/LON2/DLON/H
   41   43   46   49   52   55   59   61   63   64   65   65   64   64   64   65
   68   71   76   81   87   93   98  102  105  106  106  105  102   99   95   90
   85   80   75   69   63   58   52   47   44   41   40   40   42   45   50   55
   61   66   71   76   79   81   81   80   78   75   71   67   63   59   55   51
   48   46   44   42   41   40   40   40   41
    72.5-180.0 180.0   5.0 450.0                            LAT/LON1/LON2/DLON/H
   52   52   53   54   55   57   59   60   61   60   60   58   57   57   58   60
   65   72   80   90  100  110  118  124  128  129  127  124  119  112  106   99
   92   84   77   70   63   56   50   44   39   36   35   36   39   44   50   57
   65   73   80   85   90   93   94   93   92   89   85   82   78   74   71   69
   66   64   62   60   58   56   55   53   52
    70.0-180.0 180.0   5.0 450.0                            LAT/LON1/LON2/DLON/H
   67   64   63   62   61   61   61   61   60   58   56   54   53   53   55   60
   68   79   93  107  123  137  148  156  160  160  156  150  141  131  121  111
  101   92   83   74   65   57   49   43   37   34   33   34   37   42   49   57
   66   74   82   88   93   96   98   98   97   95   93   91   89   87   85   85
   84   83   83   81   79   76   73   70   67
    67.5-180.0 180.0   5.0 450.0                            LAT/LON1/LON2/DLON/H
   80   76   73   70   68   66   64   62   59   56   54   52   51   52   57   64
   76   92  111  131  151  169  184  193  197  196  189  179  167  154  140  127
  114  102   90   79   69   59   51   43   37   33   31   31   34   38   45   52
   60   67   74   80   84   88   90   91   91   91   91   90   90   91   92   94
   95   97   98   98   96   93   89   85   80
    65.0-180.0 180.0   5.0 450.0                            LAT/LON1/LON2/DLON/H
   87   82   78   75   71   68   65   61   58   54   51   50   50   54   61   72
   88  108  131  156  180  201  218  229  232  229  221  208  193  177  161  145
  130  115  101   87   75   64   54   45   39   34   30   29   30   33   37   42
   47   53   58   62   65   68   70   72   74   76   78   80   83   85   89   93
   97  101  104  105  104  102   98   93   87
    62.5-180.0 180.0   5.0 450.0                            LAT/LON1/LON2/DLON/H
   85   81   77   74   71   67   63   59   54   51   49   49   52   58   68   83
  102  125  150  178  204  227  245  256  259  256  247  233  218  201  183  166
  148  131  114   98   83   70   59   50   42   36   31   28   26   26   27   29
   31   34   36   38   40   42   45   48   52   56   60   64   69   73   77   82
   88   93   97  100  100   98   95   90   85
    60.0-180.0 180.0   5.0 450.0                            LAT/LON1/LON2/DLON/H
   74   72   70   68   66   62   58   53   49   46   46   49   55   65   78   96
  117  141  167  194  220  243  260  271  275  273  265  253  239  224  207  190
  171  151  131  112   95   80   67   56   48   40   34   28   24   20   18   16
   16   15   15   15   16   18   21   25   31   37   43   48   53   57   62   66
   72   77   81   84   85   84   81   78   74
    57.5-180.0 180.0   5.0 450.0                            LAT/LON1/LON2/DLON/H
   57   57   58   58   58   55   51   46   43   42   44   50   60   74   91  111
  133  157  181  206  229  249  265  276  281  280  276  268  258  247  233  216
  196  175  152  129  109   92   77   66   56   48   39   31   24   18   13    9
    6    3    2    1    1    2    6   11   18   26   33   38   42   45   48   50
   54   58   61   64   64   63   61   59   57
    55.0-180.0 180.0   5.0 450.0                            LAT/LON1/LON2/DLON/H
   40   42   45   48   49   47   44   40   38   39   44   54   68   86  106  128
  150  172  194  214  233  250  264  274  281  283  283  280  276  269  258  242
  222  199  173  148  125  106   91   78   68   58   48   38   29   21   14    9
    5    2    0    0    0    0    4   10   18   26   33   37   40   41   40   40
   41   42   43   44   44   43   41   39   40
    52.5-180.0 180.0   5.0 450.0                            LAT/LON1/LON2/DLON/H
   27   31   36   40   42   41   39   36   36   39   48   62   79  101  123  147
  169  189  207  223  238  251  262  272  280  286  290  292  292  288  280  266
  245  220  193  166  141  121  105   92   80   69   58   47   37   29   22   17
   14   11   10    9    9   11   15   21   29   37   43   46   47   45   42   39
   36   34   34   33   31   29   27   26   27
    50.0-180.0 180.0   5.0 450.0                            LAT/LON1/LON2/DLON/H
   24   28   33   38   40   39   37   36   37   44   56   73   93  117  142  166
  189  208  223  236  246  256  266  276  285  293  299  303  305  303  296  281
  261  235  207  180  156  136  120  106   94   82   70   58   48   41   35   32
   30   29   28   28   29   31   35   41   47   54   59   62   61   57   52   46
   41   37   35   32   29   26   24   23   24
    47.5-180.0 180.0   5.0 450.0                            LAT/LON1/LON2/DLON/H
   32   34   38   41   42   41   39   39   43   53   68   87  109  134  160  186
  209  228  242  253  261  270  279  289  298  305  311  314  315  311  302  287
  266  242  216  191  169  150  134  119  106   93   80   69   60   54   50   49
   48   49   49   49   50   52   55   60   66   72   76   77   76   71   65   59
   53   49   45   42   39   35   32   31   32
    45.0-180.0 180.0   5.0 450.0                            LAT/LON1/LON2/DLON/H
   48   48   50   50   49   46   44   46   52   65   83  104  127  151  177  203
  227  247  262  273  282  291  300  310  317  323  325  324  320  312  299  283
  263  241  219  198  179  162  146  131  116  101   88   78   70   66   64   64
   65   65   65   65   65   67   70   74   79   84   87   88   87   83   78   73
   68   64   61   59   56   53   50   48   48
    42.5-180.0 180.0   5.0 450.0                            LAT/LON1/LON2/DLON/H
   67   66   64   62   57   53   51   54   64   80  101  123  145  168  193  218
  243  265  282  295  306  316  326  334  340  340  337  330  319  306  290  272
  254  237  221  205  190  175  158  141  124  108   95   84   78   75   75   75
   76   75   74   72   72   72   75   79   84   88   91   92   91   89   87   83
   81   79   77   76   74   73   71   69   67
    40.0-180.0 180.0   5.0 450.0                            LAT/LON1/LON2/DLON/H
   86   82   78   72   66   60   57   62   76   96  119  142  164  185  207  232
  257  279  299  314  327  339  350  357  359  355  345  332  316  298  280  263
  249  237  228  218  206  191  173  153  133  115  101   91   85   84   84   84
   83   80   76   73   71   71   73   77   82   85   88   88   89   89   88   88
   88   88   88   88   89   89   89   88   86
    37.5-180.0 180.0   5.0 450.0                            LAT/LON1/LON2/DLON/H
   97   93   87   80   71   64   63   69   86  110  137  162  183  202  222  244
  268  291  311  328  342  355  366  371  370  362  348  332  314  296  279  265
  256  251  248  242  231  214  192  168  145  125  110  100   95   94   94   93
   90   84   78   72   69   69   71   75   79   82   83   83   83   84   85   87
   89   90   92   94   96   98   99   99   97
    35.0-180.0 180.0   5.0 450.0                            LAT/LON1/LON2/DLON/H
  101   97   91   83   74   67   66   75   95  123  153  180  202  220  237  257
  278  299  318  335  349  362  370  374  370  361  348  333  319  305  294  286
  284  285  286  282  269  247  219  190  164  142  125  115  111  110  110  108
  104   97   88   81   77   75   77   81   84   84   83   81   80   80   82   84
   86   88   90   92   94   97  100  102  101
    32.5-180.0 180.0   5.0 450.0                            LAT/LON1/LON2/DLON/H
   97   94   89   82   74   68   68   79  101  133  167  198  221  239  255  271
  289  306  322  336  348  358  364  365  361  354  347  341  336  333  331  332
  336  342  345  338  319  289  255  221  191  168  151  141  136  136  137  136
  132  124  115  107  102   99  100  101  102   99   94   89   84   82   82   83
   85   86   87   87   88   90   93   96   97
    30.0-180.0 180.0   5.0 450.0                            LAT/LON1/LON2/DLON/H
   88   87   84   79   73   69   70   82  106  141  179  213  240  259  274  288
  301  314  326  335  342  347  350  350  348  347  350  358  368  379  389  399
  410  418  418  406  378  340  299  260  229  205  188  178  174  174  177  178
  176  170  162  154  148  143  141  139  135  128  118  108  100   94   91   90
   89   88   86   84   82   81   83   86   88
    27.5-180.0 180.0   5.0 450.0                            LAT/LON1/LON2/DLON/H
   79   80   78   76   73   71   73   86  111  147  188  225  256  278  294  307
  317  325  331  334  336  336  335  334  337  346  363  387  414  440  463  481
  495  503  498  478  442  395  348  307  275  252  236  226  222  224  229  233
  234  232  226  219  211  203  196  188  179  167  152  137  125  115  109  105
  101   97   92   86   80   76   75   77   79
    25.0-180.0 180.0   5.0 450.0                            LAT/LON1/LON2/DLON/H
   74   75   75   75   75   75   79   92  117  153  195  235  269  294  313  325
  334  339  340  338  334  329  325  326  335  355  386  427  469  509  541  564
  579  584  573  545  501  449  398  357  328  306  291  281  277  280  287  295
  300  301  297  290  280  268  254  241  226  208  189  171  155  143  134  127
  121  114  106   96   86   77   73   73   74
    22.5-180.0 180.0   5.0 450.0                            LAT/LON1/LON2/DLON/H
   75   75   76   78   80   82   87  100  124  159  201  242  278  307  328  343
  352  356  355  349  341  332  328  332  348  379  422  474  527  573  610  635
  648  648  632  598  550  495  446  407  381  362  347  336  331  334  342  352
  360  363  362  354  341  323  303  283  264  243  221  201  184  171  161  152
  144  136  126  114   99   87   79   75   75
    20.0-180.0 180.0   5.0 450.0                            LAT/LON1/LON2/DLON/H
   81   80   80   82   86   90   97  111  134  167  207  247  284  315  341  359
  371  376  375  369  358  348  345  354  377  416  466  523  578  625  659  681
  691  687  667  632  584  532  487  454  432  415  400  387  379  379  386  395
  403  407  404  395  378  355  330  306  284  262  241  221  206  194  184  175
  167  158  148  134  117  101   90   84   81
    17.5-180.0 180.0   5.0 450.0                            LAT/LON1/LON2/DLON/H
   91   87   85   87   92   99  108  123  146  178  214  252  288  322  351  375
  391  400  402  396  386  377  376  391  421  464  515  568  616  656  684  699
  704  698  678  645  603  559  521  495  476  460  443  426  413  408  411  416
  421  421  416  404  384  357  330  305  283  264  245  229  217  208  200  192
  184  176  166  152  135  118  105   97   91
    15.0-180.0 180.0   5.0 450.0                            LAT/LON1/LON2/DLON/H
  101   94   90   91   97  106  118  135  160  191  225  260  295  329  362  390
  412  427  432  429  421  415  419  439  473  517  562  604  640  666  684  692
  693  686  669  643  610  577  549  529  513  496  475  452  432  419  414  412
  410  405  396  381  359  331  305  283  266  251  238  226  218  213  207  200
  192  185  176  164  148  132  119  109  101
    12.5-180.0 180.0   5.0 450.0                            LAT/LON1/LON2/DLON/H
  108   99   92   92   99  110  126  148  176  207  240  272  305  340  376  409
  436  456  466  466  461  458  467  492  528  568  604  630  649  661  667  669
  668  662  651  634  613  592  573  557  542  522  495  463  434  412  398  387
  377  365  352  335  313  288  266  251  241  233  225  218  214  211  207  201
  194  187  179  169  155  140  128  118  108
    10.0-180.0 180.0   5.0 450.0                            LAT/LON1/LON2/DLON/H
  112  100   91   90   98  113  133  160  192  226  259  290  322  358  396  432
  463  487  500  504  501  502  515  543  579  613  636  647  649  647  645  644
  643  640  635  628  619  607  595  582  564  539  504  464  426  394  370  351
  333  316  300  283  264  245  231  224  222  221  218  214  211  209  205  199
  191  184  177  168  156  144  133  123  112
     7.5-180.0 180.0   5.0 450.0                            LAT/LON1/LON2/DLON/H
  113   99   89   87   95  113  139  171  208  246  281  312  345  381  421  460
  493  518  534  539  539  543  559  588  622  648  660  657  647  637  631  630
  630  632  633  633  631  627  618  604  582  550  508  459  412  373  341  315
  293  273  257  243  230  219  214  216  222  225  224  220  215  212  207  199
  190  181  174  166  155  144  135  125  113
     5.0-180.0 180.0   5.0 450.0                            LAT/LON1/LON2/DLON/H
  113   98   86   84   93  114  144  181  224  266  304  338  372  410  451  490
  523  548  564  570  572  578  595  623  652  672  674  663  647  636  632  635
  639  643  647  650  652  650  641  624  596  557  508  454  401  356  321  293
  270  251  238  229  224  222  226  235  245  251  248  240  232  225  217  207
  195  184  176  166  156  145  136  127  113
     2.5-180.0 180.0   5.0 450.0                            LAT/LON1/LON2/DLON/H
  116  100   87   84   94  117  150  191  238  285  326  363  399  439  481  519
  551  574  589  595  598  605  621  646  671  684  682  668  655  649  652  660
  668  673  676  679  679  675  663  641  608  563  510  451  396  350  316  291
  272  258  251  249  251  257  267  280  292  295  288  274  261  249  237  223
  209  196  185  174  162  151  141  131  116
