static/ion/2023-12-24.23i
     1.0            IONOSPHERE MAPS     GNSS                IONEX VERSION / TYPE
IONINX V5.5         AIUB                23-DEC-23 07:44     PGM / RUN BY / DATE 
CODE'S 2-DAY PREDICTED IONOSPHERE MAPS FOR DAY 358, 2023    COMMENT             
Global ionosphere maps (GIM) are generated on a daily basis DESCRIPTION         
at CODE using data from about 120 GNSS sites of the IGS and DESCRIPTION         
other institutions. The vertical total electron content     DESCRIPTION         
(VTEC) is modeled in a solar-geomagnetic reference frame    DESCRIPTION         
using a spherical harmonics expansion up to degree and      DESCRIPTION         
order 15. Piece-wise linear functions are used for          DESCRIPTION         
representation in the time domain. The time spacing of      DESCRIPTION         
their vertices is 1 hour, conforming with the epochs of the DESCRIPTION         
VTEC maps.                                                  DESCRIPTION         
To convert line-of-sight TEC into vertical TEC, a modified  DESCRIPTION         
single-layer model mapping function approximating the JPL   DESCRIPTION         
extended slab model mapping function is adopted. The        DESCRIPTION         
mapping function is evaluated at geodetic satellite         DESCRIPTION         
elevation angles. For the computation of the ionospheric    DESCRIPTION         
pierce points, a spherical layer with a radius of 6821 km   DESCRIPTION         
is assumed, implying geocentric, not geodetic IONEX         DESCRIPTION         
latitudes.                                                  DESCRIPTION         
Instrumental biases with respect to each involved GNSS code DESCRIPTION         
observable are estimated as constant values for each        DESCRIPTION         
day. They are modeled with one set of bias parameters for   DESCRIPTION         
each satellite and each station in case of GPS and for each DESCRIPTION         
satellite-station link in case of GLONASS. The code bias    DESCRIPTION         
datum is defined by zero-mean conditions imposed on the     DESCRIPTION         
satellite bias estimates. In this file, just GPS C1W-C2W    DESCRIPTION         
satellite and station bias values are included. The         DESCRIPTION         
complete set of GNSS code bias results is provided in an    DESCRIPTION         
additional Bias-SINEX file as pseudo-absolute values        DESCRIPTION         
specific to each observable.                                DESCRIPTION         
Contact address: code(at)aiub.unibe.ch                      DESCRIPTION         
Data archive:    ftp.aiub.unibe.ch/CODE/                    DESCRIPTION         
                 www.aiub.unibe.ch/download/CODE/           DESCRIPTION         
  2023    12    24     0     0     0                        EPOCH OF FIRST MAP  
  2023    12    25     0     0     0                        EPOCH OF LAST MAP   
  3600                                                      INTERVAL            
    25                                                      # OF MAPS IN FILE   
  NONE                                                      MAPPING FUNCTION    
    10.0                                                    ELEVATION CUTOFF    
One-way carrier phase leveled to code                       OBSERVABLES USED    
  6371.0                                                    BASE RADIUS         
     2                                                      MAP DIMENSION       
   450.0 450.0   0.0                                        HGT1 / HGT2 / DHGT  
    87.5 -87.5  -2.5                                        LAT1 / LAT2 / DLAT  
  -180.0 180.0   5.0                                        LON1 / LON2 / DLON  
    -1                                                      EXPONENT            
TEC/RMS values in 0.1 TECU; 9999, if no value available     COMMENT             
                                                            END OF HEADER       
[from data line 1287]
     4                                                      START OF TEC MAP    
  2023    12    24     3     0     0                        EPOCH OF CURRENT MAP
    87.5-180.0 180.0   5.0 450.0                            LAT/LON1/LON2/DLON/H
  116  115  114  114  113  112  111  111  110  109  108  107  106  105  104  103
  102  101  100   98   97   96   95   94   93   92   91   91   90   90   89   89
   89   88   88   89   89   89   90   90   91   92   93   94   95   96   97   98
   99  101  102  103  105  106  107  109  110  111  112  113  114  115  116  116
  117  117  117  117  117  117  117  116  116
    85.0-180.0 180.0   5.0 450.0                            LAT/LON1/LON2/DLON/H
  125  123  121  119  117  116  114  112  111  110  108  107  106  104  103  101
  100   98   96   94   91   89   87   85   83   81   79   77   76   74   74   73
   73   73   73   74   74   75   76   77   79   80   82   84   86   87   90   92
   94   97   99  102  105  108  111  113  116  119  122  124  127  128  130  131
  132  132  132  132  131  130  128  127  125
    82.5-180.0 180.0   5.0 450.0                            LAT/LON1/LON2/DLON/H
  132  128  124  120  117  114  111  109  108  106  105  104  103  102  101   99
   97   95   92   89   86   82   79   75   72   69   66   63   61   60   59   59
   59   60   61   62   63   65   67   69   71   73   75   77   79   81   83   86
   89   92   95   99  103  108  112  117  123  128  133  137  141  145  148  150
  151  151  150  149  147  144  140  136  132
    80.0-180.0 180.0   5.0 450.0                            LAT/LON1/LON2/DLON/H
  141  133  126  120  114  109  106  103  101  100   99   99   98   98   97   96
   94   92   89   85   81   76   71   67   62   58   54   51   49   48   48   49
   50   52   54   57   60   62   65   67   69   71   73   75   77   78   80   82
   84   87   91   96  101  107  113  121  129  137  145  152  159  165  170  174
  175  176  174  171  167  162  155  148  141
    77.5-180.0 180.0   5.0 450.0                            LAT/LON1/LON2/DLON/H
  153  141  131  121  112  106  100   96   94   92   92   92   92   92   92   91
   90   87   84   80   76   71   65   60   54   50   46   44   43   43   44   46
   49   52   56   60   63   67   70   72   74   76   77   78   78   79   80   81
   82   85   88   93   99  106  115  124  135  146  158  169  180  189  196  202
  205  206  204  200  193  185  175  164  153
    75.0-180.0 180.0   5.0 450.0                            LAT/LON1/LON2/DLON/H
  169  154  139  126  115  105   98   93   89   87   86   85   85   85   85   85
   84   82   79   76   71   66   61   55   50   46   43   42   42   43   46   50
   55   59   64   69   73   76   79   81   83   83   84   83   83   82   82   82
   82   84   87   92   98  107  117  129  143  157  172  187  201  214  225  232
  237  239  237  232  223  212  199  185  169
    72.5-180.0 180.0   5.0 450.0                            LAT/LON1/LON2/DLON/H
  189  170  152  136  121  109  100   93   88   85   82   81   79   78   78   77
   76   75   73   71   67   63   59   54   50   47   45   45   47   50   55   60
   66   71   76   80   84   87   89   90   91   91   90   89   88   87   85   85
   85   86   89   94  101  111  123  137  152  170  188  206  223  239  252  262
  269  271  270  264  255  242  226  208  189
    70.0-180.0 180.0   5.0 450.0                            LAT/LON1/LON2/DLON/H
  210  188  167  148  131  117  106   98   91   86   82   78   75   72   70   69
   68   68   67   66   65   62   59   56   53   51   51   52   55   60   66   71
   77   82   86   90   92   94   94   95   95   94   93   92   91   90   89   88
   89   91   94  100  108  118  132  147  165  184  204  224  243  260  275  287
  295  299  298  293  283  269  252  232  210
    67.5-180.0 180.0   5.0 450.0                            LAT/LON1/LON2/DLON/H
  229  206  182  161  142  127  115  105   97   91   85   79   73   68   65   62
   62   62   63   64   64   63   62   60   58   57   57   60   64   69   75   80
   85   88   91   92   93   93   93   93   92   92   91   91   90   90   90   91
   93   96  101  108  118  130  144  161  179  199  220  240  260  277  293  305
  314  319  319  315  305  292  274  253  229
    65.0-180.0 180.0   5.0 450.0                            LAT/LON1/LON2/DLON/H
  245  220  195  172  152  135  122  112  103   96   88   81   73   67   62   59
   58   59   61   64   65   66   65   63   62   61   62   65   69   74   79   83
   86   87   87   87   86   85   84   84   84   84   85   85   85   86   88   91
   95  101  109  119  131  145  160  178  196  216  235  255  273  290  305  317
  326  331  332  329  321  308  290  269  245
    62.5-180.0 180.0   5.0 450.0                            LAT/LON1/LON2/DLON/H
  257  232  206  181  160  142  128  117  108  100   92   84   75   68   62   58
   58   59   62   66   68   68   67   65   64   62   63   65   69   73   77   79
   80   79   77   75   73   71   71   72   73   74   75   77   78   80   83   88
   95  104  116  130  145  161  179  197  215  233  251  269  285  300  313  324
  332  337  339  336  330  318  302  281  257
    60.0-180.0 180.0   5.0 450.0                            LAT/LON1/LON2/DLON/H
  269  243  216  191  168  148  132  120  111  102   94   86   78   71   65   62
   61   63   66   69   70   70   69   66   63   61   61   63   65   68   70   71
   70   67   64   61   59   58   59   61   63   65   67   68   69   71   76   83
   93  106  122  140  159  179  198  217  235  251  267  282  295  308  318  328
  335  340  342  341  335  326  311  292  269
    57.5-180.0 180.0   5.0 450.0                            LAT/LON1/LON2/DLON/H
  282  257  231  204  179  157  139  124  113  104   95   88   81   75   70   67
   67   68   70   72   72   71   68   65   61   59   58   59   61   62   63   62
   60   57   53   50   50   50   53   56   59   61   63   63   63   64   69   77
   90  107  128  151  174  197  218  237  255  270  283  295  306  315  324  331
  337  342  344  344  340  333  320  303  282
    55.0-180.0 180.0   5.0 450.0                            LAT/LON1/LON2/DLON/H
  299  276  251  224  198  173  151  132  117  106   96   89   83   79   75   73
   73   73   74   74   73   71   67   64   60   58   57   58   59   60   59   58
   55   52   49   48   49   52   55   59   63   64   64   62   60   60   64   73
   89  110  135  162  189  215  238  258  274  288  299  308  316  324  330  336
  341  344  347  348  346  341  331  317  299
    52.5-180.0 180.0   5.0 450.0                            LAT/LON1/LON2/DLON/H
  318  300  277  252  225  198  172  148  127  111   99   91   86   83   80   79
   78   77   76   75   73   71   68   65   63   62   62   62   62   62   61   60
   58   56   55   56   59   63   67   71   73   73   71   66   62   60   63   74
   92  116  144  175  205  233  258  278  294  305  314  322  328  333  338  341
  345  347  349  351  351  348  342  332  318
    50.0-180.0 180.0   5.0 450.0                            LAT/LON1/LON2/DLON/H
  337  324  306  284  259  231  201  172  145  123  107   96   90   87   85   84
   82   80   78   76   74   73   72   72   72   73   73   72   72   71   69   68
   67   67   68   71   76   81   85   88   89   87   82   75   69   65   69   80
  100  127  158  191  223  252  277  297  312  322  329  335  339  342  345  347
  348  349  350  351  353  353  351  346  337
    47.5-180.0 180.0   5.0 450.0                            LAT/LON1/LON2/DLON/H
  349  342  330  314  293  266  235  202  170  141  119  105   97   93   91   88
   85   82   80   78   78   79   81   84   87   89   89   88   85   83   81   79
   79   81   85   90   96  101  105  106  105  102   95   87   80   76   80   93
  115  144  177  210  242  271  296  315  329  337  343  346  349  351  351  350
  349  347  347  347  349  352  353  352  349
    45.0-180.0 180.0   5.0 450.0                            LAT/LON1/LON2/DLON/H
  350  348  343  333  317  295  266  233  197  164  137  119  108  102   99   95
   91   87   85   85   87   91   96  102  107  110  109  105  100   95   91   90
   91   94   99  106  114  119  121  121  119  115  108  100   93   90   95  110
  135  165  198  231  262  289  312  331  343  351  355  357  358  358  356  352
  348  343  340  339  341  344  347  349  350
    42.5-180.0 180.0   5.0 450.0                            LAT/LON1/LON2/DLON/H
  338  339  338  334  326  310  287  257  222  188  158  136  123  116  110  105
  100   96   95   97  102  109  116  123  128  130  126  119  111  103   98   96
   97  101  107  116  124  130  132  131  128  125  120  113  106  105  112  130
  157  188  221  252  280  305  327  343  355  362  365  366  366  364  360  354
  346  339  333  329  330  332  334  337  338
    40.0-180.0 180.0   5.0 450.0                            LAT/LON1/LON2/DLON/H
  320  318  317  316  314  307  292  269  239  207  177  155  141  132  126  119
  113  110  111  115  122  130  138  144  147  145  138  127  116  106  100   97
   97  101  108  117  126  132  135  134  133  131  128  123  118  118  128  148
  177  210  241  270  295  317  337  353  365  371  375  375  375  372  367  359
  350  340  331  326  324  323  323  321  320
    37.5-180.0 180.0   5.0 450.0                            LAT/LON1/LON2/DLON/H
  304  295  289  286  286  285  279  265  244  217  192  172  159  150  143  136
  130  128  131  137  145  151  156  159  159  153  143  130  116  106   99   95
   94   96  103  112  122  129  133  134  135  135  134  131  127  128  140  163
  194  227  257  283  306  327  346  361  373  380  385  386  386  384  380  373
  364  354  344  337  332  328  322  313  304
    35.0-180.0 180.0   5.0 450.0                            LAT/LON1/LON2/DLON/H
  304  284  267  257  253  254  254  249  236  217  198  183  173  166  160  153
  148  147  151  158  165  168  169  167  163  155  143  129  116  106   99   95
   93   93   97  106  116  125  129  132  135  138  138  136  132  133  146  171
  203  237  267  292  314  334  353  369  382  391  397  401  403  404  403  399
  393  386  378  371  364  356  343  325  304
    32.5-180.0 180.0   5.0 450.0                            LAT/LON1/LON2/DLON/H
  334  300  268  245  232  228  229  228  221  210  197  187  181  178  173  167
  162  162  167  174  178  178  174  168  162  153  143  131  120  113  108  104
   99   96   98  104  114  122  128  132  136  140  140  137  132  133  146  172
  207  242  273  298  320  342  362  380  395  406  415  422  428  433  437  440
  441  439  436  431  424  413  394  367  334
    30.0-180.0 180.0   5.0 450.0                            LAT/LON1/LON2/DLON/H
  401  353  307  268  241  225  218  214  208  200  191  186  184  183  180  175
  171  171  175  180  182  178  172  165  159  154  148  141  135  132  130  126
  119  112  109  111  118  126  131  135  138  141  140  134  127  127  141  169
  207  244  277  304  329  353  376  396  413  427  440  451  462  473  483  494
  504  510  514  514  509  498  476  443  401
    27.5-180.0 180.0   5.0 450.0                            LAT/LON1/LON2/DLON/H
  502  447  389  334  289  256  234  220  208  196  187  183  182  182  180  176
  172  172  175  178  178  173  167  163  162  163  163  163  164  165  165  161
  152  140  131  128  131  135  138  140  141  141  137  128  119  118  134  165
  205  246  282  314  343  371  397  419  438  456  472  489  505  521  539  558
  576  592  603  609  610  602  582  549  502
    25.0-180.0 180.0   5.0 450.0                            LAT/LON1/LON2/DLON/H
  626  570  507  442  380  327  285  253  228  207  192  184  182  182  179  175
  171  169  171  172  171  168  167  169  175  184  193  199  205  209  211  206
  193  177  161  152  148  148  147  145  143  139  131  119  108  109  128  163
  207  252  292  329  364  396  426  450  471  491  512  533  554  575  598  623
  649  672  691  704  711  710  697  668  626
    22.5-180.0 180.0   5.0 450.0                            LAT/LON1/LON2/DLON/H
  751  705  645  576  502  432  369  316  272  237  212  196  189  186  182  177
  173  170  169  169  170  171  177  188  203  220  234  245  253  258  258  251
  236  214  193  177  167  161  155  149  142  134  122  108   98  102  126  165
  214  263  308  351  391  429  461  488  510  533  557  582  607  631  656  684
  713  740  763  782  796  803  799  783  751
    20.0-180.0 180.0   5.0 450.0                            LAT/LON1/LON2/DLON/H
  855  825  778  714  637  555  476  403  340  288  249  225  211  203  197  192
  187  183  181  180  182  190  204  223  245  266  282  293  300  302  299  289
  270  245  220  198  182  170  160  150  139  127  113   98   91  101  130  175
  228  280  330  378  423  465  500  528  551  576  603  631  658  683  707  733
  760  787  810  832  850  865  873  871  855
    17.5-180.0 180.0   5.0 450.0                            LAT/LON1/LON2/DLON/H
  920  909  880  830  760  676  587  500  422  355  305  270  250  238  230  225
  221  216  212  211  215  228  248  273  296  316  329  336  336  332  324  310
  289  262  235  210  191  175  161  148  135  120  104   92   90  106  141  191
  247  302  355  406  456  501  538  566  591  616  645  676  704  727  747  768
  788  809  829  849  869  888  906  917  920
    15.0-180.0 180.0   5.0 450.0                            LAT/LON1/LON2/DLON/H
  935  943  934  903  847  771  683  592  506  431  372  331  305  290  282  279
  277  273  268  265  270  284  307  330  349  361  366  364  356  344  329  311
  289  264  237  213  192  175  160  146  131  116  101   91   95  118  159  212
  269  325  380  433  485  532  570  599  624  650  681  712  740  761  775  787
  799  810  823  837  854  875  896  917  935
    12.5-180.0 180.0   5.0 450.0                            LAT/LON1/LON2/DLON/H
  904  925  934  923  886  827  750  665  580  504  443  399  372  357  351  351
  352  350  344  339  341  353  370  386  393  392  386  374  358  338  317  296
  275  252  229  207  188  172  158  145  131  117  104   98  108  136  181  236
  292  347  401  455  508  555  593  622  647  674  705  737  764  782  792  795
  797  799  802  809  820  835  855  879  904
    10.0-180.0 180.0   5.0 450.0                            LAT/LON1/LON2/DLON/H
  844  870  890  894  878  839  781  711  636  565  508  467  441  428  426  430
  436  437  430  421  417  421  428  429  421  405  386  366  344  319  295  272
  253  235  216  198  183  170  159  148  137  124  114  112  127  159  206  259
  312  364  416  470  522  568  606  635  661  687  718  749  776  793  798  796
  790  785  780  779  781  788  800  819  844
     7.5-180.0 180.0   5.0 450.0                            LAT/LON1/LON2/DLON/H
  777  799  821  835  834  816  780  729  669  609  560  525  503  493  495  504
  515  517  509  495  483  476  469  453  427  398  371  347  322  296  271  249
  232  219  205  192  181  171  164  156  148  138  130  132  150  184  230  279
  328  377  426  477  527  572  609  638  663  689  718  749  776  793  798  795
  786  777  769  761  755  752  753  760  777
     5.0-180.0 180.0   5.0 450.0                            LAT/LON1/LON2/DLON/H
  727  738  754  769  778  776  759  726  682  635  595  566  548  542  546  558
  571  575  565  545  524  505  483  452  413  375  346  323  302  279  255  235
  222  211  202  193  184  178  173  168  162  155  151  155  175  208  251  296
  340  384  430  478  526  569  605  634  658  682  709  739  766  786  794  794
  789  782  774  764  753  740  729  724  727
     2.5-180.0 180.0   5.0 450.0                            LAT/LON1/LON2/DLON/H
  711  709  713  722  732  738  734  715  684  647  614  588  573  566  570  582
  594  597  584  560  532  503  469  428  383  345  320  305  291  273  253  236
  224  216  208  200  193  188  185  182  178  173  171  178  198  230  269  309
  348  388  431  476  521  561  596  624  647  669  694  722  750  773  788  795
  798  798  796  788  775  757  738  721  711
