static/ion/2023-12-06.23i
     1.0            IONOSPHERE MAPS     GNSS                IONEX VERSION / TYPE
IONINX V5.5         AIUB                05-DEC-23 07:41     PGM / RUN BY / DATE 
CODE'S 2-DAY PREDICTED IONOSPHERE MAPS FOR DAY 340, 2023    COMMENT             
Global ionosphere maps (GIM) are generated on a daily basis DESCRIPTION         
at CODE using data from about 120 GNSS sites of the IGS and DESCRIPTION         
other institutions. The vertical total electron content     DESCRIPTION         
(VTEC) is modeled in a solar-geomagnetic reference frame    DESCRIPTION         
using a spherical harmonics expansion up to degree and      DESCRIPTION         
order 15. Piece-wise linear functions are used for          DESCRIPTION         
representation in the time domain. The time spacing of      DESCRIPTION         
their vertices is 1 hour, conforming with the epochs of the DESCRIPTION         
VTEC maps.                                                  DESCRIPTION         
To convert line-of-sight TEC into vertical TEC, a modified  DESCRIPTION         
single-layer model mapping function approximating the JPL   DESCRIPTION         
extended slab model mapping function is adopted. The        DESCRIPTION         
mapping function is evaluated at geodetic satellite         DESCRIPTION         
elevation angles. For the computation of the ionospheric    DESCRIPTION         
pierce points, a spherical layer with a radius of 6821 km   DESCRIPTION         
is assumed, implying geocentric, not geodetic IONEX         DESCRIPTION         
latitudes.                                                  DESCRIPTION         
Instrumental biases with respect to each involved GNSS code DESCRIPTION         
observable are estimated as constant values for each        DESCRIPTION         
day. They are modeled with one set of bias parameters for   DESCRIPTION         
each satellite and each station in case of GPS and for each DESCRIPTION         
satellite-station link in case of GLONASS. The code bias    DESCRIPTION         
datum is defined by zero-mean conditions imposed on the     DESCRIPTION         
satellite bias estimates. In this file, just GPS C1W-C2W    DESCRIPTION         
satellite and station bias values are included. The         DESCRIPTION         
complete set of GNSS code bias results is provided in an    DESCRIPTION         
additional Bias-SINEX file as pseudo-absolute values        DESCRIPTION         
specific to each observable.                                DESCRIPTION         
Contact address: code(at)aiub.unibe.ch                      DESCRIPTION         
Data archive:    ftp.aiub.unibe.ch/CODE/                    DESCRIPTION         
                 www.aiub.unibe.ch/download/CODE/           DESCRIPTION         
  2023    12     6     0     0     0                        EPOCH OF FIRST MAP  
  2023    12     7     0     0     0                        EPOCH OF LAST MAP   
  3600                                                      INTERVAL            
    25                                                      # OF MAPS IN FILE   
  NONE                                                      MAPPING FUNCTION    
    10.0                                                    ELEVATION CUTOFF    
One-way carrier phase leveled to code                       OBSERVABLES USED    
  6371.0                                                    BASE RADIUS         
     2                                                      MAP DIMENSION       
   450.0 450.0   0.0                                        HGT1 / HGT2 / DHGT  
    87.5 -87.5  -2.5                                        LAT1 / LAT2 / DLAT  
  -180.0 180.0   5.0                                        LON1 / LON2 / DLON  
    -1                                                      EXPONENT            
TEC/RMS values in 0.1 TECU; 9999, if no value available     COMMENT             
                                                            END OF HEADER       
     1                                                      START OF TEC MAP    
  2023    12     6     0     0     0                        EPOCH OF CURRENT MAP
    87.5-180.0 180.0   5.0 450.0                            LAT/LON1/LON2/DLON/H
   98   99   99  100  100  100  100  100  100   99   99   98   97   96   95   94
   92   91   89   87   86   84   82   80   78   76   74   73   71   70   68   67
   66   65   64   63   63   63   62   62   63   63   64   64   65   66   67   68
   69   70   71   73   74   75   77   78   80   81   82   84   85   87   88   89
   90   92   93   94   95   96   97   98   98
    85.0-180.0 180.0   5.0 450.0                            LAT/LON1/LON2/DLON/H
  114  115  116  117  118  118  119  119  118  118  117  116  114  113  111  108
  106  103  100   97   93   90   86   82   79   75   71   68   64   61   58   56
   54   52   51   50   49   49   49   50   50   52   53   55   56   58   60   62
   64   66   69   71   73   75   77   80   82   84   86   88   91   93   95   97
   99  101  103  105  107  109  111  112  114
    82.5-180.0 180.0   5.0 450.0                            LAT/LON1/LON2/DLON/H
  127  129  131  132  133  134  135  135  135  134  133  131  129  127  124  121
  118  114  111  106  102   97   92   87   82   77   72   67   62   58   54   51
   48   46   44   43   43   44   44   46   48   50   52   54   57   60   62   65
   67   70   72   74   77   79   81   83   86   88   90   93   96   99  102  104
  107  110  113  116  118  121  123  125  127
    80.0-180.0 180.0   5.0 450.0                            LAT/LON1/LON2/DLON/H
  142  144  146  147  148  149  150  149  149  147  145  143  140  136  133  129
  125  121  117  113  109  104   99   94   89   83   78   72   67   62   57   54
   51   49   48   47   48   49   50   53   55   58   61   64   67   70   72   75
   77   78   80   81   82   83   85   86   88   91   93   96  100  103  107  111
  115  119  123  127  131  134  137  139  142
    77.5-180.0 180.0   5.0 450.0                            LAT/LON1/LON2/DLON/H
  161  163  164  165  166  166  166  165  163  159  155  151  145  140  134  129
  125  121  117  114  112  109  105  102   97   92   87   81   76   71   67   64
   61   60   59   60   61   63   65   68   71   74   77   80   83   85   87   88
   89   89   88   88   87   87   87   87   88   90   93   97  102  107  113  119
  125  131  137  142  147  151  155  158  161
    75.0-180.0 180.0   5.0 450.0                            LAT/LON1/LON2/DLON/H
  186  188  189  189  189  188  186  183  179  173  166  157  148  138  130  122
  117  113  111  110  110  110  109  108  105  102   98   93   88   84   80   78
   76   75   76   77   79   81   84   86   89   92   95   98   99  101  101  101
  100   98   95   92   89   87   85   84   84   86   90   95  102  110  118  128
  137  146  155  162  169  175  180  184  186
    72.5-180.0 180.0   5.0 450.0                            LAT/LON1/LON2/DLON/H
  218  219  219  218  216  214  211  206  199  190  179  165  150  135  122  111
  104  100   99  101  104  108  110  112  112  110  107  103   99   95   92   91
   90   90   91   93   95   97   99  102  105  107  109  110  111  111  111  109
  106  102   98   92   87   82   78   76   76   78   83   91  101  112  124  137
  150  163  176  187  197  205  212  216  218
    70.0-180.0 180.0   5.0 450.0                            LAT/LON1/LON2/DLON/H
  254  253  251  249  246  242  238  232  224  212  196  177  156  135  116  101
   91   86   86   90   97  103  109  112  114  113  110  107  104  101   99   98
   98   99  100  101  103  105  107  109  111  113  114  115  115  114  112  109
  106  101   94   87   80   73   68   65   65   68   75   85   99  114  130  147
  165  182  198  213  227  238  246  251  254
    67.5-180.0 180.0   5.0 450.0                            LAT/LON1/LON2/DLON/H
  288  286  282  277  273  268  264  258  250  236  218  194  168  141  116   96
   83   77   77   82   90   98  105  109  111  110  107  104  101   99   97   97
   97   98   99  101  102  103  104  105  107  108  108  108  108  107  105  102
   98   92   86   78   70   62   55   52   52   57   66   80   97  116  136  157
  177  198  218  237  254  269  279  286  288
    65.0-180.0 180.0   5.0 450.0                            LAT/LON1/LON2/DLON/H
  316  312  306  299  293  288  284  280  273  260  241  216  186  154  125  101
   85   76   75   80   87   94   99  102  103  101   98   95   92   90   89   88
   89   90   90   91   91   92   92   93   93   94   94   94   93   92   89   87
   83   79   73   66   58   49   42   39   40   46   59   76   96  119  142  165
  187  210  233  255  275  293  306  314  316
    62.5-180.0 180.0   5.0 450.0                            LAT/LON1/LON2/DLON/H
  335  330  322  312  304  299  297  295  291  281  263  238  207  174  143  116
   97   86   82   84   88   91   93   93   91   88   84   81   79   78   77   77
   77   77   77   77   76   76   76   76   76   77   77   76   74   72   70   68
   66   63   59   53   46   38   31   28   30   38   54   74   98  123  147  171
  194  217  241  265  288  308  324  333  335
    60.0-180.0 180.0   5.0 450.0                            LAT/LON1/LON2/DLON/H
  346  340  330  318  309  303  302  302  301  295  280  258  230  198  167  139
  118  105   97   93   92   90   88   84   79   75   71   69   68   68   67   67
   67   66   65   64   63   62   61   61   62   62   61   60   57   54   51   49
   48   48   46   43   37   30   23   20   23   34   52   75  102  128  154  177
  199  221  244  268  293  315  333  344  346
    57.5-180.0 180.0   5.0 450.0                            LAT/LON1/LON2/DLON/H
  352  346  335  322  311  305  304  305  306  302  292  273  249  221  193  167
  145  128  115  106   98   91   83   75   69   65   64   64   64   65   65   64
   63   61   60   59   57   56   55   55   55   54   53   50   45   40   36   34
   34   36   37   36   32   26   20   17   21   33   53   79  108  136  161  183
  203  223  245  268  293  317  336  348  352
    55.0-180.0 180.0   5.0 450.0                            LAT/LON1/LON2/DLON/H
  357  353  343  330  318  311  309  309  309  306  297  283  264  241  217  193
  170  150  133  118  105   92   81   71   65   63   64   67   70   71   71   70
   67   66   64   63   62   60   59   58   57   56   53   48   42   35   30   27
   28   31   34   35   33   27   22   19   23   37   59   87  116  145  169  191
  209  227  247  269  293  317  338  351  357
    52.5-180.0 180.0   5.0 450.0                            LAT/LON1/LON2/DLON/H
  365  364  357  345  335  327  322  319  316  310  300  287  272  255  236  214
  191  168  147  128  111   95   82   73   68   68   72   78   83   85   84   81
   79   77   76   75   75   74   72   70   69   66   62   55   47   39   32   29
   30   34   38   41   39   34   29   26   31   45   68   97  127  155  180  200
  218  235  254  275  298  321  341  357  365
    50.0-180.0 180.0   5.0 450.0                            LAT/LON1/LON2/DLON/H
  377  380  377  370  361  354  347  339  330  317  304  291  278  264  248  227
  204  178  155  134  116  101   89   81   78   80   87   94   99  101   99   95
   91   90   90   91   92   91   89   87   84   80   75   68   60   51   43   40
   40   44   49   52   51   46   40   38   43   58   81  110  139  167  191  212
  230  248  267  287  308  329  349  366  377
    47.5-180.0 180.0   5.0 450.0                            LAT/LON1/LON2/DLON/H
  391  399  401  399  394  388  380  368  351  331  312  295  282  270  255  235
  209  182  158  138  123  111  102   95   93   96  102  109  113  112  108  103
   99   99  101  105  107  107  105  102   99   94   89   83   75   67   61   57
   58   61   65   67   65   60   55   53   59   74   97  125  154  180  204  225
  245  265  284  304  323  342  361  378  391
    45.0-180.0 180.0   5.0 450.0                            LAT/LON1/LON2/DLON/H
  403  415  422  425  425  421  414  399  377  351  325  304  290  277  261  239
  211  183  160  143  133  126  119  113  110  110  113  117  118  115  109  103
  100  101  106  112  116  117  115  112  109  105  101   96   91   86   81   79
   79   80   83   83   80   75   70   69   77   93  116  143  169  193  216  238
  260  282  303  323  340  356  373  389  403
    42.5-180.0 180.0   5.0 450.0                            LAT/LON1/LON2/DLON/H
  409  422  432  439  443  444  439  425  401  371  341  318  301  287  269  244
  214  186  164  153  148  144  139  131  124  119  117  116  113  108  101   95
   94   97  104  112  118  120  119  116  114  111  109  106  105  103  102  100
   99   99   99   97   93   87   83   85   95  113  137  162  186  208  229  250
  274  298  321  340  356  369  382  395  409
    40.0-180.0 180.0   5.0 450.0                            LAT/LON1/LON2/DLON/H
  408  419  428  436  443  448  448  438  417  388  358  333  316  300  280  253
  222  194  175  168  166  165  158  146  133  121  114  109  104   98   91   87
   87   92  101  110  116  118  118  116  115  114  113  114  116  118  119  118
  117  114  111  107  101   96   93   98  112  133  158  182  203  223  241  262
  285  310  334  353  367  378  387  397  408
    37.5-180.0 180.0   5.0 450.0                            LAT/LON1/LON2/DLON/H
  402  408  414  420  426  434  439  435  420  397  371  349  332  316  295  266
  235  209  193  187  187  183  172  155  136  120  109  103   98   93   89   86
   88   94  103  111  116  118  118  117  117  117  118  120  124  128  131  130
  127  122  117  110  103   98   99  107  126  151  177  201  222  238  255  273
  295  319  342  361  375  383  389  395  402
    35.0-180.0 180.0   5.0 450.0                            LAT/LON1/LON2/DLON/H
  398  398  398  398  401  409  416  419  412  397  378  360  346  331  311  283
  254  229  214  208  204  195  179  158  137  121  111  108  107  106  105  105
  107  112  119  124  126  125  124  123  124  124  125  127  131  135  138  136
  131  123  116  108  100   96   99  112  136  165  195  220  240  256  270  286
  305  327  349  368  381  389  394  396  398
    32.5-180.0 180.0   5.0 450.0                            LAT/LON1/LON2/DLON/H
  404  400  393  386  383  387  394  400  399  391  380  368  357  344  326  301
  274  252  236  225  215  199  179  158  141  131  130  134  140  145  147  148
  149  150  152  151  148  144  140  138  137  137  137  137  138  140  140  135
  128  118  109  101   94   91   97  114  143  177  211  238  259  274  287  301
  317  336  357  376  392  402  406  407  404
    30.0-180.0 180.0   5.0 450.0                            LAT/LON1/LON2/DLON/H
  431  423  412  399  390  386  389  393  393  389  382  374  366  354  337  316
  293  272  254  236  217  196  175  160  154  158  171  187  201  212  217  216
  212  207  201  192  182  172  164  160  158  155  152  148  146  143  139  131
  120  110  100   92   86   85   93  115  149  188  225  255  277  294  308  321
  335  351  371  392  411  425  432  434  431
    27.5-180.0 180.0   5.0 450.0                            LAT/LON1/LON2/DLON/H
  479  474  463  448  433  421  414  410  406  400  393  385  375  363  347  328
  308  287  265  239  213  189  174  172  184  207  235  264  286  300  304  299
  288  273  257  240  222  205  193  185  181  176  169  161  153  146  137  125
  112  101   92   85   80   81   92  118  156  200  239  271  296  315  330  344
  358  374  394  418  443  463  475  480  479
    25.0-180.0 180.0   5.0 450.0                            LAT/LON1/LON2/DLON/H
  548  549  544  533  516  497  479  462  447  433  420  406  392  375  357  339
  320  298  270  239  208  187  183  199  232  274  318  355  381  394  394  382
  361  335  309  283  258  236  219  209  202  195  185  173  161  149  136  121
  106   95   88   82   79   81   95  124  167  213  255  288  315  336  355  372
  387  404  427  456  486  513  532  543  548
    22.5-180.0 180.0   5.0 450.0                            LAT/LON1/LON2/DLON/H
  627  638  645  643  630  607  577  546  517  491  467  445  421  397  374  354
  334  309  277  241  211  199  211  247  298  354  404  443  467  475  468  447
  415  379  344  311  282  256  237  225  217  209  198  184  169  153  137  119
  104   93   87   84   81   85  102  136  181  230  272  306  334  358  380  401
  419  440  467  501  538  571  596  613  627
    20.0-180.0 180.0   5.0 450.0                            LAT/LON1/LON2/DLON/H
  702  725  747  759  754  732  696  652  609  570  535  502  468  435  404  378
  354  325  290  255  232  233  261  312  374  433  480  511  526  525  509  479
  439  395  354  318  287  262  243  231  223  216  205  191  175  158  140  122
  106   96   92   89   88   94  114  151  199  249  291  325  353  379  405  430
  453  478  509  548  590  627  657  680  702
    17.5-180.0 180.0   5.0 450.0                            LAT/LON1/LON2/DLON/H
  760  794  829  857  865  849  811  761  708  660  617  576  533  489  450  417
  387  355  319  289  276  291  332  389  448  496  528  542  543  532  509  474
  429  382  339  304  276  254  238  228  222  216  207  195  180  164  146  127
  112  103   98   96   97  105  129  168  219  268  310  343  371  399  428  456
  483  512  547  590  634  675  706  732  760
    15.0-180.0 180.0   5.0 450.0                            LAT/LON1/LON2/DLON/H
  791  831  877  918  939  933  900  850  796  746  702  657  609  559  512  472
  436  401  367  344  343  370  416  466  508  532  538  530  516  497  471  435
  391  346  306  277  255  239  228  221  218  214  208  197  185  170  152  134
  119  110  106  104  106  117  143  186  237  286  327  358  387  416  447  478
  508  540  577  621  666  705  736  762  791
    12.5-180.0 180.0   5.0 450.0                            LAT/LON1/LON2/DLON/H
  794  833  883  932  963  968  945  903  857  814  776  735  688  636  585  540
  500  463  433  418  428  459  499  530  542  532  508  479  452  430  408  379
  342  303  271  248  235  227  221  217  216  213  208  200  189  176  160  142
  127  117  112  110  113  127  157  202  253  300  339  371  399  430  461  493
  524  557  595  637  681  718  745  767  794
    10.0-180.0 180.0   5.0 450.0                            LAT/LON1/LON2/DLON/H
  774  807  853  902  938  952  941  913  881  853  828  798  759  710  660  613
  572  536  510  503  518  545  567  568  542  497  446  402  371  353  340  324
  299  271  247  233  228  226  224  222  220  217  212  205  195  183  167  150
  135  124  118  115  119  136  169  215  264  309  346  378  408  439  471  502
  533  564  600  639  679  713  736  753  774
     7.5-180.0 180.0   5.0 450.0                            LAT/LON1/LON2/DLON/H
  744  767  803  845  879  897  897  885  870  861  853  839  811  771  726  682
  643  610  588  585  598  612  608  573  511  437  369  320  295  289  291  290
  280  263  248  241  241  242  241  237  232  226  220  212  203  191  176  159
  143  131  124  120  126  145  180  224  271  311  347  379  411  444  475  504
  533  561  594  630  666  697  718  730  744
     5.0-180.0 180.0   5.0 450.0                            LAT/LON1/LON2/DLON/H
  718  731  754  784  811  828  834  834  836  844  853  854  840  811  775  738
  703  674  656  652  655  648  613  545  455  366  297  257  246  256  275  290
  293  286  278  275  276  276  272  263  252  241  232  223  214  202  187  170
  154  141  132  128  135  155  190  233  274  310  343  376  410  444  474  501
  526  552  581  613  647  677  698  709  718
     2.5-180.0 180.0   5.0 450.0                            LAT/LON1/LON2/DLON/H
  706  714  726  742  758  770  777  784  796  815  836  849  847  829  802  774
  746  721  704  693  681  649  585  491  389  302  249  230  239  266  299  324
  336  335  330  327  326  321  310  293  274  258  246  236  227  215  201  184
  168  154  144  140  147  168  202  240  276  306  336  370  405  439  468  492
  515  538  564  594  628  659  683  698  706
