static/ion/2023-12-04.23i
     1.0            IONOSPHERE MAPS     GNSS                IONEX VERSION / TYPE
IONINX V5.5         AIUB                03-DEC-23 07:43     PGM / RUN BY / DATE 
CODE'S 2-DAY PREDICTED IONOSPHERE MAPS FOR DAY 338, 2023    COMMENT             
Global ionosphere maps (GIM) are generated on a daily basis DESCRIPTION         
at CODE using data from about 120 GNSS sites of the IGS and DESCRIPTION         
other institutions. The vertical total electron content     DESCRIPTION         
(VTEC) is modeled in a solar-geomagnetic reference frame    DESCRIPTION         
using a spherical harmonics expansion up to degree and      DESCRIPTION         
order 15. Piece-wise linear functions are used for          DESCRIPTION         
representation in the time domain. The time spacing of      DESCRIPTION         
their vertices is 1 hour, conforming with the epochs of the DESCRIPTION         
VTEC maps.                                                  DESCRIPTION         
To convert line-of-sight TEC into vertical TEC, a modified  DESCRIPTION         
single-layer model mapping function approximating the JPL   DESCRIPTION         
extended slab model mapping function is adopted. The        DESCRIPTION         
mapping function is evaluated at geodetic satellite         DESCRIPTION         
elevation angles. For the computation of the ionospheric    DESCRIPTION         
pierce points, a spherical layer with a radius of 6821 km   DESCRIPTION         
is assumed, implying geocentric, not geodetic IONEX         DESCRIPTION         
latitudes.                                                  DESCRIPTION         
Instrumental biases with respect to each involved GNSS code DESCRIPTION         
observable are estimated as constant values for each        DESCRIPTION         
day. They are modeled with one set of bias parameters for   DESCRIPTION         
each satellite and each station in case of GPS and for each DESCRIPTION         
satellite-station link in case of GLONASS. The code bias    DESCRIPTION         
datum is defined by zero-mean conditions imposed on the     DESCRIPTION         
satellite bias estimates. In this file, just GPS C1W-C2W    DESCRIPTION         
satellite and station bias values are included. The         DESCRIPTION         
complete set of GNSS code bias results is provided in an    DESCRIPTION         
additional Bias-SINEX file as pseudo-absolute values        DESCRIPTION         
specific to each observable.                                DESCRIPTION         
Contact address: code(at)aiub.unibe.ch                      DESCRIPTION         
Data archive:    ftp.aiub.unibe.ch/CODE/                    DESCRIPTION         
                 www.aiub.unibe.ch/download/CODE/           DESCRIPTION         
  2023    12     4     0     0     0                        EPOCH OF FIRST MAP  
  2023    12     5     0     0     0                        EPOCH OF LAST MAP   
  3600                                                      INTERVAL            
    25                                                      # OF MAPS IN FILE   
  NONE                                                      MAPPING FUNCTION    
    10.0                                                    ELEVATION CUTOFF    
One-way carrier phase leveled to code                       OBSERVABLES USED    
  6371.0                                                    BASE RADIUS         
     2                                                      MAP DIMENSION       
   450.0 450.0   0.0                                        HGT1 / HGT2 / DHGT  
    87.5 -87.5  -2.5                                        LAT1 / LAT2 / DLAT  
  -180.0 180.0   5.0                                        LON1 / LON2 / DLON  
    -1                                                      EXPONENT            
TEC/RMS values in 0.1 TECU; 9999, if no value available     COMMENT             
                                                            END OF HEADER       
[from data line 8151]
    20                                                      START OF TEC MAP    
  2023    12     4    19     0     0                        EPOCH OF CURRENT MAP
    87.5-180.0 180.0   5.0 450.0                            LAT/LON1/LON2/DLON/H
  117  117  117  117  118  118  118  118  118  118  117  117  117  117  116  116
  115  114  114  113  112  111  110  109  108  108  107  106  105  105  104  103
  103  102  102  102  102  102  102  102  102  102  102  103  103  104  105  105
  106  107  108  109  110  111  111  112  113  114  114  115  115  116  116  116
  116  117  117  117  117  117  117  117  117
    85.0-180.0 180.0   5.0 450.0                            LAT/LON1/LON2/DLON/H
  109  109  110  110  111  112  113  114  115  116  117  117  118  118  117  116
  115  114  112  110  109  107  105  103  101   99   98   96   95   94   93   92
   91   91   90   90   89   89   89   88   89   89   89   90   91   92   94   95
   97   99  101  103  105  107  109  111  112  113  114  115  115  115  115  114
  114  113  112  112  111  110  110  109  109
    82.5-180.0 180.0   5.0 450.0                            LAT/LON1/LON2/DLON/H
   90   90   91   92   94   97  100  104  107  110  113  116  117  118  118  117
  116  113  110  107  104  101   97   94   92   90   88   87   86   85   85   85
   84   84   83   83   82   81   80   79   79   78   78   79   79   81   83   85
   88   91   95   98  101  105  107  110  112  113  113  113  113  112  110  108
  106  103  101   98   95   93   92   90   90
    80.0-180.0 180.0   5.0 450.0                            LAT/LON1/LON2/DLON/H
   64   64   65   67   71   76   82   89   96  103  109  114  118  121  122  121
  119  115  111  106  100   95   90   86   83   81   80   79   80   81   82   83
   83   84   84   83   82   81   79   77   75   73   72   72   72   73   75   78
   82   86   90   95   99  104  107  110  111  112  112  111  109  106  103   99
   95   90   85   80   76   72   68   66   64
    77.5-180.0 180.0   5.0 450.0                            LAT/LON1/LON2/DLON/H
   41   39   40   43   48   56   65   75   86   97  107  116  124  128  130  130
  127  122  116  109  101   94   87   82   78   76   75   76   77   80   83   85
   88   89   90   90   88   86   84   80   77   74   72   70   69   70   72   75
   79   84   89   95  100  104  107  109  110  110  108  106  103   99   94   89
   83   78   71   65   59   53   48   44   41
    75.0-180.0 180.0   5.0 450.0                            LAT/LON1/LON2/DLON/H
   28   25   25   27   32   41   52   66   80   96  110  124  134  142  146  146
  143  137  129  120  110  100   92   85   79   76   75   76   78   82   85   89
   92   95   96   96   95   93   90   86   82   78   74   72   70   70   72   75
   79   85   90   96  100  104  106  107  106  104  101   97   93   89   84   80
   75   69   63   57   51   44   38   32   28
    72.5-180.0 180.0   5.0 450.0                            LAT/LON1/LON2/DLON/H
   30   25   23   24   29   37   49   65   82  101  119  136  150  161  167  169
  167  161  152  141  129  117  106   97   89   84   81   80   81   84   87   90
   93   95   96   96   95   94   91   88   84   80   76   74   72   72   73   76
   80   85   91   96  100  102  102  101   98   94   89   85   80   77   74   71
   69   66   63   59   54   48   42   35   30
    70.0-180.0 180.0   5.0 450.0                            LAT/LON1/LON2/DLON/H
   46   40   37   36   39   46   57   73   91  112  133  152  170  183  192  196
  196  191  182  171  158  145  131  119  108   99   92   88   85   84   85   85
   86   87   87   87   86   85   84   82   80   78   75   73   71   71   72   75
   79   84   89   93   95   95   94   90   85   79   73   68   65   63   63   64
   66   68   69   69   67   63   58   52   46
    67.5-180.0 180.0   5.0 450.0                            LAT/LON1/LON2/DLON/H
   70   64   60   57   59   64   74   89  107  128  149  171  190  206  218  225
  227  225  218  208  195  181  165  149  133  120  108   98   91   85   81   77
   74   72   70   69   68   68   68   69   69   68   68   66   65   65   66   69
   72   77   81   84   85   84   80   75   68   61   54   50   48   49   53   58
   64   71   77   81   83   82   80   75   70
    65.0-180.0 180.0   5.0 450.0                            LAT/LON1/LON2/DLON/H
   91   87   84   83   84   88   97  110  127  146  168  189  210  227  242  252
  257  258  254  247  235  220  203  183  164  145  127  112   99   88   79   71
   63   56   51   47   45   45   47   49   52   54   55   55   55   54   55   57
   60   64   68   71   71   69   64   57   49   42   37   33   33   37   43   51
   61   71   80   88   93   96   97   95   91
    62.5-180.0 180.0   5.0 450.0                            LAT/LON1/LON2/DLON/H
  102  102  102  103  107  112  121  133  149  167  187  207  227  246  261  274
  282  287  287  282  272  258  239  218  195  172  150  131  114   99   85   72
   60   48   38   31   26   25   26   30   34   38   40   41   41   40   40   41
   43   47   51   54   54   52   47   41   34   27   23   21   23   27   35   44
   55   66   76   85   93   98  100  102  102
    60.0-180.0 180.0   5.0 450.0                            LAT/LON1/LON2/DLON/H
   97  102  108  115  123  132  143  156  171  187  205  224  243  261  277  291
  301  308  311  308  301  288  270  248  224  199  176  155  137  120  104   87
   71   54   39   26   18   13   13   15   19   24   27   28   27   26   24   24
   26   30   34   37   38   37   33   29   24   19   17   17   19   24   30   38
   47   56   64   72   78   83   88   92   97
    57.5-180.0 180.0   5.0 450.0                            LAT/LON1/LON2/DLON/H
   77   88  101  116  131  146  161  176  192  208  224  241  258  274  289  303
  314  321  325  325  319  309  293  273  250  226  204  185  168  152  135  116
   96   74   53   36   22   14   10   10   13   16   18   19   17   15   12   12
   13   16   21   25   27   27   26   23   21   20   20   21   23   27   30   34
   39   43   47   51   54   57   62   68   77
    55.0-180.0 180.0   5.0 450.0                            LAT/LON1/LON2/DLON/H
   49   66   86  109  132  155  176  195  212  229  244  259  273  288  301  313
  322  328  332  331  327  319  307  291  272  252  234  219  205  190  174  153
  129  104   78   55   37   25   17   14   15   16   17   17   15   11    8    6
    7   11   15   20   23   25   26   26   27   29   31   33   35   35   35   34
   33   32   30   29   28   28   30   37   49
    52.5-180.0 180.0   5.0 450.0                            LAT/LON1/LON2/DLON/H
   24   44   71  101  132  162  188  212  233  250  265  279  291  303  314  323
  329  332  333  332  329  324  316  305  291  277  264  253  241  228  211  188
  161  132  102   77   56   41   31   26   23   23   23   22   19   16   12   10
   11   14   19   24   28   31   33   36   40   44   48   50   51   49   45   40
   33   27   21   14    9    5    5   10   24
    50.0-180.0 180.0   5.0 450.0                            LAT/LON1/LON2/DLON/H
   11   34   64   99  136  170  202  230  253  273  288  300  311  321  330  336
  338  337  335  332  329  327  324  318  311  301  292  282  270  256  235  209
  179  146  116   90   69   55   45   39   36   34   34   33   30   26   23   21
   22   26   31   36   39   42   46   50   56   62   66   69   68   64   58   49
   40   31   22   13    4    0    0    0   11
    47.5-180.0 180.0   5.0 450.0                            LAT/LON1/LON2/DLON/H
   16   39   71  108  146  183  218  248  274  295  310  323  333  342  349  353
  352  347  340  335  333  334  335  334  330  323  314  302  286  266  240  208
  174  141  112   89   73   62   56   51   49   47   46   46   44   41   38   37
   39   43   48   52   55   57   60   65   71   78   83   85   83   79   71   62
   53   44   35   26   16    8    3    4   16
    45.0-180.0 180.0   5.0 450.0                            LAT/LON1/LON2/DLON/H
   39   61   92  128  165  202  236  267  294  315  332  344  354  363  370  373
  370  361  352  346  344  348  352  353  350  342  329  311  287  257  223  186
  149  117   92   76   67   64   63   62   61   60   59   58   57   55   54   54
   56   61   65   68   70   71   73   77   83   90   94   96   94   90   83   76
   69   63   57   50   42   34   28   29   39
    42.5-180.0 180.0   5.0 450.0                            LAT/LON1/LON2/DLON/H
   74   94  123  156  191  224  255  285  312  334  350  363  373  383  391  394
  391  382  371  364  364  368  373  375  370  357  337  309  275  235  192  150
  114   85   67   59   60   65   70   74   74   73   71   70   69   68   68   69
   72   76   80   82   82   81   82   86   91   97  100  101  100   97   92   88
   85   82   80   77   73   67   62   64   74
    40.0-180.0 180.0   5.0 450.0                            LAT/LON1/LON2/DLON/H
  110  131  158  188  218  246  274  301  327  349  365  378  389  400  411  416
  413  404  394  388  389  393  397  396  386  367  339  302  258  210  162  120
   87   66   56   57   65   77   87   92   92   89   85   82   81   79   79   81
   85   89   92   93   91   89   89   91   95   99  101  102  101   99   98   97
   96   97   98   99   98   96   95   99  110
    37.5-180.0 180.0   5.0 450.0                            LAT/LON1/LON2/DLON/H
  140  162  189  217  243  267  291  316  340  362  378  390  402  414  427  434
  433  426  418  414  415  418  419  412  397  373  339  297  248  198  152  115
   91   79   77   83   95  109  120  124  121  113  105   98   94   92   92   94
   97  100  102  101   98   95   94   95   97   99  100  100  100  100  101  102
  103  104  107  110  112  114  118  125  140
    35.0-180.0 180.0   5.0 450.0                            LAT/LON1/LON2/DLON/H
  157  182  210  238  262  283  305  329  352  373  389  401  412  426  439  448
  449  444  438  436  437  438  434  423  403  376  343  302  257  213  177  153
  142  139  142  149  158  168  174  173  163  148  133  122  115  111  110  110
  112  114  114  111  106  102  100  100  100  100   99   99   99  101  102  103
  104  104  105  108  112  117  125  138  157
    32.5-180.0 180.0   5.0 450.0                            LAT/LON1/LON2/DLON/H
  162  192  222  250  275  296  318  341  365  385  401  412  423  436  449  458
  460  457  452  451  452  450  441  426  405  383  357  326  294  265  246  239
  243  249  252  252  251  250  246  235  216  194  172  155  145  139  137  136
  135  134  131  125  118  113  110  109  107  105  103  101  102  103  105  104
  102   99   97   97  100  107  119  137  162
    30.0-180.0 180.0   5.0 450.0                            LAT/LON1/LON2/DLON/H
  160  194  227  258  284  307  330  355  380  401  416  426  436  448  460  467
  467  463  460  459  458  453  441  424  408  396  385  372  360  352  354  367
  384  394  392  379  361  343  325  303  276  246  219  198  185  178  174  171
  167  162  155  146  137  131  126  123  120  115  111  108  108  109  110  107
  101   94   87   83   83   91  106  130  160
    27.5-180.0 180.0   5.0 450.0                            LAT/LON1/LON2/DLON/H
  159  195  231  264  292  319  345  373  399  420  435  445  454  464  473  477
  474  468  463  461  459  451  437  424  417  420  429  439  449  463  486  516
  541  550  536  503  464  428  396  365  332  298  268  246  233  225  219  214
  206  197  185  173  162  154  148  143  137  130  124  120  119  119  118  113
  105   93   82   74   72   80   97  125  159
    25.0-180.0 180.0   5.0 450.0                            LAT/LON1/LON2/DLON/H
  166  204  240  274  305  335  365  395  423  445  461  471  479  487  492  491
  484  474  467  463  458  449  437  430  436  457  487  519  550  582  620  658
  684  684  653  599  540  487  444  408  374  340  312  292  280  272  266  258
  247  234  218  203  191  181  174  167  158  149  141  136  133  132  129  123
  113  100   87   76   73   80  100  130  166
    22.5-180.0 180.0   5.0 450.0                            LAT/LON1/LON2/DLON/H
  186  223  259  292  324  357  390  423  452  475  492  502  510  516  518  513
  501  487  477  470  464  455  447  450  470  508  555  602  646  688  730  767
  785  770  719  646  570  506  460  425  395  367  344  328  319  312  305  296
  283  266  249  232  218  209  200  191  180  169  159  152  148  145  141  135
  126  114  102   91   87   95  117  148  186
    20.0-180.0 180.0   5.0 450.0                            LAT/LON1/LON2/DLON/H
  217  253  286  318  351  385  420  454  484  509  527  539  548  553  553  544
  529  511  497  488  480  473  472  485  517  567  625  678  724  764  800  826
  827  793  724  635  550  485  442  415  393  374  359  348  342  336  329  318
  304  288  270  254  242  232  224  213  201  188  177  168  162  157  152  147
  140  132  123  115  113  123  147  180  217
    17.5-180.0 180.0   5.0 450.0                            LAT/LON1/LON2/DLON/H
  256  290  320  350  382  416  452  486  518  544  564  579  590  596  595  585
  567  547  530  518  510  506  512  534  576  631  688  737  774  803  823  829
  810  756  673  577  492  433  401  384  374  364  356  350  346  340  332  321
  309  295  280  267  257  249  242  232  219  205  193  182  173  166  161  157
  153  149  144  141  143  156  183  219  256
    15.0-180.0 180.0   5.0 450.0                            LAT/LON1/LON2/DLON/H
  294  327  355  383  414  448  483  518  550  579  603  621  634  642  642  632
  614  593  575  561  553  552  564  593  638  690  738  773  795  805  805  790
  750  681  590  496  419  372  352  348  347  344  340  336  331  324  315  306
  297  288  278  270  264  260  254  245  233  219  206  193  182  173  166  163
  162  161  161  162  169  187  218  256  294
    12.5-180.0 180.0   5.0 450.0                            LAT/LON1/LON2/DLON/H
  325  358  386  413  444  477  512  546  580  612  640  662  678  688  689  681
  666  646  628  613  605  607  623  655  698  740  772  789  791  783  765  731
  675  597  507  422  359  326  318  321  325  324  320  313  305  296  286  280
  275  272  270  268  266  265  262  255  244  231  217  202  189  177  169  165
  164  166  168  173  185  209  244  286  325
    10.0-180.0 180.0   5.0 450.0                            LAT/LON1/LON2/DLON/H
  345  379  408  437  468  501  536  570  606  642  674  700  718  730  733  729
  716  700  682  667  659  662  681  712  748  776  790  788  774  753  723  678
  615  537  455  383  336  315  314  319  320  314  304  292  279  266  257  253
  255  259  263  266  268  269  268  263  254  242  227  211  195  181  171  164
  162  162  166  174  190  219  259  303  345
     7.5-180.0 180.0   5.0 450.0                            LAT/LON1/LON2/DLON/H
  353  389  421  453  486  520  554  589  627  666  703  732  752  765  770  769
  761  748  732  717  709  713  730  758  784  798  795  779  757  731  699  653
  593  522  453  396  362  348  347  346  337  321  302  282  263  248  240  240
  247  256  264  270  274  275  274  271  264  253  238  220  201  185  173  164
  157  154  156  166  186  219  262  309  353
     5.0-180.0 180.0   5.0 450.0                            LAT/LON1/LON2/DLON/H
  351  390  425  461  497  533  567  603  643  686  726  757  778  791  797  798
  794  785  772  758  750  752  768  790  806  808  793  771  749  728  703  665
  615  558  503  460  434  421  412  398  376  347  317  289  266  251  245  248
  259  271  280  285  286  285  284  281  275  265  249  230  210  193  178  165
  154  147  146  156  178  213  258  306  351
     2.5-180.0 180.0   5.0 450.0                            LAT/LON1/LON2/DLON/H
  344  385  424  463  503  541  577  613  655  700  742  774  795  807  812  815
  814  809  799  787  779  780  792  808  817  809  790  769  755  746  734  710
  675  632  591  558  533  514  494  465  429  388  348  315  292  278  276  282
  294  304  310  310  306  300  295  291  286  276  261  241  222  204  188  172
  156  144  140  150  173  209  253  300  344
