static/ion/2023-12-08.23i
     1.0            IONOSPHERE MAPS     GNSS                IONEX VERSION / TYPE
IONINX V5.5         AIUB                07-DEC-23 10:27     PGM / RUN BY / DATE 
CODE'S 2-DAY PREDICTED IONOSPHERE MAPS FOR DAY 342, 2023    COMMENT             
Global ionosphere maps (GIM) are generated on a daily basis DESCRIPTION         
at CODE using data from about 120 GNSS sites of the IGS and DESCRIPTION         
other institutions. The vertical total electron content     DESCRIPTION         
(VTEC) is modeled in a solar-geomagnetic reference frame    DESCRIPTION         
using a spherical harmonics expansion up to degree and      DESCRIPTION         
order 15. Piece-wise linear functions are used for          DESCRIPTION         
representation in the time domain. The time spacing of      DESCRIPTION         
their vertices is 1 hour, conforming with the epochs of the DESCRIPTION         
VTEC maps.                                                  DESCRIPTION         
To convert line-of-sight TEC into vertical TEC, a modified  DESCRIPTION         
single-layer model mapping function approximating the JPL   DESCRIPTION         
extended slab model mapping function is adopted. The        DESCRIPTION         
mapping function is evaluated at geodetic satellite         DESCRIPTION         
elevation angles. For the computation of the ionospheric    DESCRIPTION         
pierce points, a spherical layer with a radius of 6821 km   DESCRIPTION         
is assumed, implying geocentric, not geodetic IONEX         DESCRIPTION         
latitudes.                                                  DESCRIPTION         
Instrumental biases with respect to each involved GNSS code DESCRIPTION         
observable are estimated as constant values for each        DESCRIPTION         
day. They are modeled with one set of bias parameters for   DESCRIPTION         
each satellite and each station in case of GPS and for each DESCRIPTION         
satellite-station link in case of GLONASS. The code bias    DESCRIPTION         
datum is defined by zero-mean conditions imposed on the     DESCRIPTION         
satellite bias estimates. In this file, just GPS C1W-C2W    DESCRIPTION         
satellite and station bias values are included. The         DESCRIPTION         
complete set of GNSS code bias results is provided in an    DESCRIPTION         
additional Bias-SINEX file as pseudo-absolute values        DESCRIPTION         
specific to each observable.                                DESCRIPTION         
Contact address: code(at)aiub.unibe.ch                      DESCRIPTION         
Data archive:    ftp.aiub.unibe.ch/CODE/                    DESCRIPTION         
                 www.aiub.unibe.ch/download/CODE/           DESCRIPTION         
  2023    12     8     0     0     0                        EPOCH OF FIRST MAP  
  2023    12     9     0     0     0                        EPOCH OF LAST MAP   
  3600                                                      INTERVAL            
    25                                                      # OF MAPS IN FILE   
  NONE                                                      MAPPING FUNCTION    
    10.0                                                    ELEVATION CUTOFF    
One-way carrier phase leveled to code                       OBSERVABLES USED    
  6371.0                                                    BASE RADIUS         
     2                                                      MAP DIMENSION       
   450.0 450.0   0.0                                        HGT1 / HGT2 / DHGT  
    87.5 -87.5  -2.5                                        LAT1 / LAT2 / DLAT  
  -180.0 180.0   5.0                                        LON1 / LON2 / DLON  
    -1                                                      EXPONENT            
TEC/RMS values in 0.1 TECU; 9999, if no value available     COMMENT             
                                                            END OF HEADER       
[from data line 5148]
    13                                                      START OF TEC MAP    
  2023    12     8    12     0     0                        EPOCH OF CURRENT MAP
    87.5-180.0 180.0   5.0 450.0                            LAT/LON1/LON2/DLON/H
   67   68   69   70   71   72   73   74   76   77   78   79   80   81   82   83
   83   84   84   85   85   85   85   85   84   84   83   83   82   81   80   78
   77   75   74   72   71   69   67   66   64   63   61   60   59   58   57   56
   55   55   55   54   54   54   55   55   55   55   56   56   57   58   58   59
   60   60   61   62   63   64   65   66   67
    85.0-180.0 180.0   5.0 450.0                            LAT/LON1/LON2/DLON/H
   58   60   61   63   65   67   69   71   73   75   77   79   81   83   85   87
   88   90   91   92   93   93   94   94   94   94   93   93   91   90   88   86
   83   81   78   74   71   67   64   60   57   53   50   48   45   43   42   41
   40   40   40   40   41   42   43   44   46   47   48   49   50   51   52   52
   53   53   54   54   55   55   56   57   58
    82.5-180.0 180.0   5.0 450.0                            LAT/LON1/LON2/DLON/H
   47   48   49   51   53   55   58   61   63   66   69   72   74   77   79   81
   83   85   87   89   91   92   94   95   96   97   98   98   98   98   96   94
   92   89   85   80   75   70   64   58   53   47   43   39   35   33   31   30
   30   31   32   34   36   39   41   44   46   49   51   52   53   53   53   53
   52   51   50   49   48   48   47   47   47
    80.0-180.0 180.0   5.0 450.0                            LAT/LON1/LON2/DLON/H
   37   37   37   38   40   42   45   48   51   54   57   60   62   65   67   69
   71   73   75   77   79   82   85   88   91   95   98  101  103  105  106  105
  104  102   98   93   87   80   73   65   57   50   44   38   34   30   29   28
   29   31   34   37   41   46   50   54   58   61   63   65   66   65   64   62
   59   56   53   49   46   43   40   38   37
    77.5-180.0 180.0   5.0 450.0                            LAT/LON1/LON2/DLON/H
   31   29   29   29   30   32   35   38   40   43   46   48   50   51   52   54
   55   56   58   60   63   67   71   76   82   88   95  101  107  112  117  120
  121  121  119  114  108  101   92   83   73   64   56   49   43   39   38   37
   39   41   45   50   55   60   66   71   75   79   82   83   84   82   80   76
   71   66   60   54   48   43   38   34   31
    75.0-180.0 180.0   5.0 450.0                            LAT/LON1/LON2/DLON/H
   32   29   27   27   28   29   31   33   35   37   39   40   41   41   41   41
   41   41   42   44   47   51   57   64   72   81   91  101  111  121  130  137
  142  145  146  143  138  131  121  111   99   89   79   70   64   59   57   56
   57   59   63   67   72   77   82   87   92   95   98   99   99   98   94   90
   84   77   70   62   55   48   41   36   32
    72.5-180.0 180.0   5.0 450.0                            LAT/LON1/LON2/DLON/H
   39   36   33   32   32   33   34   36   38   39   39   40   39   38   37   35
   34   32   32   33   36   40   46   55   65   76   89  102  116  130  143  155
  165  172  176  176  173  166  157  145  133  121  110  100   92   87   83   82
   81   81   82   84   86   88   91   95   98  101  104  105  105  104  101   97
   91   85   78   70   63   56   50   44   39
    70.0-180.0 180.0   5.0 450.0                            LAT/LON1/LON2/DLON/H
   50   47   44   43   43   43   44   45   46   46   46   46   45   43   41   38
   35   32   30   30   32   36   42   51   62   75   89  105  121  138  156  172
  186  198  206  209  208  203  194  182  169  156  143  133  124  118  113  109
  105  101   98   94   92   90   89   89   90   92   94   95   96   95   94   91
   88   84   79   75   69   64   59   54   50
    67.5-180.0 180.0   5.0 450.0                            LAT/LON1/LON2/DLON/H
   60   57   55   54   54   54   55   56   57   57   57   56   55   53   51   47
   43   39   35   34   34   37   43   52   64   77   92  108  126  146  166  186
  204  220  232  239  240  236  227  216  202  188  176  164  155  147  140  133
  125  117  107   97   87   79   73   69   68   68   69   70   71   72   72   72
   72   72   72   71   70   68   66   63   60
    65.0-180.0 180.0   5.0 450.0                            LAT/LON1/LON2/DLON/H
   64   63   62   61   62   63   64   65   66   67   67   67   67   66   63   60
   55   50   44   41   40   42   48   56   67   80   95  112  130  151  173  196
  218  237  252  262  265  262  254  243  229  215  202  191  181  172  163  153
  140  126  109   92   75   61   49   41   36   34   34   35   36   38   40   42
   46   50   54   59   63   65   66   66   64
    62.5-180.0 180.0   5.0 450.0                            LAT/LON1/LON2/DLON/H
   61   61   60   61   62   64   66   68   69   71   73   74   75   76   75   72
   66   60   53   48   45   46   51   60   71   84   99  115  134  156  180  205
  229  250  267  278  282  280  272  261  248  235  222  211  201  191  180  167
  150  130  108   84   61   40   24   13    6    2    0    0    1    2    4    9
   15   22   31   40   49   55   59   61   61
    60.0-180.0 180.0   5.0 450.0                            LAT/LON1/LON2/DLON/H
   51   51   51   52   54   57   60   63   66   69   72   75   78   80   81   79
   74   67   58   51   47   48   53   62   74   87  102  119  139  161  187  213
  239  261  278  288  292  290  283  273  261  248  237  226  215  205  192  177
  157  133  106   78   50   26    7    0    0    0    0    0    0    0    0    0
    0    0    8   20   31   40   47   50   51
    57.5-180.0 180.0   5.0 450.0                            LAT/LON1/LON2/DLON/H
   37   37   37   38   41   45   49   53   57   60   65   69   74   78   81   80
   76   68   59   50   46   46   52   62   76   91  107  125  146  170  197  225
  250  271  287  295  297  294  287  278  268  258  247  237  227  216  202  185
  164  138  108   77   48   23    4    0    0    0    0    0    0    0    0    0
    0    0    0    4   16   26   32   36   37
    55.0-180.0 180.0   5.0 450.0                            LAT/LON1/LON2/DLON/H
   24   23   23   24   27   31   35   40   44   49   54   60   66   71   75   76
   73   65   56   47   41   43   50   63   79   96  114  134  157  183  211  239
  264  283  295  300  299  295  289  281  273  265  256  247  237  225  211  194
  171  145  115   85   57   33   15    3    0    0    0    0    0    0    0    0
    0    0    0    0    7   16   22   24   24
    52.5-180.0 180.0   5.0 450.0                            LAT/LON1/LON2/DLON/H
   19   17   16   16   18   22   26   30   34   38   44   50   56   62   67   69
   67   61   51   43   38   41   50   66   85  105  125  148  172  200  229  256
  279  294  302  303  299  294  288  283  278  272  265  257  247  235  220  202
  180  155  127   98   72   51   36   26   21   17   14    9    4    0    0    0
    0    0    0    1    8   14   18   20   19
    50.0-180.0 180.0   5.0 450.0                            LAT/LON1/LON2/DLON/H
   22   20   18   18   19   21   23   26   29   33   38   43   49   55   60   63
   62   57   49   42   39   43   55   74   96  119  141  165  191  219  248  273
  293  303  306  304  298  293  289  286  284  280  275  268  257  245  229  211
  189  165  139  113   90   71   59   51   47   45   42   39   35   29   24   19
   15   12   12   14   17   21   23   24   22
    47.5-180.0 180.0   5.0 450.0                            LAT/LON1/LON2/DLON/H
   34   33   32   31   30   30   29   30   32   35   38   43   47   52   56   60
   61   57   51   46   45   51   67   88  113  137  161  184  210  237  263  286
  301  308  308  303  297  293  290  290  290  289  286  278  268  254  237  219
  197  174  149  125  104   87   75   68   65   63   63   61   60   57   53   48
   43   37   33   31   31   33   35   35   34
    45.0-180.0 180.0   5.0 450.0                            LAT/LON1/LON2/DLON/H
   52   52   52   51   49   47   44   42   41   43   46   49   51   54   57   61
   63   62   58   54   56   65   84  108  134  159  182  204  227  251  273  292
  303  307  305  301  297  295  295  297  299  299  296  288  277  262  245  225
  203  180  156  133  112   95   82   74   70   68   69   70   72   73   72   70
   64   57   50   46   45   46   48   51   52
    42.5-180.0 180.0   5.0 450.0                            LAT/LON1/LON2/DLON/H
   67   71   73   73   72   67   62   57   56   57   59   61   61   61   63   66
   69   69   67   66   70   83  104  131  158  182  203  222  240  259  276  290
  297  300  300  299  300  302  305  308  310  310  306  298  287  271  253  232
  209  185  161  137  116   98   82   71   64   62   63   66   71   76   78   78
   74   67   60   54   52   55   59   64   67
    40.0-180.0 180.0   5.0 450.0                            LAT/LON1/LON2/DLON/H
   77   83   88   91   90   85   79   73   71   72   74   75   74   72   72   74
   77   78   77   79   85  101  125  153  181  204  222  236  249  262  274  283
  288  292  297  303  310  317  322  325  325  324  319  310  298  283  264  242
  219  194  169  146  124  103   84   68   58   54   54   59   65   71   75   77
   74   68   60   54   53   57   63   70   77
    37.5-180.0 180.0   5.0 450.0                            LAT/LON1/LON2/DLON/H
   77   85   93   99  100   97   90   84   83   85   88   89   87   84   82   83
   85   85   86   89   99  117  143  173  201  223  238  248  256  264  271  277
  282  290  302  316  331  343  349  350  348  343  337  328  316  300  282  261
  237  213  189  166  145  122  100   81   66   59   58   61   65   70   73   73
   70   63   55   50   49   52   60   68   77
    35.0-180.0 180.0   5.0 450.0                            LAT/LON1/LON2/DLON/H
   68   77   87   95   99   98   93   89   89   92   97   99   97   94   92   91
   91   91   92   97  109  131  159  189  217  237  250  258  264  268  273  279
  287  301  320  344  366  381  387  385  379  371  363  354  342  329  312  292
  270  247  226  207  188  166  143  120  102   93   89   88   87   86   83   79
   73   64   54   47   44   47   52   60   68
    32.5-180.0 180.0   5.0 450.0                            LAT/LON1/LON2/DLON/H
   56   63   73   82   89   91   89   87   89   94  101  104  104  102   99   98
   96   94   95  101  117  142  172  202  229  249  261  269  275  281  287  296
  309  329  356  387  414  431  435  429  420  410  401  391  381  369  355  338
  320  301  285  272  258  239  216  192  173  161  154  148  139  128  116  104
   91   78   65   54   48   46   47   50   56
    30.0-180.0 180.0   5.0 450.0                            LAT/LON1/LON2/DLON/H
   46   49   56   65   73   78   79   80   84   91   99  105  107  106  104  102
   98   95   96  105  125  152  183  213  239  258  273  284  294  305  316  331
  350  376  410  446  475  490  491  482  470  459  450  441  432  422  412  399
  385  372  363  357  351  338  317  293  273  260  251  239  221  199  175  153
  132  112   93   77   64   55   50   46   46
    27.5-180.0 180.0   5.0 450.0                            LAT/LON1/LON2/DLON/H
   46   43   45   52   59   65   68   71   77   85   94  102  106  107  107  105
  100   96   98  110  134  164  196  224  248  268  285  303  321  340  361  383
  409  440  477  513  540  552  549  538  525  515  507  499  492  485  478  470
  461  454  452  455  456  449  431  409  390  377  365  349  323  290  255  222
  193  165  140  117   97   80   65   54   46
    25.0-180.0 180.0   5.0 450.0                            LAT/LON1/LON2/DLON/H
   59   50   45   47   51   57   61   65   71   79   88   96  102  106  108  105
  100   96  101  118  146  178  209  235  258  279  301  326  354  385  417  448
  479  513  549  582  604  611  605  592  581  573  567  561  555  550  547  543
  539  537  541  550  557  554  539  518  500  488  476  456  425  384  342  301
  265  232  200  171  143  117   94   75   59
    22.5-180.0 180.0   5.0 450.0                            LAT/LON1/LON2/DLON/H
   87   70   59   54   54   57   60   64   68   74   82   90   98  103  106  105
  100   97  105  127  160  195  224  248  268  291  319  353  392  435  477  516
  551  585  617  643  659  660  651  640  632  628  625  620  615  612  611  611
  609  610  616  628  637  635  620  599  581  569  558  538  505  462  417  374
  335  298  262  228  194  162  133  108   87
    20.0-180.0 180.0   5.0 450.0                            LAT/LON1/LON2/DLON/H
  123  102   84   72   67   66   67   68   69   72   78   85   93   99  103  102
   98   99  111  139  175  211  239  260  280  306  339  382  430  482  533  577
  615  646  672  691  699  696  686  677  673  673  673  670  665  663  663  664
  664  664  668  678  684  679  660  636  616  604  594  575  544  505  464  425
  387  350  314  278  242  207  175  147  123
    17.5-180.0 180.0   5.0 450.0                            LAT/LON1/LON2/DLON/H
  161  138  117   99   87   82   79   77   74   74   76   81   88   95   99   98
   96   99  117  149  189  225  252  272  294  323  362  411  466  524  578  625
  662  689  708  720  723  717  708  701  702  705  707  704  700  698  699  700
  698  694  693  695  694  681  656  625  601  587  576  560  535  505  473  442
  411  379  346  312  278  244  213  186  161
    15.0-180.0 180.0   5.0 450.0                            LAT/LON1/LON2/DLON/H
  195  172  148  127  111  102   96   89   82   77   76   79   84   90   93   92
   92   99  122  158  200  237  263  284  308  343  387  439  496  554  609  654
  688  711  725  732  732  726  718  715  718  724  726  723  718  716  718  718
  713  703  694  686  674  651  615  576  546  527  514  500  482  463  444  426
  404  379  352  324  295  266  239  216  195
    12.5-180.0 180.0   5.0 450.0                            LAT/LON1/LON2/DLON/H
  217  198  174  151  133  121  112  102   91   83   79   79   82   86   87   86
   88   99  125  166  209  244  271  295  325  366  413  466  520  574  624  665
  695  714  726  731  731  727  722  721  726  731  733  729  723  721  722  721
  712  697  679  660  637  603  557  509  470  444  427  413  401  394  389  383
  372  355  336  315  294  272  251  234  217
    10.0-180.0 180.0   5.0 450.0                            LAT/LON1/LON2/DLON/H
  227  212  190  168  150  138  127  115  101   90   83   82   82   83   83   81
   84   99  129  171  214  250  279  308  346  391  441  490  538  584  627  661
  687  704  716  723  725  724  723  724  728  731  730  724  718  716  717  715
  704  684  660  633  601  558  504  448  400  366  342  326  318  319  326  331
  328  319  306  294  280  265  251  239  227
     7.5-180.0 180.0   5.0 450.0                            LAT/LON1/LON2/DLON/H
  228  216  197  178  162  150  140  126  110   97   89   86   85   83   80   78
   83  100  134  177  220  257  289  324  369  420  469  513  551  587  620  649
  671  688  702  713  720  723  725  726  728  728  723  716  709  707  708  706
  695  674  647  617  581  533  475  413  359  316  284  263  256  262  276  287
  289  284  277  270  263  253  243  235  228
     5.0-180.0 180.0   5.0 450.0                            LAT/LON1/LON2/DLON/H
  224  214  198  182  169  160  150  136  119  105   97   93   90   86   81   79
   84  105  140  185  229  267  303  345  395  449  495  531  559  585  610  634
  655  673  690  705  717  725  729  731  729  725  717  708  701  699  700  699
  690  671  647  619  584  538  480  418  359  309  270  243  233  239  254  266
  269  264  259  255  252  245  237  230  224
     2.5-180.0 180.0   5.0 450.0                            LAT/LON1/LON2/DLON/H
  221  212  199  185  175  168  160  146  129  115  106  102   97   92   85   82
   89  112  150  196  241  281  321  369  423  475  517  544  562  580  600  621
  642  663  683  702  718  729  735  736  733  725  715  704  696  694  695  696
  690  676  658  637  609  569  517  458  399  346  302  270  255  257  268  276
  275  267  260  257  254  246  237  229  221
