static/ion/2023-12-12.23i
     1.0            IONOSPHERE MAPS     GNSS                IONEX VERSION / TYPE
IONINX V5.5         AIUB                11-DEC-23 07:41     PGM / RUN BY / DATE 
CODE'S 2-DAY PREDICTED IONOSPHERE MAPS FOR DAY 346, 2023    COMMENT             
Global ionosphere maps (GIM) are generated on a daily basis DESCRIPTION         
at CODE using data from about 120 GNSS sites of the IGS and DESCRIPTION         
other institutions. The vertical total electron content     DESCRIPTION         
(VTEC) is modeled in a solar-geomagnetic reference frame    DESCRIPTION         
using a spherical harmonics expansion up to degree and      DESCRIPTION         
order 15. Piece-wise linear functions are used for          DESCRIPTION         
representation in the time domain. The time spacing of      DESCRIPTION         
their vertices is 1 hour, conforming with the epochs of the DESCRIPTION         
VTEC maps.                                                  DESCRIPTION         
To convert line-of-sight TEC into vertical TEC, a modified  DESCRIPTION         
single-layer model mapping function approximating the JPL   DESCRIPTION         
extended slab model mapping function is adopted. The        DESCRIPTION         
mapping function is evaluated at geodetic satellite         DESCRIPTION         
elevation angles. For the computation of the ionospheric    DESCRIPTION         
pierce points, a spherical layer with a radius of 6821 km   DESCRIPTION         
is assumed, implying geocentric, not geodetic IONEX         DESCRIPTION         
latitudes.                                                  DESCRIPTION         
Instrumental biases with respect to each involved GNSS code DESCRIPTION         
observable are estimated as constant values for each        DESCRIPTION         
day. They are modeled with one set of bias parameters for   DESCRIPTION         
each satellite and each station in case of GPS and for each DESCRIPTION         
satellite-station link in case of GLONASS. The code bias    DESCRIPTION         
datum is defined by zero-mean conditions imposed on the     DESCRIPTION         
satellite bias estimates. In this file, just GPS C1W-C2W    DESCRIPTION         
satellite and station bias values are included. The         DESCRIPTION         
complete set of GNSS code bias results is provided in an    DESCRIPTION         
additional Bias-SINEX file as pseudo-absolute values        DESCRIPTION         
specific to each observable.                                DESCRIPTION         
Contact address: code(at)aiub.unibe.ch                      DESCRIPTION         
Data archive:    ftp.aiub.unibe.ch/CODE/                    DESCRIPTION         
                 www.aiub.unibe.ch/download/CODE/           DESCRIPTION         
  2023    12    12     0     0     0                        EPOCH OF FIRST MAP  
  2023    12    13     0     0     0                        EPOCH OF LAST MAP   
  3600                                                      INTERVAL            
    25                                                      # OF MAPS IN FILE   
  NONE                                                      MAPPING FUNCTION    
    10.0                                                    ELEVATION CUTOFF    
One-way carrier phase leveled to code                       OBSERVABLES USED    
  6371.0                                                    BASE RADIUS         
     2                                                      MAP DIMENSION       
   450.0 450.0   0.0                                        HGT1 / HGT2 / DHGT  
    87.5 -87.5  -2.5                                        LAT1 / LAT2 / DLAT  
  -180.0 180.0   5.0                                        LON1 / LON2 / DLON  
    -1                                                      EXPONENT            
TEC/RMS values in 0.1 TECU; 9999, if no value available     COMMENT             
                                                            END OF HEADER       
[from data line 7293]
    18                                                      START OF TEC MAP    
  2023    12    12    17     0     0                        EPOCH OF CURRENT MAP
    87.5-180.0 180.0   5.0 450.0                            LAT/LON1/LON2/DLON/H
   84   85   86   87   89   90   91   92   94   95   96   97   98   99  100  101
  101  102  102  102  103  103  103  103  102  102  102  101  100  100   99   98
   97   96   95   94   93   92   90   89   88   87   86   84   83   82   81   80
   79   78   78   77   76   76   75   75   75   75   74   74   75   75   75   76
   76   77   77   78   79   80   81   82   84
    85.0-180.0 180.0   5.0 450.0                            LAT/LON1/LON2/DLON/H
   72   74   76   79   81   84   86   89   91   93   96   98   99  101  103  104
  105  106  107  107  107  107  107  107  107  106  105  104  103  102  100   99
   97   96   94   92   90   87   85   83   81   79   77   74   73   71   69   67
   66   65   63   62   61   61   60   59   59   58   58   58   58   58   58   59
   60   61   62   63   64   66   68   70   72
    82.5-180.0 180.0   5.0 450.0                            LAT/LON1/LON2/DLON/H
   59   62   64   68   71   74   77   81   84   87   90   93   95   98  100  101
  103  104  105  105  106  106  106  105  104  104  103  101  100   99   97   95
   93   91   88   86   83   80   77   74   72   69   66   64   61   59   57   56
   54   53   52   52   51   50   49   49   48   48   47   47   46   46   46   46
   46   47   48   49   50   52   54   56   59
    80.0-180.0 180.0   5.0 450.0                            LAT/LON1/LON2/DLON/H
   48   51   54   57   60   63   67   71   74   78   81   85   88   91   93   95
   97   99  100  101  101  102  102  101  100   99   98   96   95   93   91   89
   86   84   81   78   75   72   69   65   62   59   56   54   52   50   49   48
   48   48   48   48   48   48   47   47   46   46   45   44   43   42   41   40
   40   40   40   41   42   43   44   46   48
    77.5-180.0 180.0   5.0 450.0                            LAT/LON1/LON2/DLON/H
   44   46   47   49   51   54   57   61   64   68   72   75   79   83   86   89
   92   95   97   99  100  101  101  101   99   98   96   93   91   88   85   83
   80   77   74   71   68   64   61   57   54   51   49   47   46   45   46   46
   48   49   51   52   53   54   54   54   54   53   51   50   48   46   45   43
   42   42   41   41   41   42   42   43   44
    75.0-180.0 180.0   5.0 450.0                            LAT/LON1/LON2/DLON/H
   48   47   47   47   47   49   50   53   56   59   63   68   72   76   81   86
   91   95  100  104  107  109  109  109  107  104  100   96   92   87   83   79
   75   72   68   65   61   57   54   50   47   45   43   43   43   44   46   49
   52   56   59   62   64   66   67   68   67   66   64   62   60   57   55   54
   52   51   51   50   50   49   49   48   48
    72.5-180.0 180.0   5.0 450.0                            LAT/LON1/LON2/DLON/H
   58   55   53   50   48   47   47   48   50   53   57   62   68   74   80   87
   95  103  111  118  124  128  129  129  126  121  114  107   99   92   85   79
   73   68   64   59   55   52   48   45   42   41   40   40   42   45   49   54
   59   64   69   73   77   79   81   81   81   79   77   75   73   70   68   67
   66   65   65   65   64   64   62   61   58
    70.0-180.0 180.0   5.0 450.0                            LAT/LON1/LON2/DLON/H
   72   68   62   57   52   48   46   46   47   50   55   60   67   75   84   94
  106  118  130  141  150  157  160  159  155  147  137  126  114  103   92   83
   75   68   61   56   51   46   43   40   38   37   37   39   42   46   51   57
   63   69   75   80   84   87   89   89   89   88   86   84   82   80   79   78
   78   78   79   80   80   80   79   76   72
    67.5-180.0 180.0   5.0 450.0                            LAT/LON1/LON2/DLON/H
   85   79   72   64   57   51   47   45   46   50   55   62   70   81   92  106
  121  137  154  170  183  193  197  196  190  179  166  150  135  119  105   92
   80   70   62   54   47   42   38   35   33   33   34   36   40   45   51   57
   63   69   74   78   82   85   87   88   89   88   87   86   85   83   83   83
   84   86   88   90   92   92   92   89   85
    65.0-180.0 180.0   5.0 450.0                            LAT/LON1/LON2/DLON/H
   91   86   78   69   60   53   47   45   47   51   58   67   77   89  104  120
  139  159  180  200  216  228  234  233  225  212  196  177  158  140  122  106
   91   77   65   55   46   39   34   31   29   29   30   33   36   41   46   51
   56   61   64   68   70   73   75   77   78   79   80   80   79   79   79   80
   81   84   87   91   94   96   96   95   91
    62.5-180.0 180.0   5.0 450.0                            LAT/LON1/LON2/DLON/H
   89   84   77   69   60   52   47   45   48   54   63   74   87  101  118  136
  157  180  204  226  245  258  264  263  255  241  223  204  183  163  144  125
  106   89   73   60   48   40   34   29   27   27   27   29   31   34   38   41
   44   47   49   50   52   53   56   59   62   65   67   68   68   68   69   70
   71   74   77   81   85   88   90   91   89
    60.0-180.0 180.0   5.0 450.0                            LAT/LON1/LON2/DLON/H
   77   75   70   63   55   48   44   45   49   58   70   84   99  115  133  153
  175  199  223  245  264  278  284  283  275  262  245  227  208  189  169  148
  127  106   87   69   55   44   37   31   28   27   26   26   26   27   29   30
   31   31   31   31   31   33   35   40   44   49   53   55   56   57   56   56
   57   58   61   64   67   71   75   77   77
    57.5-180.0 180.0   5.0 450.0                            LAT/LON1/LON2/DLON/H
   60   60   58   53   48   43   42   45   53   65   80   97  114  132  150  170
  192  215  237  258  275  287  292  291  285  274  261  247  231  215  196  175
  152  128  104   84   66   53   44   38   34   31   28   26   25   23   22   22
   21   20   18   17   16   17   21   26   32   39   44   47   48   48   47   45
   44   43   43   44   46   49   53   57   60
    55.0-180.0 180.0   5.0 450.0                            LAT/LON1/LON2/DLON/H
   42   44   45   43   40   39   41   47   59   74   92  111  130  149  169  189
  209  229  249  266  280  289  293  293  288  281  272  263  252  239  223  202
  177  150  124  100   81   66   56   48   43   39   35   31   27   24   21   19
   18   16   14   12   11   12   16   22   30   37   43   47   47   46   43   40
   36   32   29   27   27   29   33   38   42
    52.5-180.0 180.0   5.0 450.0                            LAT/LON1/LON2/DLON/H
   29   32   34   35   35   37   42   52   68   86  107  128  148  168  188  207
  226  244  260  273  282  289  291  291  289  286  281  277  270  261  246  225
  198  170  141  116   96   80   69   61   55   50   45   40   35   30   27   25
   23   22   21   19   18   19   23   29   37   45   51   54   54   51   47   42
   36   30   25   20   17   18   20   24   29
    50.0-180.0 180.0   5.0 450.0                            LAT/LON1/LON2/DLON/H
   25   28   30   32   34   39   48   62   80  101  124  146  166  187  207  226
  245  261  273  282  288  291  293  293  293  291  290  288  284  276  261  239
  212  183  154  128  108   94   83   74   68   62   57   51   46   41   38   36
   36   36   36   35   34   35   39   45   52   60   65   67   65   62   57   52
   45   38   30   24   19   18   19   22   25
    47.5-180.0 180.0   5.0 450.0                            LAT/LON1/LON2/DLON/H
   32   33   34   35   38   45   57   74   95  118  141  163  184  204  225  245
  264  279  289  296  299  301  302  302  302  301  299  297  292  283  267  244
  216  187  159  136  118  104   94   85   79   73   69   64   59   54   52   51
   52   54   55   55   55   55   58   63   70   76   80   80   78   74   70   65
   59   52   44   37   32   30   29   31   32
    45.0-180.0 180.0   5.0 450.0                            LAT/LON1/LON2/DLON/H
   48   45   43   42   45   54   69   89  113  137  160  181  200  220  241  263
  282  298  308  313  316  318  319  319  317  314  309  303  294  282  263  239
  212  184  160  140  124  111  101   93   87   82   79   75   71   68   65   65
   66   69   71   72   72   73   75   80   85   90   92   91   87   84   80   77
   73   67   61   56   52   50   49   49   48
    42.5-180.0 180.0   5.0 450.0                            LAT/LON1/LON2/DLON/H
   67   61   55   52   55   65   82  105  130  155  178  197  216  235  256  278
  299  316  327  333  337  340  341  340  336  328  318  306  292  275  254  230
  204  180  160  143  130  118  108   99   92   88   86   85   82   79   76   75
   77   79   82   83   83   84   86   90   94   97   97   95   91   88   86   85
   84   81   77   74   72   72   72   71   67
    40.0-180.0 180.0   5.0 450.0                            LAT/LON1/LON2/DLON/H
   85   76   67   61   63   74   94  120  147  173  195  214  231  249  270  292
  313  331  343  351  357  361  363  361  353  340  324  307  288  268  246  223
  201  182  166  153  141  128  116  105   97   94   93   93   92   88   85   83
   83   84   86   87   87   88   90   93   96   97   96   93   89   87   87   88
   89   89   88   87   88   90   92   90   85
    37.5-180.0 180.0   5.0 450.0                            LAT/LON1/LON2/DLON/H
   97   87   76   68   70   82  104  132  162  189  212  230  247  264  283  304
  324  342  354  364  372  377  379  375  364  348  328  308  288  268  248  229
  212  199  188  176  163  146  130  115  106  102  102  103  102   99   94   90
   88   87   87   87   87   88   90   92   94   94   92   88   84   83   84   87
   90   91   91   92   95  100  103  103   97
    35.0-180.0 180.0   5.0 450.0                            LAT/LON1/LON2/DLON/H
  101   91   80   72   75   89  113  143  175  204  228  247  263  279  296  315
  332  347  359  369  377  384  385  380  367  350  332  314  298  282  267  255
  245  237  229  217  199  176  153  134  121  116  117  118  118  115  109  103
   98   95   92   90   90   90   92   94   94   93   89   85   81   80   82   85
   89   90   90   91   95  100  105  106  101
    32.5-180.0 180.0   5.0 450.0                            LAT/LON1/LON2/DLON/H
   98   90   80   74   78   94  120  153  186  217  243  264  281  296  311  325
  338  349  358  366  374  379  380  374  363  350  338  329  321  315  309  304
  301  299  291  275  250  219  188  162  146  139  140  142  142  139  133  126
  120  114  109  105  103  102  103  102  100   97   92   87   84   83   84   88
   90   90   89   87   89   93   98  100   98
    30.0-180.0 180.0   5.0 450.0                            LAT/LON1/LON2/DLON/H
   90   85   79   76   82  100  128  162  196  228  256  280  299  314  326  335
  343  349  353  358  363  366  366  362  355  350  350  354  361  366  370  374
  378  379  370  348  314  273  233  201  181  173  173  175  176  174  169  163
  156  148  140  134  129  127  125  121  116  110  104   98   95   93   94   96
   97   95   90   85   82   83   87   90   90
    27.5-180.0 180.0   5.0 450.0                            LAT/LON1/LON2/DLON/H
   82   81   79   79   89  109  138  171  205  238  268  294  315  331  341  347
  349  349  349  349  350  350  350  348  349  356  371  392  413  431  445  457
  465  467  455  426  382  332  284  247  224  215  214  216  218  218  215  211
  205  197  186  177  169  163  157  149  139  130  123  117  113  112  112  112
  111  106   98   88   80   76   77   80   82
    25.0-180.0 180.0   5.0 450.0                            LAT/LON1/LON2/DLON/H
   77   79   81   86   99  120  150  182  215  246  277  305  329  346  356  359
  358  354  349  344  340  338  337  340  351  372  403  440  474  502  522  539
  550  551  535  499  447  389  336  296  271  261  259  262  265  267  267  266
  261  252  240  227  216  206  195  181  167  155  146  140  136  134  133  133
  130  123  111   98   85   76   72   74   77
    22.5-180.0 180.0   5.0 450.0                            LAT/LON1/LON2/DLON/H
   77   81   87   96  112  135  164  194  224  254  284  314  340  359  370  374
  372  366  357  347  339  335  336  345  366  400  445  493  535  567  590  607
  618  617  597  556  499  437  382  342  317  305  303  306  309  312  315  316
  313  304  290  274  259  245  229  211  193  178  168  162  159  157  155  153
  150  142  129  112   95   82   75   74   77
    20.0-180.0 180.0   5.0 450.0                            LAT/LON1/LON2/DLON/H
   81   87   95  108  126  151  180  208  234  261  291  321  349  371  385  391
  392  386  376  363  352  346  350  366  396  440  492  544  586  616  637  651
  660  657  635  592  534  472  419  380  355  343  340  341  344  347  350  352
  350  341  325  307  289  272  253  232  211  195  186  180  177  174  172  170
  166  158  145  128  110   94   83   79   81
    17.5-180.0 180.0   5.0 450.0                            LAT/LON1/LON2/DLON/H
   89   94  104  119  141  168  196  222  246  270  298  329  358  383  401  413
  418  416  406  392  379  373  380  402  439  488  540  588  623  645  659  668
  674  670  648  606  551  494  445  409  385  372  366  364  364  364  365  366
  364  354  338  318  299  281  261  240  220  205  196  191  188  184  181  179
  175  168  157  141  124  107   95   89   89
    15.0-180.0 180.0   5.0 450.0                            LAT/LON1/LON2/DLON/H
   96  100  110  128  153  183  212  237  259  282  310  341  371  399  422  440
  451  453  446  432  419  414  424  451  492  539  584  620  642  653  658  662
  665  661  641  604  556  506  463  430  405  389  379  373  368  363  359  356
  352  342  326  307  289  273  255  237  220  208  201  196  191  186  182  179
  176  170  160  148  134  120  107   99   96
    12.5-180.0 180.0   5.0 450.0                            LAT/LON1/LON2/DLON/H
  101  103  113  134  163  195  226  252  275  299  327  359  391  421  448  472
  490  497  492  479  467  464  477  507  547  587  620  640  647  646  643  642
  643  640  625  595  556  515  477  445  419  397  382  369  357  345  335  327
  320  310  296  280  266  254  241  228  216  208  203  198  192  184  178  174
  170  164  157  148  138  127  116  107  101
    10.0-180.0 180.0   5.0 450.0                            LAT/LON1/LON2/DLON/H
  104  103  113  136  169  206  240  268  293  320  351  384  417  450  480  509
  531  542  540  529  518  517  533  563  598  628  646  650  644  633  625  622
  623  622  611  589  558  525  492  460  429  401  377  358  339  319  301  288
  279  270  261  250  242  235  229  223  217  213  209  203  193  183  174  168
  163  156  149  143  138  131  122  112  104
     7.5-180.0 180.0   5.0 450.0                            LAT/LON1/LON2/DLON/H
  104  102  112  138  175  216  253  285  314  345  380  416  450  484  516  547
  571  584  585  576  567  568  584  612  641  660  663  654  639  625  616  614
  616  616  609  593  570  542  511  476  439  403  372  345  320  293  270  253
  243  238  234  230  228  228  228  228  227  226  222  213  200  187  175  167
  160  151  143  138  135  132  125  114  104
     5.0-180.0 180.0   5.0 450.0                            LAT/LON1/LON2/DLON/H
  105  101  112  140  181  225  266  302  336  372  411  450  486  520  552  583
  606  620  621  615  608  611  627  650  672  681  675  658  641  629  624  624
  627  628  623  611  591  566  535  496  453  409  371  339  308  278  252  234
  226  226  229  232  236  241  246  248  250  249  245  233  216  199  185  175
  165  154  143  137  135  134  128  117  105
     2.5-180.0 180.0   5.0 450.0                            LAT/LON1/LON2/DLON/H
  109  104  115  145  188  235  279  318  357  398  441  483  520  553  584  612
  633  645  647  643  639  643  657  677  691  693  682  666  653  648  650  654
  657  657  651  639  621  596  562  519  469  420  377  341  309  280  254  238
  235  240  249  259  268  275  281  283  284  282  275  260  240  220  204  192
  180  166  153  144  141  139  133  121  109
