static/ion/2023-12-11.23i
     1.0            IONOSPHERE MAPS     GNSS                IONEX VERSION / TYPE
IONINX V5.5         AIUB                10-DEC-23 07:37     PGM / RUN BY / DATE 
CODE'S 2-DAY PREDICTED IONOSPHERE MAPS FOR DAY 345, 2023    COMMENT             
Global ionosphere maps (GIM) are generated on a daily basis DESCRIPTION         
at CODE using data from about 120 GNSS sites of the IGS and DESCRIPTION         
other institutions. The vertical total electron content     DESCRIPTION         
(VTEC) is modeled in a solar-geomagnetic reference frame    DESCRIPTION         
using a spherical harmonics expansion up to degree and      DESCRIPTION         
order 15. Piece-wise linear functions are used for          DESCRIPTION         
representation in the time domain. The time spacing of      DESCRIPTION         
their vertices is 1 hour, conforming with the epochs of the DESCRIPTION         
VTEC maps.                                                  DESCRIPTION         
To convert line-of-sight TEC into vertical TEC, a modified  DESCRIPTION         
single-layer model mapping function approximating the JPL   DESCRIPTION         
extended slab model mapping function is adopted. The        DESCRIPTION         
mapping function is evaluated at geodetic satellite         DESCRIPTION         
elevation angles. For the computation of the ionospheric    DESCRIPTION         
pierce points, a spherical layer with a radius of 6821 km   DESCRIPTION         
is assumed, implying geocentric, not geodetic IONEX         DESCRIPTION         
latitudes.                                                  DESCRIPTION         
Instrumental biases with respect to each involved GNSS code DESCRIPTION         
observable are estimated as constant values for each        DESCRIPTION         
day. They are modeled with one set of bias parameters for   DESCRIPTION         
each satellite and each station in case of GPS and for each DESCRIPTION         
satellite-station link in case of GLONASS. The code bias    DESCRIPTION         
datum is defined by zero-mean conditions imposed on the     DESCRIPTION         
satellite bias estimates. In this file, just GPS C1W-C2W    DESCRIPTION         
satellite and station bias values are included. The         DESCRIPTION         
complete set of GNSS code bias results is provided in an    DESCRIPTION         
additional Bias-SINEX file as pseudo-absolute values        DESCRIPTION         
specific to each observable.                                DESCRIPTION         
Contact address: code(at)aiub.unibe.ch                      DESCRIPTION         
Data archive:    ftp.aiub.unibe.ch/CODE/                    DESCRIPTION         
                 www.aiub.unibe.ch/download/CODE/           DESCRIPTION         
  2023    12    11     0     0     0                        EPOCH OF FIRST MAP  
  2023    12    12     0     0     0                        EPOCH OF LAST MAP   
  3600                                                      INTERVAL            
    25                                                      # OF MAPS IN FILE   
  NONE                                                      MAPPING FUNCTION    
    10.0                                                    ELEVATION CUTOFF    
One-way carrier phase leveled to code                       OBSERVABLES USED    
  6371.0                                                    BASE RADIUS         
     2                                                      MAP DIMENSION       
   450.0 450.0   0.0                                        HGT1 / HGT2 / DHGT  
    87.5 -87.5  -2.5                                        LAT1 / LAT2 / DLAT  
  -180.0 180.0   5.0                                        LON1 / LON2 / DLON  
    -1                                                      EXPONENT            
TEC/RMS values in 0.1 TECU; 9999, if no value available     COMMENT             
                                                            END OF HEADER       
[from data line 858]
     3                                                      START OF TEC MAP    
  2023    12    11     2     0     0                        EPOCH OF CURRENT MAP
    87.5-180.0 180.0   5.0 450.0                            LAT/LON1/LON2/DLON/H
   73   73   73   72   72   72   71   71   71   70   70   70   69   69   68   68
   67   67   66   66   65   64   63   63   62   61   60   59   58   58   57   56
   56   55   55   55   55   55   55   55   55   55   56   56   57   57   58   59
   60   60   61   62   63   64   65   66   67   68   69   70   71   72   72   73
   73   73   74   74   74   74   74   74   73
    85.0-180.0 180.0   5.0 450.0                            LAT/LON1/LON2/DLON/H
   80   79   77   76   75   74   73   72   72   72   71   71   71   71   71   71
   70   70   69   68   67   65   64   62   60   58   56   54   52   50   48   47
   46   45   44   44   43   43   43   44   44   45   46   47   48   49   50   52
   53   55   57   59   61   63   66   68   70   73   75   77   79   81   83   84
   84   85   85   85   84   83   82   81   80
    82.5-180.0 180.0   5.0 450.0                            LAT/LON1/LON2/DLON/H
   87   84   81   78   75   73   71   70   70   70   70   70   71   72   72   73
   73   73   72   71   70   68   65   62   59   56   52   49   46   43   40   38
   36   35   34   34   34   34   35   36   37   38   39   40   41   43   44   46
   47   49   52   54   58   61   65   69   74   78   83   87   91   95   98  100
  101  102  102  101   99   97   94   91   87
    80.0-180.0 180.0   5.0 450.0                            LAT/LON1/LON2/DLON/H
   99   93   87   81   76   72   70   68   66   66   67   68   69   71   72   74
   75   76   76   75   73   71   68   64   60   55   51   46   42   38   34   32
   30   29   28   28   29   31   32   34   35   37   38   39   40   41   42   42
   43   45   47   50   54   58   64   70   77   84   91   99  106  112  117  122
  124  126  125  124  121  116  111  105   99
    77.5-180.0 180.0   5.0 450.0                            LAT/LON1/LON2/DLON/H
  118  108   99   90   83   76   71   68   66   64   64   65   66   68   70   72
   74   75   76   76   75   73   70   66   62   56   51   46   41   36   33   30
   28   28   28   29   31   33   36   38   41   42   44   44   44   44   43   43
   42   43   44   46   50   55   62   70   80   90  101  112  123  133  141  148
  152  155  155  153  149  143  136  127  118
    75.0-180.0 180.0   5.0 450.0                            LAT/LON1/LON2/DLON/H
  144  131  119  107   97   88   80   74   70   67   65   64   64   64   66   67
   69   71   73   74   74   73   71   68   64   59   54   48   44   39   36   34
   33   33   34   36   38   42   45   48   51   53   54   54   53   51   49   46
   44   43   43   44   48   54   62   72   84   98  112  127  141  154  166  175
  182  187  188  187  182  175  166  156  144
    72.5-180.0 180.0   5.0 450.0                            LAT/LON1/LON2/DLON/H
  175  160  146  131  118  106   96   88   81   75   70   66   62   60   59   59
   60   63   65   68   69   70   70   68   66   62   58   54   50   46   44   42
   42   42   43   46   49   52   56   59   62   64   65   65   63   60   57   53
   49   46   45   46   49   55   64   76   90  106  123  141  158  174  189  201
  210  216  219  219  216  209  200  188  175
    70.0-180.0 180.0   5.0 450.0                            LAT/LON1/LON2/DLON/H
  207  192  176  160  144  130  118  106   96   87   78   70   63   57   52   50
   50   52   55   59   63   65   67   67   66   64   62   59   57   55   53   52
   52   52   54   55   58   61   65   68   72   74   75   74   72   69   64   60
   55   51   49   50   53   60   70   83   98  116  135  154  173  191  207  220
  231  239  244  246  245  240  232  221  207
    67.5-180.0 180.0   5.0 450.0                            LAT/LON1/LON2/DLON/H
  237  222  205  188  171  155  140  127  114  102   90   77   66   56   48   43
   41   42   46   50   55   59   62   63   64   64   63   62   62   62   61   61
   61   61   61   62   63   66   69   72   76   78   80   80   78   75   70   65
   60   57   55   56   60   67   78   91  108  126  146  166  185  203  219  233
  244  253  260  264  265  263  258  249  237
    65.0-180.0 180.0   5.0 450.0                            LAT/LON1/LON2/DLON/H
  260  246  230  212  194  176  159  144  130  116  101   86   71   58   47   39
   36   37   40   44   49   53   56   57   58   59   60   62   63   64   65   66
   65   64   64   63   64   65   68   71   74   78   79   80   79   76   72   67
   63   60   59   61   67   75   87  101  118  137  156  176  194  211  225  238
  249  258  266  272  276  278  276  270  260
    62.5-180.0 180.0   5.0 450.0                            LAT/LON1/LON2/DLON/H
  276  264  248  230  210  191  173  156  141  126  110   94   78   63   51   42
   38   38   40   43   46   48   49   50   51   52   54   57   60   63   65   66
   65   64   62   60   60   60   63   66   69   73   75   76   75   73   69   65
   62   60   61   65   72   83   96  111  129  147  166  184  201  216  229  240
  249  257  265  273  280  284  286  283  276
    60.0-180.0 180.0   5.0 450.0                            LAT/LON1/LON2/DLON/H
  287  277  261  242  221  200  180  162  146  131  116  101   86   71   59   51
   47   45   46   47   47   46   44   43   42   43   46   50   54   59   61   63
   62   60   58   56   55   55   57   60   64   67   69   70   69   66   62   58
   56   56   59   66   76   88  104  121  139  157  176  193  209  222  232  240
  247  254  262  270  279  286  291  292  287
    57.5-180.0 180.0   5.0 450.0                            LAT/LON1/LON2/DLON/H
  295  287  273  253  231  207  185  165  148  133  120  106   93   81   71   64
   60   58   56   54   51   46   41   37   35   36   39   44   49   54   58   60
   59   58   55   53   52   52   54   57   60   63   65   65   62   58   53   50
   48   49   55   64   77   93  111  129  148  167  186  203  217  229  238  244
  249  254  261  269  278  288  295  298  295
    55.0-180.0 180.0   5.0 450.0                            LAT/LON1/LON2/DLON/H
  304  298  286  267  243  217  191  169  150  134  121  110  100   90   83   78
   74   71   68   63   56   48   40   35   32   33   37   42   48   53   57   59
   60   58   57   55   54   55   56   59   62   64   64   61   57   51   45   41
   39   42   50   63   79   98  118  138  159  178  197  214  228  239  247  251
  255  258  264  272  281  291  300  304  304
    52.5-180.0 180.0   5.0 450.0                            LAT/LON1/LON2/DLON/H
  315  312  302  285  261  234  205  178  156  138  124  114  105   98   93   89
   86   82   77   70   61   52   44   39   37   38   42   47   53   57   61   63
   64   64   63   62   62   63   64   66   68   68   66   62   55   47   40   35
   34   38   49   64   84  106  128  150  171  191  209  226  241  252  259  262
  264  267  272  279  288  298  307  313  315
    50.0-180.0 180.0   5.0 450.0                            LAT/LON1/LON2/DLON/H
  325  325  320  307  286  258  226  196  169  147  131  119  110  104   99   96
   92   88   81   74   65   57   51   48   48   50   54   58   62   66   69   71
   72   73   73   73   74   75   76   77   77   76   72   66   58   48   40   34
   34   40   53   71   94  119  143  166  187  206  224  240  254  265  271  274
  276  278  282  288  297  306  314  321  325
    47.5-180.0 180.0   5.0 450.0                            LAT/LON1/LON2/DLON/H
  331  335  335  328  312  286  254  220  189  163  142  127  115  107  101   97
   93   88   82   75   70   65   63   63   65   68   70   73   74   76   78   80
   81   83   84   85   86   87   88   89   88   85   80   73   64   54   46   41
   41   49   64   85  111  138  163  185  205  222  239  253  266  276  282  284
  285  287  291  296  304  311  318  325  331
    45.0-180.0 180.0   5.0 450.0                            LAT/LON1/LON2/DLON/H
  330  337  343  342  332  311  281  247  213  182  157  136  121  109  101   95
   90   85   81   78   77   77   79   82   85   87   87   86   84   84   85   87
   89   91   93   94   96   97   98   98   97   94   89   82   73   64   57   53
   55   64   81  105  132  160  186  207  225  240  253  266  276  285  289  291
  292  293  296  301  307  312  317  323  330
    42.5-180.0 180.0   5.0 450.0                            LAT/LON1/LON2/DLON/H
  320  328  338  343  340  325  300  268  234  202  173  148  127  112  101   93
   87   84   83   84   88   93   98  102  104  103   99   94   90   88   88   90
   92   95   97   99  101  103  104  105  104  102   98   92   85   77   71   69
   72   83  102  127  155  184  209  229  244  256  266  276  284  290  294  295
  295  295  298  302  306  309  311  314  320
    40.0-180.0 180.0   5.0 450.0                            LAT/LON1/LON2/DLON/H
  305  311  321  329  331  323  305  278  247  216  186  158  135  117  103   95
   89   88   90   96  103  111  117  119  117  112  104   96   90   88   88   90
   93   95   97   99  102  105  107  109  109  108  105  101   96   91   87   85
   90  101  121  147  176  204  229  247  260  269  277  284  290  294  297  298
  298  298  300  303  305  305  304  303  305
    37.5-180.0 180.0   5.0 450.0                            LAT/LON1/LON2/DLON/H
  292  292  297  304  308  305  292  273  248  221  193  166  142  123  109  101
   97   98  104  113  122  130  133  131  124  114  104   94   88   87   88   91
   94   95   96   99  102  106  109  112  113  113  112  110  107  103  100   99
  103  115  135  161  190  219  242  260  272  280  286  291  296  300  304  306
  307  308  309  311  311  308  303  297  292
    35.0-180.0 180.0   5.0 450.0                            LAT/LON1/LON2/DLON/H
  293  283  278  277  278  276  269  256  239  218  194  170  148  131  119  112
  111  114  122  132  141  145  143  136  125  113  102   94   90   91   95   98
  100  100   99  101  104  109  113  115  117  117  117  117  114  111  107  106
  109  121  141  167  197  225  249  266  279  287  294  299  305  311  317  323
  327  330  332  332  330  326  317  306  293
    32.5-180.0 180.0   5.0 450.0                            LAT/LON1/LON2/DLON/H
  317  295  276  264  256  251  244  235  224  209  191  171  153  139  130  126
  126  131  139  149  155  155  148  136  124  112  105  101  102  107  113  116
  116  112  110  109  112  116  120  121  122  122  121  120  118  114  109  105
  108  118  138  165  196  225  249  269  284  295  303  311  320  330  341  352
  362  368  371  371  369  363  354  338  317
    30.0-180.0 180.0   5.0 450.0                            LAT/LON1/LON2/DLON/H
  370  337  303  276  257  243  233  223  213  201  187  172  157  147  141  139
  140  144  151  158  161  156  147  135  126  121  120  123  130  139  146  147
  143  136  129  126  127  129  130  129  127  125  123  121  117  111  103   98
   99  109  130  159  191  221  249  271  290  305  318  330  343  358  375  394
  410  422  427  428  427  423  414  397  370
    27.5-180.0 180.0   5.0 450.0                            LAT/LON1/LON2/DLON/H
  452  410  364  322  290  266  247  231  217  203  189  175  163  155  150  148
  148  150  154  158  158  152  144  138  138  143  152  163  175  185  191  189
  180  167  156  149  146  145  142  137  131  126  122  117  112  103   93   86
   86   98  121  152  187  220  250  277  300  320  338  355  373  394  418  444
  468  485  495  498  499  498  495  480  452
    25.0-180.0 180.0   5.0 450.0                            LAT/LON1/LON2/DLON/H
  550  506  453  401  358  324  294  267  243  221  202  186  173  164  158  154
  150  148  149  150  149  147  146  151  164  182  200  217  232  241  243  236
  221  202  185  174  166  161  153  143  133  124  117  111  103   93   81   74
   75   89  116  151  189  225  259  290  318  343  366  387  409  435  465  498
  528  550  564  570  574  580  583  576  550
    22.5-180.0 180.0   5.0 450.0                            LAT/LON1/LON2/DLON/H
  651  610  557  502  454  412  372  332  293  259  230  208  191  178  168  159
  150  144  141  142  144  148  159  178  206  235  260  279  290  296  292  279
  257  232  211  195  183  172  159  145  130  118  109  102   93   82   71   64
   68   86  117  157  199  238  275  310  343  373  399  423  448  477  510  546
  580  607  623  632  640  653  666  669  651
    20.0-180.0 180.0   5.0 450.0                            LAT/LON1/LON2/DLON/H
  734  703  656  607  562  518  471  418  364  315  274  242  219  200  184  169
  154  144  141  143  151  165  188  222  260  296  321  335  340  337  327  307
  280  251  226  207  191  176  159  141  124  110  100   93   85   74   64   60
   68   91  128  172  217  260  300  338  374  406  434  460  487  516  549  585
  619  646  664  674  686  705  727  741  734
    17.5-180.0 180.0   5.0 450.0                            LAT/LON1/LON2/DLON/H
  785  766  732  695  661  622  573  511  445  382  330  289  258  233  211  190
  171  159  157  164  179  202  236  279  321  354  372  375  369  357  340  315
  285  255  229  209  190  172  153  133  115  102   93   86   80   71   63   63
   75  104  146  194  241  286  328  368  406  440  469  495  521  548  578  609
  640  665  681  692  705  728  757  781  785
    15.0-180.0 180.0   5.0 450.0                            LAT/LON1/LON2/DLON/H
  796  789  771  751  733  706  661  597  523  451  391  344  307  278  251  226
  206  196  198  210  232  261  299  342  379  400  402  390  372  353  330  303
  273  245  221  201  183  164  144  124  107   96   88   84   79   73   68   72
   89  122  167  218  267  312  355  397  436  469  498  524  548  572  596  621
  645  664  678  687  699  722  754  784  796
    12.5-180.0 180.0   5.0 450.0                            LAT/LON1/LON2/DLON/H
  772  773  769  767  768  756  722  662  588  514  451  401  363  331  303  278
  261  256  263  281  306  336  369  401  422  424  408  380  352  327  303  277
  250  226  206  189  173  155  136  118  104   94   89   86   83   80   78   85
  105  142  189  239  288  334  377  419  458  491  519  544  566  588  606  623
  639  652  660  666  676  696  726  755  772
    10.0-180.0 180.0   5.0 450.0                            LAT/LON1/LON2/DLON/H
  725  730  735  749  766  771  750  699  632  564  504  457  420  389  363  342
  330  332  346  368  392  414  434  447  445  425  389  350  317  291  270  248
  226  208  193  180  166  150  134  119  107   99   95   93   92   90   90   99
  122  159  206  255  302  347  390  433  471  504  531  555  577  596  611  621
  629  636  640  642  647  662  685  710  725
     7.5-180.0 180.0   5.0 450.0                            LAT/LON1/LON2/DLON/H
  674  678  688  710  740  758  750  712  657  599  548  506  473  446  423  407
  403  412  432  455  472  481  480  469  443  403  355  311  280  259  243  227
  210  197  188  179  167  154  140  127  116  109  105  104  102  101  103  113
  137  173  217  263  308  351  394  437  475  506  533  557  580  599  612  618
  622  624  626  625  627  635  650  665  674
     5.0-180.0 180.0   5.0 450.0                            LAT/LON1/LON2/DLON/H
  639  638  647  673  707  733  734  709  668  622  582  547  519  494  476  465
  467  481  504  523  530  521  498  463  418  366  316  278  255  244  235  223
  210  200  194  188  178  166  153  140  130  122  118  115  113  112  114  125
  148  181  222  264  306  348  391  433  470  502  529  554  578  599  612  618
  621  623  625  624  623  626  633  638  639
     2.5-180.0 180.0   5.0 450.0                            LAT/LON1/LON2/DLON/H
  633  627  632  654  687  713  719  703  674  641  610  581  555  532  514  506
  510  526  546  559  553  526  483  432  378  327  286  262  253  253  249  238
  226  217  212  206  196  184  171  158  146  137  130  126  123  121  124  135
  156  187  223  261  300  340  382  424  461  493  520  546  572  595  612  621
  627  633  638  640  640  641  642  640  633
