static/ion/2023-12-27.23i
     1.0            IONOSPHERE MAPS     GNSS                IONEX VERSION / TYPE
IONINX V5.5         AIUB                26-DEC-23 07:40     PGM / RUN BY / DATE 
CODE'S 2-DAY PREDICTED IONOSPHERE MAPS FOR DAY 361, 2023    COMMENT             
Global ionosphere maps (GIM) are generated on a daily basis DESCRIPTION         
at CODE using data from about 120 GNSS sites of the IGS and DESCRIPTION         
other institutions. The vertical total electron content     DESCRIPTION         
(VTEC) is modeled in a solar-geomagnetic reference frame    DESCRIPTION         
using a spherical harmonics expansion up to degree and      DESCRIPTION         
order 15. Piece-wise linear functions are used for          DESCRIPTION         
representation in the time domain. The time spacing of      DESCRIPTION         
their vertices is 1 hour, conforming with the epochs of the DESCRIPTION         
VTEC maps.                                                  DESCRIPTION         
To convert line-of-sight TEC into vertical TEC, a modified  DESCRIPTION         
single-layer model mapping function approximating the JPL   DESCRIPTION         
extended slab model mapping function is adopted. The        DESCRIPTION         
mapping function is evaluated at geodetic satellite         DESCRIPTION         
elevation angles. For the computation of the ionospheric    DESCRIPTION         
pierce points, a spherical layer with a radius of 6821 km   DESCRIPTION         
is assumed, implying geocentric, not geodetic IONEX         DESCRIPTION         
latitudes.                                                  DESCRIPTION         
Instrumental biases with respect to each involved GNSS code DESCRIPTION         
observable are estimated as constant values for each        DESCRIPTION         
day. They are modeled with one set of bias parameters for   DESCRIPTION         
each satellite and each station in case of GPS and for each DESCRIPTION         
satellite-station link in case of GLONASS. The code bias    DESCRIPTION         
datum is defined by zero-mean conditions imposed on the     DESCRIPTION         
satellite bias estimates. In this file, just GPS C1W-C2W    DESCRIPTION         
satellite and station bias values are included. The         DESCRIPTION         
complete set of GNSS code bias results is provided in an    DESCRIPTION         
additional Bias-SINEX file as pseudo-absolute values        DESCRIPTION         
specific to each observable.                                DESCRIPTION         
Contact address: code(at)aiub.unibe.ch                      DESCRIPTION         
Data archive:    ftp.aiub.unibe.ch/CODE/                    DESCRIPTION         
                 www.aiub.unibe.ch/download/CODE/           DESCRIPTION         
  2023    12    27     0     0     0                        EPOCH OF FIRST MAP  
  2023    12    28     0     0     0                        EPOCH OF LAST MAP   
  3600                                                      INTERVAL            
    25                                                      # OF MAPS IN FILE   
  NONE                                                      MAPPING FUNCTION    
    10.0                                                    ELEVATION CUTOFF    
One-way carrier phase leveled to code                       OBSERVABLES USED    
  6371.0                                                    BASE RADIUS         
     2                                                      MAP DIMENSION       
   450.0 450.0   0.0                                        HGT1 / HGT2 / DHGT  
    87.5 -87.5  -2.5                                        LAT1 / LAT2 / DLAT  
  -180.0 180.0   5.0                                        LON1 / LON2 / DLON  
    -1                                                      EXPONENT            
TEC/RMS values in 0.1 TECU; 9999, if no value available     COMMENT             
                                                            END OF HEADER       
[from data line 429]
     2                                                      START OF TEC MAP    
  2023    12    27     1     0     0                        EPOCH OF CURRENT MAP
    87.5-180.0 180.0   5.0 450.0                            LAT/LON1/LON2/DLON/H
  122  123  123  123  123  122  122  121  121  120  119  118  117  116  115  114
  112  111  110  109  107  106  105  104  103  102  101  101  100   99   99   99
   98   98   98   98   98   98   99   99   99  100  100  100  101  101  102  102
  103  103  104  105  105  106  107  108  109  110  111  112  113  114  115  116
  117  118  119  120  120  121  122  122  122
    85.0-180.0 180.0   5.0 450.0                            LAT/LON1/LON2/DLON/H
  133  134  134  134  133  133  132  130  129  127  125  123  121  118  116  113
  111  108  106  103  100   98   96   94   92   90   89   88   87   87   86   86
   86   87   87   88   89   89   90   91   92   93   93   94   94   95   95   96
   96   96   97   98   98   99  100  102  103  105  107  109  111  113  116  118
  120  123  125  127  129  130  132  133  133
    82.5-180.0 180.0   5.0 450.0                            LAT/LON1/LON2/DLON/H
  144  144  144  143  142  141  139  137  134  131  128  125  121  117  114  110
  106  102   99   95   92   89   86   83   81   79   77   76   75   75   75   76
   77   79   80   82   84   86   88   89   91   92   93   93   93   93   93   92
   92   91   91   90   90   91   92   93   95   97  100  103  107  111  115  119
  123  127  131  135  137  140  142  143  144
    80.0-180.0 180.0   5.0 450.0                            LAT/LON1/LON2/DLON/H
  157  156  155  153  151  148  144  141  137  132  128  123  118  113  108  103
   99   94   90   87   83   80   77   74   72   70   69   68   68   69   70   72
   74   77   80   83   86   89   92   94   96   97   98   98   97   96   94   92
   90   88   86   84   83   83   83   84   86   90   94   99  104  110  117  123
  130  136  141  146  150  153  155  156  157
    77.5-180.0 180.0   5.0 450.0                            LAT/LON1/LON2/DLON/H
  174  172  169  165  161  156  150  145  139  133  126  119  113  106  100   95
   90   86   82   79   77   74   72   70   69   68   67   67   67   69   71   74
   78   82   86   90   95   99  102  104  106  107  107  106  105  102   99   95
   91   87   83   80   78   76   76   77   80   85   90   97  105  114  123  132
  141  149  157  163  168  172  174  175  174
    75.0-180.0 180.0   5.0 450.0                            LAT/LON1/LON2/DLON/H
  196  192  187  181  174  166  159  151  143  135  126  117  108  100   92   86
   81   77   75   74   73   73   73   72   72   71   71   71   72   74   77   81
   86   91   96  101  106  110  113  115  117  117  117  115  112  109  104   99
   94   88   83   78   75   73   73   74   78   84   92  101  111  123  135  146
  158  169  179  187  193  197  199  199  196
    72.5-180.0 180.0   5.0 450.0                            LAT/LON1/LON2/DLON/H
  223  217  209  200  190  181  171  162  152  141  130  118  106   95   85   78
   73   70   70   71   73   75   77   78   78   78   78   78   80   82   85   90
   95  100  105  110  114  118  121  123  124  123  122  120  117  113  108  102
   96   90   84   79   75   73   73   75   80   88   98  109  122  136  150  165
  179  192  204  214  222  227  228  227  223
    70.0-180.0 180.0   5.0 450.0                            LAT/LON1/LON2/DLON/H
  251  243  232  220  209  197  186  176  164  152  139  124  109   95   83   73
   67   66   67   71   76   80   84   86   86   86   85   85   86   88   91   95
  100  105  110  114  117  120  122  123  123  122  121  119  116  112  107  102
   97   91   85   80   76   75   75   79   86   95  107  121  136  151  167  183
  199  214  229  241  250  256  259  257  251
    67.5-180.0 180.0   5.0 450.0                            LAT/LON1/LON2/DLON/H
  278  267  255  241  227  214  202  191  180  167  153  136  118  101   85   74
   66   64   67   72   79   85   89   91   91   89   87   86   86   88   91   95
   99  103  106  109  112  113  114  115  114  114  112  111  108  106  102   99
   95   90   86   81   78   77   79   84   93  104  118  133  150  166  183  199
  216  232  248  262  274  282  286  284  278
    65.0-180.0 180.0   5.0 450.0                            LAT/LON1/LON2/DLON/H
  300  288  274  258  242  229  217  207  196  185  170  153  133  113   94   80
   71   68   70   76   83   89   92   93   90   87   83   81   81   82   85   88
   91   94   97   98   99  100  100  100  100   99   99   97   96   95   94   92
   90   88   84   81   79   79   82   89   99  113  128  145  162  178  194  210
  227  243  260  277  291  301  307  306  300
    62.5-180.0 180.0   5.0 450.0                            LAT/LON1/LON2/DLON/H
  316  305  289  272  255  241  229  220  211  201  188  171  151  130  109   92
   80   75   75   79   85   89   91   89   84   79   74   71   71   72   75   78
   81   83   84   84   84   85   85   85   85   84   84   83   83   83   84   84
   84   84   82   80   79   79   83   91  103  119  136  154  172  188  202  217
  232  248  266  284  300  313  321  322  316
    60.0-180.0 180.0   5.0 450.0                            LAT/LON1/LON2/DLON/H
  329  318  302  284  266  251  239  230  222  214  203  188  170  149  128  109
   94   86   83   84   86   88   86   81   75   68   63   60   61   63   67   70
   72   73   73   73   73   73   73   73   73   73   73   72   73   74   75   77
   79   80   79   78   76   77   82   91  105  122  142  161  179  195  208  221
  235  250  267  286  304  319  329  333  329
    57.5-180.0 180.0   5.0 450.0                            LAT/LON1/LON2/DLON/H
  340  331  316  298  280  263  249  239  231  223  215  203  187  169  148  128
  111   99   92   88   87   85   80   74   66   59   54   54   56   61   65   68
   70   70   69   69   69   69   70   70   70   70   69   68   68   69   71   74
   77   78   78   76   74   74   79   89  104  124  146  167  186  202  215  226
  238  253  269  288  307  324  336  342  340
    55.0-180.0 180.0   5.0 450.0                            LAT/LON1/LON2/DLON/H
  351  345  333  317  298  280  263  250  239  231  223  213  201  186  168  148
  129  113  101   93   88   83   77   70   62   56   54   56   61   67   72   75
   76   75   75   75   75   76   76   76   76   75   74   73   72   72   74   77
   79   80   79   76   73   72   76   87  104  126  150  173  194  211  224  236
  247  260  276  294  312  329  342  350  351
    52.5-180.0 180.0   5.0 450.0                            LAT/LON1/LON2/DLON/H
  363  361  353  340  322  303  283  265  250  238  229  221  212  200  184  165
  144  125  109   98   90   84   79   72   66   62   62   67   73   81   86   89
   89   89   89   89   90   91   92   91   90   89   88   86   84   83   84   85
   87   86   84   79   75   73   77   88  106  129  155  181  204  223  237  250
  261  274  288  304  321  337  350  359  363
    50.0-180.0 180.0   5.0 450.0                            LAT/LON1/LON2/DLON/H
  373  376  373  365  350  331  309  287  266  249  236  227  219  209  196  178
  157  136  118  105   96   91   87   83   79   77   78   84   91   99  103  105
  105  104  105  107  109  111  111  110  108  107  106  104  102  100  100   99
   99   97   92   86   80   77   81   93  112  136  164  191  216  237  254  268
  280  293  305  319  332  345  356  366  373
    47.5-180.0 180.0   5.0 450.0                            LAT/LON1/LON2/DLON/H
  377  384  388  385  376  359  337  312  286  263  246  234  225  216  204  186
  165  144  125  113  107  104  103  100   97   96   97  101  108  114  117  117
  116  117  119  123  126  128  128  127  125  125  125  124  122  120  118  116
  114  110  103   94   87   85   90  102  122  147  175  203  229  252  271  287
  300  312  323  333  342  351  359  368  377
    45.0-180.0 180.0   5.0 450.0                            LAT/LON1/LON2/DLON/H
  372  382  391  394  391  379  360  335  307  281  258  242  231  221  208  191
  171  150  134  124  121  121  122  121  118  114  112  114  117  120  122  121
  120  121  126  132  137  139  139  138  138  139  141  142  141  139  136  133
  128  121  113  103   96   95  102  116  137  162  189  216  242  266  287  304
  318  329  338  345  349  352  357  363  372
    42.5-180.0 180.0   5.0 450.0                            LAT/LON1/LON2/DLON/H
  359  369  379  387  390  385  372  351  325  297  273  253  238  226  211  194
  174  156  143  137  138  141  143  141  134  126  120  117  117  117  117  115
  115  118  124  132  139  142  143  143  144  148  152  155  156  154  150  145
  138  129  119  109  103  105  115  132  155  179  204  230  255  278  300  317
  331  342  348  351  351  349  349  352  359
    40.0-180.0 180.0   5.0 450.0                            LAT/LON1/LON2/DLON/H
  341  347  356  365  372  374  368  355  334  310  285  264  247  231  215  197
  179  164  155  153  156  160  161  156  145  132  120  113  110  108  107  106
  106  110  118  127  135  140  141  143  146  151  158  162  163  161  156  150
  141  131  120  110  107  113  127  149  173  197  220  243  267  289  310  327
  341  350  355  355  351  346  340  338  341
    37.5-180.0 180.0   5.0 450.0                            LAT/LON1/LON2/DLON/H
  330  329  332  337  344  349  351  345  333  314  294  274  256  238  219  201
  184  173  168  169  173  176  174  164  149  132  117  107  103  101  101  101
  102  107  114  123  131  136  138  141  145  152  158  163  163  160  154  146
  137  125  114  106  106  116  137  163  190  214  237  258  279  301  321  338
  351  359  363  362  357  349  340  333  330
    35.0-180.0 180.0   5.0 450.0                            LAT/LON1/LON2/DLON/H
  338  329  322  318  319  323  328  328  323  312  297  281  263  244  225  207
  192  184  182  184  186  186  180  167  150  133  119  110  107  108  110  111
  113  116  121  127  133  136  139  142  146  152  157  159  157  152  144  135
  125  113  102   96  100  116  143  174  205  232  254  275  295  316  336  353
  366  375  379  380  376  368  359  348  338
    32.5-180.0 180.0   5.0 450.0                            LAT/LON1/LON2/DLON/H
  377  359  341  325  316  313  314  314  312  305  296  284  269  251  232  214
  202  196  194  195  194  190  181  169  155  142  133  130  131  136  141  143
  143  143  142  143  144  145  146  148  150  153  153  151  146  138  129  119
  108   97   87   83   91  113  146  184  220  249  274  296  317  339  360  379
  393  404  412  415  416  412  404  392  377
    30.0-180.0 180.0   5.0 450.0                            LAT/LON1/LON2/DLON/H
  453  430  402  373  351  335  325  318  310  303  295  286  273  257  239  223
  212  206  204  202  197  190  181  174  168  166  167  172  180  189  196  198
  194  188  179  172  166  162  160  159  158  155  150  142  133  123  113  102
   91   80   72   71   83  111  150  194  235  269  297  322  346  371  395  417
  435  450  462  472  478  481  478  470  453
    27.5-180.0 180.0   5.0 450.0                            LAT/LON1/LON2/DLON/H
  562  538  505  468  432  401  374  351  330  314  302  292  280  265  248  232
  222  215  211  205  197  190  186  188  196  208  222  235  249  260  267  267
  258  243  226  208  194  185  178  173  167  158  146  134  121  109   98   88
   78   68   61   63   79  111  156  205  252  292  325  355  383  411  439  466
  490  510  528  545  560  571  577  575  562
    25.0-180.0 180.0   5.0 450.0                            LAT/LON1/LON2/DLON/H
  690  672  641  601  556  511  465  421  380  347  324  308  293  277  259  243
  231  223  215  206  198  195  200  216  239  266  290  310  326  337  341  337
  322  298  271  244  222  206  195  186  174  159  143  126  112  100   89   80
   70   61   56   61   80  117  166  220  272  318  357  392  425  457  490  522
  552  578  603  626  649  669  685  694  690
    22.5-180.0 180.0   5.0 450.0                            LAT/LON1/LON2/DLON/H
  814  809  787  752  707  652  591  524  460  406  366  338  316  295  275  257
  243  230  219  210  205  209  226  256  293  330  361  382  395  402  401  390
  369  339  305  271  242  221  206  193  178  159  139  121  108   97   88   79
   70   63   59   66   89  129  181  240  296  347  392  431  467  504  541  578
  613  645  674  703  731  760  786  805  814
    20.0-180.0 180.0   5.0 450.0                            LAT/LON1/LON2/DLON/H
  911  921  915  894  856  802  731  648  562  487  428  385  352  324  298  276
  258  242  229  222  223  237  266  306  351  391  419  434  440  438  431  415
  390  356  318  281  249  226  209  194  176  156  136  120  109  101   93   86
   77   71   69   78  104  146  201  262  322  377  425  468  507  546  586  626
  664  699  730  761  793  826  859  889  911
    17.5-180.0 180.0   5.0 450.0                            LAT/LON1/LON2/DLON/H
  962  986  999  996  975  931  862  772  673  581  506  448  402  364  331  304
  281  262  249  245  254  278  315  360  402  435  452  454  448  438  424  405
  379  347  311  275  244  221  203  188  172  153  135  123  115  110  105   97
   89   83   83   94  122  167  224  287  347  404  454  499  539  578  619  660
  699  733  764  793  823  857  892  929  962
    15.0-180.0 180.0   5.0 450.0                            LAT/LON1/LON2/DLON/H
  958  992 1020 1037 1037 1012  956  872  773  675  589  520  462  414  373  340
  313  293  281  282  300  331  370  409  438  453  452  438  420  402  385  366
  343  317  287  258  232  211  195  182  168  152  138  130  126  124  119  111
  103   98   99  113  143  190  248  310  370  426  476  521  561  599  638  678
  714  745  772  796  822  851  884  920  958
    12.5-180.0 180.0   5.0 450.0                            LAT/LON1/LON2/DLON/H
  905  942  978 1010 1031 1030  997  932  845  753  667  592  526  470  423  386
  357  335  326  333  356  389  422  445  453  444  421  392  364  343  326  312
  296  279  260  239  220  203  190  179  168  156  146  142  141  139  133  125
  117  112  115  130  162  211  269  330  388  441  489  532  571  607  644  681
  713  739  759  776  795  816  841  871  905
    10.0-180.0 180.0   5.0 450.0                            LAT/LON1/LON2/DLON/H
  824  853  888  927  964  985  979  941  878  803  727  655  587  526  477  438
  408  388  381  392  416  444  463  464  446  411  369  329  298  280  270  263
  256  249  241  230  217  204  193  184  175  166  160  157  157  154  147  137
  128  124  129  146  180  229  287  345  400  449  494  534  571  606  640  673
  701  721  735  746  756  768  782  800  824
     7.5-180.0 180.0   5.0 450.0                            LAT/LON1/LON2/DLON/H
  741  755  779  815  857  895  913  904  870  821  763  701  637  578  529  492
  464  446  441  452  472  489  488  464  420  365  311  269  244  235  235  237
  239  241  241  237  229  218  208  199  191  184  178  175  172  167  157  147
  138  136  141  160  194  243  300  356  406  450  491  529  564  598  631  661
  685  701  711  717  722  725  729  733  741
     5.0-180.0 180.0   5.0 450.0                            LAT/LON1/LON2/DLON/H
  683  679  686  708  745  788  823  838  832  810  774  727  672  619  575  542
  518  503  498  504  515  516  494  447  384  318  264  230  219  224  235  246
  253  259  263  263  256  244  233  223  214  205  198  193  187  179  166  155
  147  146  153  172  206  254  309  361  406  446  483  519  553  587  620  650
  673  688  696  701  704  704  699  691  683
     2.5-180.0 180.0   5.0 450.0                            LAT/LON1/LON2/DLON/H
  670  650  637  639  662  699  737  766  781  781  765  734  692  648  611  585
  566  551  543  542  539  522  481  419  347  283  240  224  231  251  273  288
  296  301  304  302  293  278  263  250  239  229  219  210  201  189  175  163
  156  157  165  184  217  263  314  363  404  440  474  508  542  576  610  642
  667  684  695  704  709  710  704  690  670
