static/ion/2023-12-07.23i
     1.0            IONOSPHERE MAPS     GNSS                IONEX VERSION / TYPE
IONINX V5.5         AIUB                06-DEC-23 07:42     PGM / RUN BY / DATE 
CODE'S 2-DAY PREDICTED IONOSPHERE MAPS FOR DAY 341, 2023    COMMENT             
Global ionosphere maps (GIM) are generated on a daily basis DESCRIPTION         
at CODE using data from about 120 GNSS sites of the IGS and DESCRIPTION         
other institutions. The vertical total electron content     DESCRIPTION         
(VTEC) is modeled in a solar-geomagnetic reference frame    DESCRIPTION         
using a spherical harmonics expansion up to degree and      DESCRIPTION         
order 15. Piece-wise linear functions are used for          DESCRIPTION         
representation in the time domain. The time spacing of      DESCRIPTION         
their vertices is 1 hour, conforming with the epochs of the DESCRIPTION         
VTEC maps.                                                  DESCRIPTION         
To convert line-of-sight TEC into vertical TEC, a modified  DESCRIPTION         
single-layer model mapping function approximating the JPL   DESCRIPTION         
extended slab model mapping function is adopted. The        DESCRIPTION         
mapping function is evaluated at geodetic satellite         DESCRIPTION         
elevation angles. For the computation of the ionospheric    DESCRIPTION         
pierce points, a spherical layer with a radius of 6821 km   DESCRIPTION         
is assumed, implying geocentric, not geodetic IONEX         DESCRIPTION         
latitudes.                                                  DESCRIPTION         
Instrumental biases with respect to each involved GNSS code DESCRIPTION         
observable are estimated as constant values for each        DESCRIPTION         
day. They are modeled with one set of bias parameters for   DESCRIPTION         
each satellite and each station in case of GPS and for each DESCRIPTION         
satellite-station link in case of GLONASS. The code bias    DESCRIPTION         
datum is defined by zero-mean conditions imposed on the     DESCRIPTION         
satellite bias estimates. In this file, just GPS C1W-C2W    DESCRIPTION         
satellite and station bias values are included. The         DESCRIPTION         
complete set of GNSS code bias results is provided in an    DESCRIPTION         
additional Bias-SINEX file as pseudo-absolute values        DESCRIPTION         
specific to each observable.                                DESCRIPTION         
Contact address: code(at)aiub.unibe.ch                      DESCRIPTION         
Data archive:    ftp.aiub.unibe.ch/CODE/                    DESCRIPTION         
                 www.aiub.unibe.ch/download/CODE/           DESCRIPTION         
  2023    12     7     0     0     0                        EPOCH OF FIRST MAP  
  2023    12     8     0     0     0                        EPOCH OF LAST MAP   
  3600                                                      INTERVAL            
    25                                                      # OF MAPS IN FILE   
  NONE                                                      MAPPING FUNCTION    
    10.0                                                    ELEVATION CUTOFF    
One-way carrier phase leveled to code                       OBSERVABLES USED    
  6371.0                                                    BASE RADIUS         
     2                                                      MAP DIMENSION       
   450.0 450.0   0.0                                        HGT1 / HGT2 / DHGT  
    87.5 -87.5  -2.5                                        LAT1 / LAT2 / DLAT  
  -180.0 180.0   5.0                                        LON1 / LON2 / DLON  
    -1                                                      EXPONENT            
TEC/RMS values in 0.1 TECU; 9999, if no value available     COMMENT             
                                                            END OF HEADER       
[from data line 429]
     2                                                      START OF TEC MAP    
  2023    12     7     1     0     0                        EPOCH OF CURRENT MAP
    87.5-180.0 180.0   5.0 450.0                            LAT/LON1/LON2/DLON/H
   90   90   90   90   90   90   89   89   88   88   87   86   85   84   83   82
   81   80   78   77   76   74   73   71   70   69   67   66   65   64   63   62
   62   61   61   61   61   61   61   61   62   63   63   64   65   66   68   69
   70   71   73   74   75   76   78   79   80   81   82   83   84   85   86   87
   88   88   89   89   90   90   90   90   90
    85.0-180.0 180.0   5.0 450.0                            LAT/LON1/LON2/DLON/H
  101  101  101  100  100   99   99   98   97   96   96   95   93   92   91   89
   87   85   83   80   77   75   72   69   66   63   60   57   54   52   50   48
   47   46   45   45   45   46   47   48   49   51   53   55   57   59   62   64
   66   69   71   73   76   78   80   82   85   87   89   90   92   94   95   97
   98   99  100  100  101  101  101  101  101
    82.5-180.0 180.0   5.0 450.0                            LAT/LON1/LON2/DLON/H
  112  111  110  109  108  107  105  104  103  102  101  100   99   98   96   95
   93   90   88   85   81   77   73   69   64   59   55   50   46   43   40   37
   35   34   34   34   34   36   38   40   42   45   48   51   54   57   60   63
   66   69   72   75   77   80   83   86   88   91   94   97   99  102  104  106
  108  110  111  112  112  113  113  112  112
    80.0-180.0 180.0   5.0 450.0                            LAT/LON1/LON2/DLON/H
  125  123  121  118  116  113  111  109  107  105  103  102  101   99   98   97
   95   93   91   88   85   81   76   71   66   60   55   49   44   39   36   33
   31   30   30   30   32   34   37   40   43   46   50   54   57   60   63   66
   69   71   74   76   79   81   84   87   91   94   98  102  105  109  113  117
  120  123  125  127  128  128  128  127  125
    77.5-180.0 180.0   5.0 450.0                            LAT/LON1/LON2/DLON/H
  145  142  138  133  128  124  119  115  111  107  103  100   98   96   94   93
   92   91   90   89   87   84   81   76   71   65   59   53   48   43   39   36
   35   34   35   36   38   41   44   48   51   55   58   62   65   67   69   71
   73   74   76   77   79   81   84   87   91   95  100  105  111  117  123  129
  135  140  144  147  149  150  150  148  145
    75.0-180.0 180.0   5.0 450.0                            LAT/LON1/LON2/DLON/H
  174  168  162  155  147  139  132  124  117  110  104   97   92   88   85   83
   83   83   84   86   86   86   84   81   77   72   67   61   57   52   49   47
   46   46   47   48   51   54   57   60   64   67   70   72   74   76   77   78
   78   78   78   78   78   80   82   85   90   95  102  109  117  126  135  144
  152  161  168  173  177  180  180  178  174
    72.5-180.0 180.0   5.0 450.0                            LAT/LON1/LON2/DLON/H
  209  202  193  183  172  161  150  139  128  117  106   96   86   78   73   69
   69   71   74   78   82   85   86   86   83   80   76   72   68   65   62   61
   60   60   61   63   65   67   70   73   75   78   80   82   83   84   84   83
   82   80   79   78   77   78   80   84   89   96  105  114  125  136  148  160
  172  184  195  204  210  214  215  214  209
    70.0-180.0 180.0   5.0 450.0                            LAT/LON1/LON2/DLON/H
  246  237  226  213  200  187  173  159  145  130  114   98   83   70   61   55
   54   56   62   69   76   82   86   88   88   86   83   80   77   75   74   73
   73   73   73   74   75   76   78   80   82   84   86   88   89   89   88   87
   85   82   79   77   76   77   79   84   90   99  110  121  134  148  162  177
  192  207  222  234  244  250  253  251  246
    67.5-180.0 180.0   5.0 450.0                            LAT/LON1/LON2/DLON/H
  279  269  256  242  227  212  197  181  165  147  127  107   86   68   54   45
   42   45   52   61   71   79   85   88   89   88   86   84   82   81   80   80
   79   79   78   77   77   77   78   79   82   84   86   88   89   90   89   88
   85   82   79   77   75   76   79   85   94  105  118  131  146  162  178  194
  211  228  245  260  273  282  286  285  279
    65.0-180.0 180.0   5.0 450.0                            LAT/LON1/LON2/DLON/H
  304  293  279  264  248  233  218  202  186  167  145  121   96   74   55   43
   38   40   47   57   67   76   82   85   86   85   83   81   80   80   80   79
   78   76   74   71   70   69   70   71   74   77   80   83   85   86   87   86
   84   81   78   76   75   76   81   89  100  113  128  144  160  177  193  209
  227  245  263  280  295  305  311  310  304
    62.5-180.0 180.0   5.0 450.0                            LAT/LON1/LON2/DLON/H
  319  308  294  278  262  247  233  219  204  186  164  139  113   87   66   51
   44   44   50   58   67   74   79   80   79   77   75   73   73   72   72   71
   69   66   63   59   57   56   56   58   62   66   70   74   78   80   81   81
   80   78   75   73   73   76   82   92  106  123  141  159  176  192  208  223
  240  257  274  292  307  319  325  325  319
    60.0-180.0 180.0   5.0 450.0                            LAT/LON1/LON2/DLON/H
  326  315  301  285  270  256  243  231  218  203  183  159  133  107   85   68
   59   57   59   65   70   73   74   73   70   66   64   62   62   62   62   60
   58   54   49   45   43   42   43   46   51   56   61   66   70   72   74   75
   74   72   70   69   70   74   83   96  113  133  153  174  192  208  223  236
  250  265  282  298  313  324  331  331  326
    57.5-180.0 180.0   5.0 450.0                            LAT/LON1/LON2/DLON/H
  328  319  306  291  277  263  251  240  229  216  199  178  154  130  108   91
   79   74   73   73   74   73   70   65   61   57   54   53   52   53   52   51
   48   44   40   36   34   33   35   39   44   50   55   60   63   66   68   68
   67   66   65   64   66   72   83   99  119  142  166  188  208  224  237  249
  261  273  287  301  314  325  331  332  328
    55.0-180.0 180.0   5.0 450.0                            LAT/LON1/LON2/DLON/H
  331  324  314  302  288  275  262  251  239  227  212  194  173  151  130  113
  100   91   86   82   77   72   66   60   55   51   49   48   48   48   48   47
   44   41   38   35   34   34   36   40   45   50   54   58   61   62   63   63
   62   60   59   59   63   70   84  102  125  150  176  201  222  239  252  262
  272  282  293  305  316  326  332  334  331
    52.5-180.0 180.0   5.0 450.0                            LAT/LON1/LON2/DLON/H
  338  335  329  320  308  294  280  266  251  237  222  206  187  168  148  131
  117  105   95   87   79   72   65   60   56   53   51   50   50   50   50   49
   48   46   45   43   43   44   46   49   52   56   59   61   62   62   62   60
   59   57   56   56   61   71   86  107  132  159  186  212  234  252  265  275
  284  292  302  312  321  329  335  338  338
    50.0-180.0 180.0   5.0 450.0                            LAT/LON1/LON2/DLON/H
  350  351  350  345  336  322  306  288  269  251  233  216  197  179  160  142
  126  112  100   89   80   73   67   64   63   62   61   59   58   58   57   58
   58   58   58   59   59   60   61   62   64   66   68   69   69   67   65   63
   60   57   56   57   63   75   93  115  141  168  195  221  244  263  277  288
  297  305  313  321  329  336  342  347  350
    47.5-180.0 180.0   5.0 450.0                            LAT/LON1/LON2/DLON/H
  363  369  373  372  367  355  338  316  293  269  246  225  206  186  166  147
  129  113  100   90   82   77   75   75   76   76   75   72   69   68   67   68
   70   72   74   76   77   77   77   77   77   78   79   80   79   76   73   70
   66   63   61   63   71   84  104  128  154  180  206  230  253  272  287  299
  309  317  324  332  339  345  351  357  363
    45.0-180.0 180.0   5.0 450.0                            LAT/LON1/LON2/DLON/H
  373  382  390  394  394  386  370  347  320  291  263  237  214  191  169  147
  128  112  100   92   88   86   88   91   93   93   90   85   80   76   76   78
   81   85   88   90   91   91   89   88   88   90   91   92   91   89   85   81
   77   73   71   73   82   98  120  145  170  194  217  239  261  280  296  309
  319  327  335  342  348  354  359  366  373
    42.5-180.0 180.0   5.0 450.0                            LAT/LON1/LON2/DLON/H
  377  386  396  404  408  405  394  373  345  313  281  252  224  198  173  149
  128  113  104   99   99  101  105  109  110  108  102   94   87   82   82   84
   88   92   95   98   98   98   96   96   96   99  102  104  105  103   99   95
   91   86   84   86   96  114  139  165  189  210  230  249  268  287  303  316
  326  335  343  349  355  360  365  370  377
    40.0-180.0 180.0   5.0 450.0                            LAT/LON1/LON2/DLON/H
  375  381  389  398  405  408  404  389  364  333  299  268  238  209  181  155
  134  120  114  113  116  120  124  126  124  119  109   99   90   86   85   88
   91   95   98   99   99   99   98   99  102  107  112  116  118  116  113  109
  104   99   96   98  109  130  157  184  208  226  242  259  276  294  309  322
  333  341  349  355  360  364  368  371  375
    37.5-180.0 180.0   5.0 450.0                            LAT/LON1/LON2/DLON/H
  371  372  374  379  387  395  398  391  372  345  314  283  253  224  194  167
  146  134  131  133  137  139  140  138  133  125  113  102   94   91   91   93
   96   97   98   98   97   98   99  102  107  114  122  127  128  127  123  119
  115  110  106  107  119  142  171  200  224  241  255  269  284  301  317  330
  340  348  356  362  368  371  372  372  371
    35.0-180.0 180.0   5.0 450.0                            LAT/LON1/LON2/DLON/H
  376  368  362  360  365  373  381  381  371  349  323  295  268  240  211  185
  164  153  151  153  156  155  151  145  138  128  118  110  104  103  104  106
  106  104  101   99   98   99  102  107  114  123  131  135  136  133  128  124
  120  114  109  110  123  147  180  212  237  253  266  279  294  311  327  341
  351  361  369  376  382  385  385  382  376
    32.5-180.0 180.0   5.0 450.0                            LAT/LON1/LON2/DLON/H
  398  383  367  356  352  356  365  369  363  348  326  303  280  256  230  204
  183  172  170  170  169  163  155  148  141  135  130  127  126  128  130  130
  127  121  114  109  106  107  111  117  124  132  139  141  139  133  127  123
  118  112  107  108  121  148  183  218  245  263  276  290  306  324  342  357
  370  381  392  402  409  413  413  408  398
    30.0-180.0 180.0   5.0 450.0                            LAT/LON1/LON2/DLON/H
  445  426  402  380  364  360  362  365  360  346  328  308  290  270  247  222
  201  188  182  179  172  164  155  150  150  152  156  160  165  169  171  168
  161  150  139  130  125  124  127  132  137  142  145  143  137  128  120  115
  110  105  100  101  115  145  184  222  252  272  287  302  321  341  361  380
  397  413  428  441  451  458  460  456  445
    27.5-180.0 180.0   5.0 450.0                            LAT/LON1/LON2/DLON/H
  518  500  472  441  413  395  386  380  370  354  334  315  299  282  261  236
  213  196  186  178  169  160  155  159  170  184  198  210  219  224  224  217
  205  190  173  160  151  148  148  149  151  151  148  142  132  120  110  104
   99   94   90   93  109  142  184  226  259  282  300  318  339  363  386  409
  432  454  475  493  508  518  525  525  518
    25.0-180.0 180.0   5.0 450.0                            LAT/LON1/LON2/DLON/H
  609  598  573  537  499  467  443  423  403  378  352  330  312  295  273  246
  220  199  184  173  164  159  165  182  207  234  257  274  283  286  282  270
  254  234  213  196  182  174  170  166  161  155  147  137  124  110   99   92
   88   84   82   87  107  143  189  234  270  296  317  338  362  388  415  444
  473  503  530  554  573  588  601  609  609
    22.5-180.0 180.0   5.0 450.0                            LAT/LON1/LON2/DLON/H
  705  706  689  655  611  567  529  495  460  423  387  357  334  313  288  259
  228  203  184  172  167  172  191  224  263  300  327  342  347  344  334  318
  297  274  251  229  211  198  188  178  167  156  143  131  117  103   92   84
   80   78   78   87  111  151  200  248  287  316  339  363  389  417  447  480
  516  552  585  614  638  657  676  693  705
    20.0-180.0 180.0   5.0 450.0                            LAT/LON1/LON2/DLON/H
  789  804  800  774  731  681  632  585  538  489  442  401  369  342  312  278
  244  215  196  187  190  207  241  287  335  373  395  403  399  387  370  350
  327  303  278  254  233  215  199  184  168  152  137  125  112  100   89   82
   77   76   79   93  121  165  218  268  309  340  366  391  418  447  479  515
  555  596  634  666  692  715  738  764  789
    17.5-180.0 180.0   5.0 450.0                            LAT/LON1/LON2/DLON/H
  844  872  884  870  834  786  734  682  628  570  512  461  420  385  350  312
  275  245  228  225  238  269  314  366  413  442  452  445  428  407  385  362
  340  316  292  267  244  223  203  184  165  147  132  122  112  103   93   85
   81   80   86  104  137  185  240  292  335  368  395  421  448  477  509  546
  587  630  669  702  728  752  778  809  844
    15.0-180.0 180.0   5.0 450.0                            LAT/LON1/LON2/DLON/H
  862  900  924  924  900  861  815  767  714  654  591  533  484  442  402  363
  326  298  286  291  315  354  404  452  485  496  484  459  429  401  377  355
  335  314  293  270  246  224  203  182  162  144  131  123  118  111  102   94
   88   88   97  119  156  207  264  317  360  393  421  448  475  503  535  571
  610  651  688  719  743  765  790  823  862
    12.5-180.0 180.0   5.0 450.0                            LAT/LON1/LON2/DLON/H
  845  885  916  928  919  895  863  827  783  729  668  608  555  509  469  430
  395  373  367  380  411  453  497  529  539  523  487  445  406  376  353  335
  319  303  285  265  244  224  203  183  164  147  136  131  128  123  115  105
   98   98  109  135  175  227  284  337  380  414  442  469  496  524  554  587
  623  658  691  718  739  757  779  808  845
    10.0-180.0 180.0   5.0 450.0                            LAT/LON1/LON2/DLON/H
  805  840  871  889  893  887  874  855  827  786  733  676  625  580  541  506
  478  461  462  480  512  548  576  582  562  517  460  406  366  340  324  313
  301  289  276  260  244  226  209  191  173  157  147  143  141  136  127  116
  108  109  121  149  191  243  298  349  392  426  455  482  509  537  566  596
  626  655  682  704  722  737  753  775  805
     7.5-180.0 180.0   5.0 450.0                            LAT/LON1/LON2/DLON/H
  760  783  807  826  839  848  854  855  845  819  778  731  685  645  612  583
  560  549  554  573  600  621  624  601  550  481  411  356  323  308  303  298
  292  283  273  262  250  237  222  206  190  175  164  159  155  149  138  126
  117  118  132  161  202  252  304  353  394  428  457  484  512  540  569  596
  622  646  667  685  701  714  726  740  760
     5.0-180.0 180.0   5.0 450.0                            LAT/LON1/LON2/DLON/H
  727  737  750  764  780  799  819  836  842  831  803  766  729  697  671  648
  631  623  627  641  655  656  631  578  504  422  353  309  292  293  299  301
  296  288  280  273  265  256  243  229  212  197  184  175  167  158  146  133
  124  126  141  170  210  256  304  349  388  420  449  477  505  535  564  590
  613  632  650  668  684  698  709  718  727
     2.5-180.0 180.0   5.0 450.0                            LAT/LON1/LON2/DLON/H
  720  719  720  726  740  763  790  815  830  829  812  785  756  732  712  694
  679  669  668  670  667  645  595  520  434  355  300  277  282  301  316  321
  316  307  299  293  288  280  269  254  237  219  202  189  177  165  151  138
  130  133  150  178  215  257  299  339  376  407  435  463  492  522  552  579
  601  619  636  656  676  695  710  718  720
