static/ion/2023-12-06.23i
     1.0            IONOSPHERE MAPS     GNSS                IONEX VERSION / TYPE
IONINX V5.5         AIUB                05-DEC-23 07:41     PGM / RUN BY / DATE 
CODE'S 2-DAY PREDICTED IONOSPHERE MAPS FOR DAY 340, 2023    COMMENT             
Global ionosphere maps (GIM) are generated on a daily basis DESCRIPTION         
at CODE using data from about 120 GNSS sites of the IGS and DESCRIPTION         
other institutions. The vertical total electron content     DESCRIPTION         
(VTEC) is modeled in a solar-geomagnetic reference frame    DESCRIPTION         
using a spherical harmonics expansion up to degree and      DESCRIPTION         
order 15. Piece-wise linear functions are used for          DESCRIPTION         
representation in the time domain. The time spacing of      DESCRIPTION         
their vertices is 1 hour, conforming with the epochs of the DESCRIPTION         
VTEC maps.                                                  DESCRIPTION         
To convert line-of-sight TEC into vertical TEC, a modified  DESCRIPTION         
single-layer model mapping function approximating the JPL   DESCRIPTION         
extended slab model mapping function is adopted. The        DESCRIPTION         
mapping function is evaluated at geodetic satellite         DESCRIPTION         
elevation angles. For the computation of the ionospheric    DESCRIPTION         
pierce points, a spherical layer with a radius of 6821 km   DESCRIPTION         
is assumed, implying geocentric, not geodetic IONEX         DESCRIPTION         
latitudes.                                                  DESCRIPTION         
Instrumental biases with respect to each involved GNSS code DESCRIPTION         
observable are estimated as constant values for each        DESCRIPTION         
day. They are modeled with one set of bias parameters for   DESCRIPTION         
each satellite and each station in case of GPS and for each DESCRIPTION         
satellite-station link in case of GLONASS. The code bias    DESCRIPTION         
datum is defined by zero-mean conditions imposed on the     DESCRIPTION         
satellite bias estimates. In this file, just GPS C1W-C2W    DESCRIPTION         
satellite and station bias values are included. The         DESCRIPTION         
complete set of GNSS code bias results is provided in an    DESCRIPTION         
additional Bias-SINEX file as pseudo-absolute values        DESCRIPTION         
specific to each observable.                                DESCRIPTION         
Contact address: code(at)aiub.unibe.ch                      DESCRIPTION         
Data archive:    ftp.aiub.unibe.ch/CODE/                    DESCRIPTION         
                 www.aiub.unibe.ch/download/CODE/           DESCRIPTION         
  2023    12     6     0     0     0                        EPOCH OF FIRST MAP  
  2023    12     7     0     0     0                        EPOCH OF LAST MAP   
  3600                                                      INTERVAL            
    25                                                      # OF MAPS IN FILE   
  NONE                                                      MAPPING FUNCTION    
    10.0                                                    ELEVATION CUTOFF    
One-way carrier phase leveled to code                       OBSERVABLES USED    
  6371.0                                                    BASE RADIUS         
     2                                                      MAP DIMENSION       
   450.0 450.0   0.0                                        HGT1 / HGT2 / DHGT  
    87.5 -87.5  -2.5                                        LAT1 / LAT2 / DLAT  
  -180.0 180.0   5.0                                        LON1 / LON2 / DLON  
    -1                                                      EXPONENT            
TEC/RMS values in 0.1 TECU; 9999, if no value available     COMMENT             
                                                            END OF HEADER       
[from data line 3432]
     9                                                      START OF TEC MAP    
  2023    12     6     8     0     0                        EPOCH OF CURRENT MAP
    87.5-180.0 180.0   5.0 450.0                            LAT/LON1/LON2/DLON/H
   49   49   50   50   51   52   53   54   56   57   58   60   61   63   64   65
   67   68   69   70   71   72   73   73   74   74   75   75   76   76   76   76
   76   76   76   76   75   75   75   74   74   74   73   73   72   71   70   69
   69   68   67   65   64   63   62   61   59   58   57   56   54   53   52   51
   50   50   49   49   48   48   48   48   49
    85.0-180.0 180.0   5.0 450.0                            LAT/LON1/LON2/DLON/H
   38   38   39   41   42   44   46   49   51   54   57   60   62   65   68   70
   73   75   77   78   80   81   82   83   83   84   84   84   85   85   85   85
   85   85   85   85   85   85   85   86   86   86   86   86   86   85   85   84
   83   82   80   79   77   75   72   70   67   65   62   59   57   54   51   49
   46   44   42   41   39   39   38   38   38
    82.5-180.0 180.0   5.0 450.0                            LAT/LON1/LON2/DLON/H
   34   34   34   35   37   39   42   45   49   52   56   60   63   67   70   74
   77   79   81   83   84   86   86   87   87   87   87   87   86   86   86   86
   86   87   88   89   90   91   93   95   97   98  100  102  104  105  106  107
  107  106  105  104  102   99   96   93   89   85   81   77   72   68   63   59
   54   50   47   43   40   38   36   34   34
    80.0-180.0 180.0   5.0 450.0                            LAT/LON1/LON2/DLON/H
   37   36   35   35   36   38   41   44   47   51   55   59   63   67   70   73
   76   79   81   82   83   84   84   84   84   83   82   81   81   80   80   81
   81   83   85   87   90   93   97  102  107  112  117  122  127  131  135  138
  140  141  141  140  139  136  133  129  124  119  113  107  101   95   88   82
   75   69   63   57   52   47   43   39   37
    77.5-180.0 180.0   5.0 450.0                            LAT/LON1/LON2/DLON/H
   47   44   42   41   40   41   43   45   48   51   54   57   60   64   67   70
   72   74   76   77   78   78   77   77   76   75   73   72   71   71   70   71
   72   75   78   82   87   93  100  108  117  125  135  144  153  161  169  175
  180  183  185  185  184  181  177  172  166  160  153  146  139  131  123  114
  105   97   88   79   71   64   57   52   47
    75.0-180.0 180.0   5.0 450.0                            LAT/LON1/LON2/DLON/H
   60   55   51   49   48   48   48   49   50   52   53   55   57   60   62   64
   66   68   69   70   71   70   70   69   68   66   64   63   62   61   60   61
   63   66   71   77   84   93  103  114  127  140  153  167  181  194  205  215
  223  229  232  233  231  228  223  217  210  202  194  186  177  168  158  148
  137  126  115  104   93   83   74   67   60
    72.5-180.0 180.0   5.0 450.0                            LAT/LON1/LON2/DLON/H
   71   65   61   58   56   55   55   55   54   54   55   55   55   56   58   59
   61   62   64   65   65   65   65   64   63   61   60   58   56   54   53   54
   56   60   66   73   83   94  107  122  137  155  172  191  209  226  242  255
  266  273  277  278  275  270  263  255  247  238  228  219  209  199  188  176
  163  150  137  124  111   99   88   79   71
    70.0-180.0 180.0   5.0 450.0                            LAT/LON1/LON2/DLON/H
   75   69   65   63   62   61   61   60   60   59   57   56   55   55   56   57
   59   61   62   63   64   65   65   65   64   62   60   58   55   53   51   51
   53   58   64   74   85   98  114  131  150  170  191  214  236  256  275  292
  304  312  316  315  311  303  294  283  272  261  251  240  229  217  205  191
  177  162  147  132  117  104   92   83   75
    67.5-180.0 180.0   5.0 450.0                            LAT/LON1/LON2/DLON/H
   68   64   61   61   61   63   64   64   64   63   61   59   57   57   57   59
   61   63   65   67   68   69   69   70   69   68   66   63   59   55   53   52
   54   59   67   77   91  106  123  142  163  186  210  235  259  282  304  321
  334  342  345  342  335  325  312  299  285  272  260  248  235  222  207  192
  175  159  142  125  110   96   85   75   68
    65.0-180.0 180.0   5.0 450.0                            LAT/LON1/LON2/DLON/H
   52   50   49   51   54   58   62   64   66   65   64   62   61   60   61   64
   67   70   72   74   75   75   76   77   77   76   74   70   65   60   56   54
   56   62   71   84   99  117  136  156  178  202  227  253  279  303  325  343
  356  363  364  359  349  336  320  304  289  274  260  246  232  216  199  181
  162  143  124  107   91   77   66   58   52
    62.5-180.0 180.0   5.0 450.0                            LAT/LON1/LON2/DLON/H
   31   29   31   35   40   47   54   59   63   65   65   64   63   64   66   70
   74   78   80   81   81   81   82   83   83   83   81   76   70   63   58   56
   59   66   78   93  110  129  150  171  194  218  243  269  295  318  339  356
  368  374  373  367  355  340  322  304  287  272  256  241  225  207  187  166
  144  122  101   83   66   53   42   35   31
    60.0-180.0 180.0   5.0 450.0                            LAT/LON1/LON2/DLON/H
   10    9   11   16   24   32   42   50   57   61   63   63   64   66   70   75
   81   85   87   87   86   84   84   84   86   86   84   78   71   63   57   56
   60   70   85  103  122  143  164  186  209  233  257  282  306  328  347  363
  373  377  375  368  356  340  322  304  287  272  256  240  222  201  178  153
  128  103   80   60   44   30   20   13   10
    57.5-180.0 180.0   5.0 450.0                            LAT/LON1/LON2/DLON/H
    0    0    0    2    9   18   29   39   48   54   57   59   61   65   70   78
   84   89   91   89   86   82   81   81   83   84   82   76   68   59   53   53
   59   73   91  112  134  156  177  199  222  246  269  293  315  334  350  363
  371  374  373  366  355  340  324  308  292  277  263  246  227  204  178  149
  121   93   69   48   31   17    7    0    0
    55.0-180.0 180.0   5.0 450.0                            LAT/LON1/LON2/DLON/H
    0    0    0    0    2   10   20   30   40   47   51   54   57   61   68   76
   84   90   91   88   83   77   75   75   77   78   76   70   61   52   47   49
   58   76   98  122  145  168  189  211  233  256  280  301  321  337  350  359
  365  368  367  362  353  342  328  315  302  289  276  260  240  215  186  155
  124   95   70   48   31   17    7    0    0
    52.5-180.0 180.0   5.0 450.0                            LAT/LON1/LON2/DLON/H
    7    5    4    4    7   12   19   28   37   43   47   49   51   55   63   72
   81   87   88   84   78   72   68   68   70   72   71   65   55   46   41   45
   58   79  105  131  155  177  199  220  242  265  288  308  325  338  347  353
  357  360  360  358  352  344  334  323  313  302  291  276  256  231  201  169
  137  107   81   59   42   29   19   12    7
    50.0-180.0 180.0   5.0 450.0                            LAT/LON1/LON2/DLON/H
   29   27   26   24   24   26   29   35   41   46   48   48   49   51   58   67
   76   83   85   81   75   69   65   65   68   70   68   61   51   41   37   43
   59   84  112  140  164  186  206  227  250  273  295  314  329  338  344  347
  349  351  352  352  350  345  338  329  321  312  302  288  269  244  214  182
  151  122   97   76   59   47   38   32   29
    47.5-180.0 180.0   5.0 450.0                            LAT/LON1/LON2/DLON/H
   53   53   54   53   51   50   50   52   54   56   55   53   51   52   56   64
   74   81   83   81   76   71   68   68   71   73   70   63   51   41   37   44
   62   89  120  148  173  194  213  234  257  281  302  320  333  340  342  342
  342  342  344  346  346  343  338  330  322  314  305  292  273  249  221  190
  160  133  109   90   75   64   57   54   53
    45.0-180.0 180.0   5.0 450.0                            LAT/LON1/LON2/DLON/H
   71   76   80   81   80   78   75   74   73   72   69   64   60   58   60   67
   75   82   86   86   83   79   77   78   80   81   77   68   56   44   39   47
   67   96  128  157  182  202  222  243  266  289  311  327  338  343  343  340
  337  336  338  340  341  339  334  326  317  308  298  285  267  244  217  188
  160  135  113   95   81   72   68   68   71
    42.5-180.0 180.0   5.0 450.0                            LAT/LON1/LON2/DLON/H
   78   87   96  102  104  103   99   97   94   91   86   80   74   70   71   75
   81   88   92   94   94   92   91   91   92   92   87   77   63   50   44   52
   72  103  136  166  191  212  232  254  277  300  320  336  345  348  347  342
  337  335  335  337  338  336  329  320  309  298  286  272  254  232  206  179
  153  128  107   89   76   69   67   70   78
    40.0-180.0 180.0   5.0 450.0                            LAT/LON1/LON2/DLON/H
   72   85   98  109  115  116  115  112  110  107  102   97   91   87   85   87
   92   97  102  106  107  107  107  106  105  103   97   86   70   56   50   57
   78  109  144  175  202  225  246  268  291  313  332  346  354  357  355  350
  344  340  339  341  342  339  332  321  308  294  280  264  244  222  197  170
  144  119   96   77   64   57   56   62   72
    37.5-180.0 180.0   5.0 450.0                            LAT/LON1/LON2/DLON/H
   58   72   87  101  110  115  116  116  115  114  112  109  106  103  102  102
  104  108  113  118  121  121  120  118  115  111  104   92   77   62   55   62
   83  115  152  186  215  240  263  286  308  328  345  357  365  370  369  366
  360  356  354  356  358  356  349  338  324  308  291  273  251  227  201  173
  145  117   90   68   53   45   44   48   58
    35.0-180.0 180.0   5.0 450.0                            LAT/LON1/LON2/DLON/H
   46   56   68   82   93  100  104  106  108  110  112  114  115  115  116  116
  116  118  122  127  131  131  129  124  119  113  106   95   81   67   61   68
   90  123  161  197  230  258  283  306  327  345  359  370  379  386  390  389
  386  383  383  386  390  391  387  378  364  348  330  309  285  259  230  200
  167  133  101   74   55   44   40   41   46
    32.5-180.0 180.0   5.0 450.0                            LAT/LON1/LON2/DLON/H
   49   49   54   62   70   77   81   85   89   95  101  108  115  120  123  124
  124  125  128  132  136  136  131  124  117  110  104   95   83   72   68   76
   99  133  172  211  246  277  304  327  347  361  373  385  397  408  417  421
  422  422  425  431  440  447  448  443  432  418  399  377  352  323  291  256
  217  177  138  104   80   66   57   52   49
    30.0-180.0 180.0   5.0 450.0                            LAT/LON1/LON2/DLON/H
   75   64   56   54   55   57   58   61   67   74   84   96  107  117  123  125
  125  126  129  133  136  135  128  119  111  105   99   93   85   78   77   88
  112  146  186  226  263  296  325  348  365  379  390  402  418  435  450  461
  467  471  478  490  504  518  527  528  523  512  495  473  446  415  380  341
  297  249  203  163  134  115  102   89   75
    27.5-180.0 180.0   5.0 450.0                            LAT/LON1/LON2/DLON/H
  130  105   84   69   58   51   46   45   49   56   67   81   95  107  115  120
  121  122  125  130  132  130  123  114  105   99   96   93   89   87   90  104
  129  164  203  243  281  315  344  367  384  396  409  424  445  468  490  506
  518  527  539  555  576  597  613  623  624  618  604  584  557  525  488  445
  397  343  291  246  213  191  174  154  130
    25.0-180.0 180.0   5.0 450.0                            LAT/LON1/LON2/DLON/H
  210  174  140  111   88   69   55   47   45   50   58   70   83   95  104  110
  112  115  119  124  127  125  118  109  102   98   96   96   96   98  106  124
  151  185  223  262  299  333  362  385  402  416  431  451  477  506  533  554
  571  584  600  620  645  672  695  711  719  718  708  691  666  635  597  554
  503  446  390  341  307  284  265  241  210
    22.5-180.0 180.0   5.0 450.0                            LAT/LON1/LON2/DLON/H
  302  260  217  178  144  113   89   71   63   61   65   71   80   88   95  100
  103  107  113  119  122  121  116  109  104  101  101  103  106  112  124  145
  174  207  243  280  316  350  379  403  422  439  459  484  514  547  577  602
  621  637  654  676  702  731  758  778  790  794  788  775  753  725  690  648
  597  541  483  435  400  378  360  336  302
    20.0-180.0 180.0   5.0 450.0                            LAT/LON1/LON2/DLON/H
  390  349  304  261  219  179  145  119  102   93   90   89   89   91   92   94
   97  102  109  115  119  120  117  114  111  110  110  112  116  126  142  166
  195  228  262  297  333  366  396  422  444  466  491  521  554  588  619  644
  664  680  696  716  740  767  793  814  828  834  831  822  806  782  751  712
  666  612  557  510  477  458  443  422  390
    17.5-180.0 180.0   5.0 450.0                            LAT/LON1/LON2/DLON/H
  457  423  383  342  298  254  214  181  158  143  132  122  113  106  100   97
   98  103  109  115  119  121  121  121  121  122  122  123  127  137  156  183
  214  246  279  313  348  382  414  442  468  495  526  559  594  627  655  678
  696  711  724  739  756  777  799  817  829  834  834  829  817  799  773  740
  700  652  601  557  526  509  498  483  457
    15.0-180.0 180.0   5.0 450.0                            LAT/LON1/LON2/DLON/H
  491  467  438  405  366  324  282  246  220  200  184  167  149  132  119  110
  107  109  113  118  120  123  125  129  132  133  132  131  134  145  165  194
  226  259  292  326  361  397  431  463  493  525  560  596  630  659  683  703
  718  729  737  745  754  767  781  793  800  803  803  800  794  782  762  735
  700  659  614  572  542  525  517  508  491
    12.5-180.0 180.0   5.0 450.0                            LAT/LON1/LON2/DLON/H
  487  474  458  437  409  373  335  301  274  254  236  214  191  166  145  131
  123  121  122  122  123  124  129  134  139  141  139  136  137  148  169  200
  234  268  302  337  373  411  447  482  516  553  590  626  657  681  700  716
  729  737  741  741  742  745  750  755  755  754  752  752  750  742  727  705
  677  642  601  561  529  510  502  496  487
    10.0-180.0 180.0   5.0 450.0                            LAT/LON1/LON2/DLON/H
  450  446  441  434  418  392  362  333  311  294  276  255  229  201  175  156
  143  137  132  128  125  125  129  136  142  144  141  137  137  147  169  201
  237  273  309  345  383  422  460  497  534  573  611  645  672  692  707  720
  731  738  739  734  728  723  721  718  712  705  702  702  703  699  687  668
  644  613  575  535  500  475  462  455  450
     7.5-180.0 180.0   5.0 450.0                            LAT/LON1/LON2/DLON/H
  394  393  396  399  395  381  360  339  323  311  298  280  256  229  201  179
  163  152  143  134  126  123  126  133  140  142  139  135  135  145  168  201
  239  277  314  352  390  429  467  505  544  583  620  652  675  692  705  718
  729  737  737  730  721  712  705  696  685  673  668  668  670  667  656  638
  616  587  551  508  467  435  413  401  394
     5.0-180.0 180.0   5.0 450.0                            LAT/LON1/LON2/DLON/H
  337  334  339  347  352  347  336  322  312  305  298  286  268  244  219  196
  178  164  151  138  127  121  122  128  134  137  135  132  133  144  168  202
  241  281  319  356  394  431  468  505  544  582  618  646  667  683  696  711
  726  736  739  734  726  717  708  696  682  668  660  659  661  657  644  625
  602  574  537  492  445  404  372  350  337
     2.5-180.0 180.0   5.0 450.0                            LAT/LON1/LON2/DLON/H
  297  286  287  295  304  305  299  291  285  283  280  274  263  245  225  204
  186  171  156  141  128  120  119  123  129  132  131  130  133  146  172  207
  246  286  324  359  394  428  462  498  535  572  605  632  652  669  685  704
  723  738  746  746  741  736  729  718  703  688  679  677  676  670  654  632
  607  577  540  493  441  392  351  319  297
