static/ion/2023-12-04.23i
     1.0            IONOSPHERE MAPS     GNSS                IONEX VERSION / TYPE
IONINX V5.5         AIUB                03-DEC-23 07:43     PGM / RUN BY / DATE 
CODE'S 2-DAY PREDICTED IONOSPHERE MAPS FOR DAY 338, 2023    COMMENT             
Global ionosphere maps (GIM) are generated on a daily basis DESCRIPTION         
at CODE using data from about 120 GNSS sites of the IGS and DESCRIPTION         
other institutions. The vertical total electron content     DESCRIPTION         
(VTEC) is modeled in a solar-geomagnetic reference frame    DESCRIPTION         
using a spherical harmonics expansion up to degree and      DESCRIPTION         
order 15. Piece-wise linear functions are used for          DESCRIPTION         
representation in the time domain. The time spacing of      DESCRIPTION         
their vertices is 1 hour, conforming with the epochs of the DESCRIPTION         
VTEC maps.                                                  DESCRIPTION         
To convert line-of-sight TEC into vertical TEC, a modified  DESCRIPTION         
single-layer model mapping function approximating the JPL   DESCRIPTION         
extended slab model mapping function is adopted. The        DESCRIPTION         
mapping function is evaluated at geodetic satellite         DESCRIPTION         
elevation angles. For the computation of the ionospheric    DESCRIPTION         
pierce points, a spherical layer with a radius of 6821 km   DESCRIPTION         
is assumed, implying geocentric, not geodetic IONEX         DESCRIPTION         
latitudes.                                                  DESCRIPTION         
Instrumental biases with respect to each involved GNSS code DESCRIPTION         
observable are estimated as constant values for each        DESCRIPTION         
day. They are modeled with one set of bias parameters for   DESCRIPTION         
each satellite and each station in case of GPS and for each DESCRIPTION         
satellite-station link in case of GLONASS. The code bias    DESCRIPTION         
datum is defined by zero-mean conditions imposed on the     DESCRIPTION         
satellite bias estimates. In this file, just GPS C1W-C2W    DESCRIPTION         
satellite and station bias values are included. The         DESCRIPTION         
complete set of GNSS code bias results is provided in an    DESCRIPTION         
additional Bias-SINEX file as pseudo-absolute values        DESCRIPTION         
specific to each observable.                                DESCRIPTION         
Contact address: code(at)aiub.unibe.ch                      DESCRIPTION         
Data archive:    ftp.aiub.unibe.ch/CODE/                    DESCRIPTION         
                 www.aiub.unibe.ch/download/CODE/           DESCRIPTION         
  2023    12     4     0     0     0                        EPOCH OF FIRST MAP  
  2023    12     5     0     0     0                        EPOCH OF LAST MAP   
  3600                                                      INTERVAL            
    25                                                      # OF MAPS IN FILE   
  NONE                                                      MAPPING FUNCTION    
    10.0                                                    ELEVATION CUTOFF    
One-way carrier phase leveled to code                       OBSERVABLES USED    
  6371.0                                                    BASE RADIUS         
     2                                                      MAP DIMENSION       
   450.0 450.0   0.0                                        HGT1 / HGT2 / DHGT  
    87.5 -87.5  -2.5                                        LAT1 / LAT2 / DLAT  
  -180.0 180.0   5.0                                        LON1 / LON2 / DLON  
    -1                                                      EXPONENT            
TEC/RMS values in 0.1 TECU; 9999, if no value available     COMMENT             
                                                            END OF HEADER       
[from data line 9867]
    24                                                      START OF TEC MAP    
  2023    12     4    23     0     0                        EPOCH OF CURRENT MAP
    87.5-180.0 180.0   5.0 450.0                            LAT/LON1/LON2/DLON/H
   79   80   80   81   81   81   82   82   82   82   82   82   82   82   82   82
   81   81   80   80   79   78   77   77   76   75   74   73   72   72   71   70
   70   70   69   69   69   69   69   69   69   69   70   70   71   71   72   73
   73   74   74   75   75   76   76   77   77   77   77   77   78   78   78   78
   78   78   78   78   78   79   79   79   79
    85.0-180.0 180.0   5.0 450.0                            LAT/LON1/LON2/DLON/H
   78   80   81   82   84   85   87   88   89   90   91   92   92   92   92   91
   90   89   88   86   85   83   81   79   77   75   73   72   70   68   67   65
   64   63   62   61   61   61   61   62   63   63   65   66   68   69   71   73
   74   76   77   79   80   80   81   81   81   81   81   80   80   79   78   78
   77   77   76   76   76   76   77   78   78
    82.5-180.0 180.0   5.0 450.0                            LAT/LON1/LON2/DLON/H
   76   78   81   84   87   90   93   96   99  101  102  103  103  103  102  101
   99   97   95   92   90   88   85   83   80   78   75   73   70   68   66   64
   62   60   59   58   57   57   57   58   59   60   62   64   67   69   72   75
   78   81   83   85   86   87   88   88   87   86   85   83   81   79   78   76
   74   73   72   71   71   71   72   74   76
    80.0-180.0 180.0   5.0 450.0                            LAT/LON1/LON2/DLON/H
   76   79   84   88   93   98  103  108  112  115  116  117  116  114  112  109
  105  102   98   95   93   90   88   86   84   82   80   78   75   73   70   67
   65   63   61   59   58   58   58   58   59   61   63   65   68   71   75   79
   82   86   89   91   93   94   94   93   91   89   87   84   81   78   75   73
   71   69   68   68   68   69   70   73   76
    77.5-180.0 180.0   5.0 450.0                            LAT/LON1/LON2/DLON/H
   84   89   94  100  107  113  120  125  130  133  134  133  130  125  119  113
  106  101   96   93   91   90   89   89   89   88   87   86   84   81   78   76
   73   70   68   66   65   64   63   63   64   64   66   68   71   74   77   81
   85   89   92   95   96   96   96   94   91   87   84   80   77   74   71   70
   69   69   70   71   72   75   77   81   84
    75.0-180.0 180.0   5.0 450.0                            LAT/LON1/LON2/DLON/H
  105  110  116  122  129  136  143  150  154  156  156  152  145  135  124  113
  103   94   89   85   84   85   88   90   93   94   95   94   93   90   87   84
   81   79   77   75   73   72   71   70   70   69   70   71   72   74   78   81
   85   89   92   94   94   94   91   88   84   79   75   71   69   67   67   69
   71   75   79   84   88   92   97  101  105
    72.5-180.0 180.0   5.0 450.0                            LAT/LON1/LON2/DLON/H
  139  143  147  152  159  165  173  179  183  185  182  174  162  147  130  112
   97   85   78   75   76   79   85   90   95   98  100  100   98   95   92   89
   85   83   81   80   79   78   77   75   74   73   71   71   71   72   74   77
   80   83   86   87   87   85   81   76   71   65   60   58   57   59   63   70
   78   87   97  106  115  122  129  134  139
    70.0-180.0 180.0   5.0 450.0                            LAT/LON1/LON2/DLON/H
  180  183  185  188  192  197  204  210  215  215  211  200  183  161  138  114
   94   78   69   66   68   74   81   89   95   99  100   99   96   93   89   85
   82   79   78   77   77   77   76   75   73   71   69   66   65   65   66   68
   71   74   76   77   75   72   67   60   53   47   43   41   44   50   60   73
   88  104  120  136  149  161  170  176  180
    67.5-180.0 180.0   5.0 450.0                            LAT/LON1/LON2/DLON/H
  223  224  223  223  224  227  232  239  244  245  240  227  207  180  151  122
   97   78   66   63   65   71   79   87   92   94   94   91   87   82   77   73
   70   68   67   67   68   68   69   68   66   64   61   58   55   54   55   56
   59   61   63   64   62   57   51   43   34   28   24   25   31   42   58   78
   99  122  145  166  184  200  212  219  223
    65.0-180.0 180.0   5.0 450.0                            LAT/LON1/LON2/DLON/H
  260  259  256  252  249  250  254  260  266  269  266  254  232  204  171  138
  109   87   74   68   69   74   79   84   86   85   82   77   71   66   61   57
   54   52   51   51   52   54   55   55   54   52   49   46   43   42   42   43
   45   48   50   50   48   43   36   27   18   11    8   11   21   37   58   83
  110  138  165  191  213  232  246  256  260
    62.5-180.0 180.0   5.0 450.0                            LAT/LON1/LON2/DLON/H
  285  285  280  273  267  264  267  273  281  287  286  277  257  230  197  163
  132  108   92   83   81   81   81   80   77   72   66   60   55   50   46   43
   40   37   36   36   37   38   40   41   41   40   37   35   32   31   30   31
   34   36   38   39   37   33   25   16    7    0    0    3   15   35   60   89
  119  150  179  206  231  252  269  280  285
    60.0-180.0 180.0   5.0 450.0                            LAT/LON1/LON2/DLON/H
  299  300  295  286  278  273  273  279  288  297  300  294  279  255  225  193
  163  138  119  106   97   91   85   77   69   60   52   47   44   41   40   37
   34   31   28   26   26   27   28   30   30   30   29   26   24   23   22   23
   25   28   30   31   30   26   20   11    2    0    0    1   16   37   65   96
  127  157  185  212  236  258  277  291  299
    57.5-180.0 180.0   5.0 450.0                            LAT/LON1/LON2/DLON/H
  303  307  304  296  287  280  278  283  292  301  307  306  296  278  253  225
  197  171  149  131  116  102   89   75   62   52   45   42   42   44   45   44
   41   36   31   27   25   24   25   26   27   27   26   24   22   21   20   20
   22   24   26   28   28   25   20   13    5    0    0    5   21   44   72  103
  133  161  186  210  232  254  275  292  303
    55.0-180.0 180.0   5.0 450.0                            LAT/LON1/LON2/DLON/H
  305  314  315  310  301  293  289  291  297  304  310  311  307  295  277  254
  229  202  177  154  133  113   94   77   62   51   46   47   52   58   62   62
   58   51   44   37   33   31   30   31   31   31   30   29   27   25   24   23
   23   24   26   29   30   29   26   20   13    8    7   15   30   54   82  112
  140  165  187  207  227  247  269  289  305
    52.5-180.0 180.0   5.0 450.0                            LAT/LON1/LON2/DLON/H
  310  325  332  331  325  317  310  308  309  311  314  315  312  306  294  276
  254  228  200  173  147  123  102   83   68   59   58   63   71   80   85   85
   79   70   60   52   47   44   43   43   43   42   41   39   37   34   32   31
   30   30   32   34   36   37   36   32   26   21   20   27   43   66   94  123
  149  172  191  208  225  245  267  290  310
    50.0-180.0 180.0   5.0 450.0                            LAT/LON1/LON2/DLON/H
  323  343  356  360  358  351  344  336  331  326  322  319  316  312  304  291
  270  244  215  185  158  134  113   95   83   76   77   83   93  101  105  103
   95   84   74   66   61   59   58   58   58   57   56   53   50   47   44   42
   41   40   41   43   46   48   48   45   40   35   34   41   56   79  107  135
  161  183  200  216  233  252  274  299  323
    47.5-180.0 180.0   5.0 450.0                            LAT/LON1/LON2/DLON/H
  344  367  385  395  397  393  385  374  362  348  336  326  320  316  310  299
  279  253  223  193  167  145  128  114  103   98   98  103  110  115  115  108
   98   87   79   73   71   71   71   72   72   72   70   68   64   61   58   56
   54   53   54   55   58   61   61   59   54   50   49   55   71   93  121  149
  175  197  216  234  251  271  293  318  344
    45.0-180.0 180.0   5.0 450.0                            LAT/LON1/LON2/DLON/H
  369  394  414  429  435  434  427  415  398  377  356  339  328  321  315  303
  284  258  229  202  179  161  147  136  126  119  116  115  116  115  110   99
   88   78   72   71   74   77   80   82   84   84   83   80   77   73   71   69
   68   68   68   69   71   73   74   71   67   63   63   70   85  108  135  163
  189  213  236  257  277  298  320  344  369
    42.5-180.0 180.0   5.0 450.0                            LAT/LON1/LON2/DLON/H
  393  416  437  453  462  465  461  449  431  406  380  357  341  330  321  309
  289  264  238  214  195  181  169  158  146  135  125  118  112  105   94   81
   68   61   60   65   72   79   84   89   91   93   92   90   87   84   83   82
   82   82   82   82   83   84   84   81   78   75   76   85  101  124  151  178
  204  230  256  281  305  327  349  370  393
    40.0-180.0 180.0   5.0 450.0                            LAT/LON1/LON2/DLON/H
  411  430  448  463  473  478  478  471  454  431  403  377  357  344  332  317
  298  275  252  232  216  203  190  176  159  142  126  114  103   92   79   65
   54   49   53   62   73   82   89   93   97  100  100   99   96   93   93   93
   94   95   94   93   93   92   90   88   85   84   89  100  119  142  168  193
  219  245  273  302  329  354  374  393  411
    37.5-180.0 180.0   5.0 450.0                            LAT/LON1/LON2/DLON/H
  422  436  449  460  469  474  478  475  465  446  422  397  376  360  346  330
  312  292  273  256  240  224  206  186  163  141  123  109  100   90   79   67
   59   57   64   74   85   93   98  101  105  108  109  107  105  102  102  103
  104  104  103  100   98   96   93   91   90   92  101  116  138  163  188  211
  234  258  286  317  348  373  393  409  422
    35.0-180.0 180.0   5.0 450.0                            LAT/LON1/LON2/DLON/H
  430  438  445  451  455  459  464  468  465  453  435  414  395  379  363  346
  329  314  299  283  265  242  215  187  160  138  124  117  115  113  109  102
   96   96  101  109  115  118  118  117  118  120  121  119  116  112  111  110
  110  109  106  102   99   95   92   91   92   99  112  133  159  186  211  231
  251  272  298  329  360  387  406  420  430
    32.5-180.0 180.0   5.0 450.0                            LAT/LON1/LON2/DLON/H
  439  444  446  446  444  445  450  457  460  456  444  429  413  397  380  363
  348  337  325  309  284  252  217  183  157  141  138  145  158  170  176  175
  170  167  167  168  165  158  149  142  139  139  138  135  130  124  120  117
  114  110  105  100   95   91   89   89   94  105  124  150  180  210  236  255
  271  289  311  340  370  397  418  431  439
    30.0-180.0 180.0   5.0 450.0                            LAT/LON1/LON2/DLON/H
  459  464  463  458  451  447  450  457  462  462  455  444  430  414  396  379
  366  358  348  329  297  256  214  181  162  160  175  202  233  260  276  278
  272  263  254  243  227  208  190  175  167  164  160  155  147  138  131  123
  115  107  100   94   89   86   85   87   96  111  135  167  201  235  263  282
  297  311  330  355  384  411  434  449  459
    27.5-180.0 180.0   5.0 450.0                            LAT/LON1/LON2/DLON/H
  495  503  503  495  485  477  475  479  482  481  474  464  450  433  413  394
  382  375  364  342  303  257  215  189  184  201  237  284  332  371  393  395
  384  366  344  320  291  260  232  211  198  191  185  176  166  154  142  129
  116  104   94   86   82   80   81   86   98  119  147  182  221  258  289  312
  327  340  356  378  406  434  460  480  495
    25.0-180.0 180.0   5.0 450.0                            LAT/LON1/LON2/DLON/H
  548  562  566  560  549  538  533  531  528  520  508  493  477  456  433  411
  397  389  376  350  308  262  227  215  229  267  320  381  439  482  502  500
  481  451  418  381  341  302  267  242  226  217  208  197  184  169  153  135
  117  101   88   80   77   76   80   88  103  127  159  198  239  280  314  341
  360  375  390  411  438  468  498  526  548
    22.5-180.0 180.0   5.0 450.0                            LAT/LON1/LON2/DLON/H
  613  635  646  645  636  627  619  611  599  580  558  536  514  488  460  434
  416  404  388  359  318  280  259  266  299  351  414  477  532  568  580  567
  538  499  457  412  367  324  287  262  246  236  226  214  198  181  162  141
  119  100   85   78   75   76   81   92  111  138  172  212  255  298  337  369
  393  412  430  451  478  511  547  582  613
    20.0-180.0 180.0   5.0 450.0                            LAT/LON1/LON2/DLON/H
  680  710  728  734  732  727  721  708  687  656  623  592  563  533  499  468
  443  425  405  376  341  316  315  340  386  443  500  551  590  609  605  580
  542  498  453  407  362  322  290  268  255  247  237  224  207  189  169  146
  122  101   86   79   77   80   86   99  120  150  186  227  270  314  356  393
  423  448  470  494  522  557  598  641  680
    17.5-180.0 180.0   5.0 450.0                            LAT/LON1/LON2/DLON/H
  738  774  799  812  817  820  818  805  778  738  695  656  623  589  551  514
  483  459  435  407  383  375  392  431  479  525  562  588  599  594  572  537
  496  453  411  371  333  301  277  262  254  249  240  227  211  193  172  150
  126  106   92   85   84   86   93  107  131  162  200  242  285  329  372  412
  447  478  505  532  562  600  645  692  738
    15.0-180.0 180.0   5.0 450.0                            LAT/LON1/LON2/DLON/H
  777  816  843  862  875  887  892  883  854  810  763  722  688  653  614  573
  537  506  479  456  444  453  484  526  562  583  587  577  557  528  492  452
  414  379  348  319  293  271  257  250  248  245  237  225  209  192  174  153
  132  113  101   95   93   95  102  116  141  175  214  256  300  343  385  426
  464  499  530  560  593  632  678  729  777
    12.5-180.0 180.0   5.0 450.0                            LAT/LON1/LON2/DLON/H
  792  830  857  877  895  915  929  927  902  861  816  779  749  718  681  640
  600  565  538  520  520  542  577  609  620  604  568  523  476  430  388  352
  325  305  289  273  259  248  243  241  242  240  233  221  206  191  175  157
  139  123  112  107  105  105  110  124  150  186  227  271  314  356  396  436
  474  510  544  576  610  649  695  745  792
    10.0-180.0 180.0   5.0 450.0                            LAT/LON1/LON2/DLON/H
  786  819  842  859  879  904  925  932  915  882  847  819  799  777  745  707
  667  631  604  592  601  628  657  666  641  584  512  440  378  328  291  270
  260  258  257  253  249  245  243  243  243  239  232  219  205  191  178  163
  148  135  126  120  117  115  118  132  158  196  239  284  328  368  406  442
  477  512  546  579  613  651  695  743  786
     7.5-180.0 180.0   5.0 450.0                            LAT/LON1/LON2/DLON/H
  765  792  808  820  838  864  890  903  896  875  853  839  832  820  798  765
  728  694  670  663  675  699  712  689  625  531  433  351  291  252  232  231
  242  257  268  272  272  269  265  261  255  247  237  223  209  197  185  173
  160  149  140  134  129  124  126  139  165  204  249  295  339  379  413  445
  475  507  540  572  605  641  683  727  765
     5.0-180.0 180.0   5.0 450.0                            LAT/LON1/LON2/DLON/H
  740  762  772  778  790  813  839  856  857  847  839  840  846  846  833  808
  776  746  725  721  732  746  734  678  578  459  353  279  238  223  229  250
  279  307  324  329  327  319  308  294  279  264  250  235  221  209  198  188
  176  165  155  148  141  134  134  146  173  212  257  303  347  386  418  445
  471  499  529  560  591  626  665  705  740
     2.5-180.0 180.0   5.0 450.0                            LAT/LON1/LON2/DLON/H
  718  739  746  748  755  772  794  810  814  813  816  829  845  854  849  832
  807  782  764  760  766  764  727  640  515  387  292  244  236  252  283  323
  364  395  411  411  401  385  363  337  311  288  270  254  241  229  219  208
  195  182  171  162  153  145  143  155  181  220  264  309  352  390  420  443
  465  489  516  545  576  609  646  685  718
