static/ion/2023-12-24.23i
     1.0            IONOSPHERE MAPS     GNSS                IONEX VERSION / TYPE
IONINX V5.5         AIUB                23-DEC-23 07:44     PGM / RUN BY / DATE 
CODE'S 2-DAY PREDICTED IONOSPHERE MAPS FOR DAY 358, 2023    COMMENT             
Global ionosphere maps (GIM) are generated on a daily basis DESCRIPTION         
at CODE using data from about 120 GNSS sites of the IGS and DESCRIPTION         
other institutions. The vertical total electron content     DESCRIPTION         
(VTEC) is modeled in a solar-geomagnetic reference frame    DESCRIPTION         
using a spherical harmonics expansion up to degree and      DESCRIPTION         
order 15. Piece-wise linear functions are used for          DESCRIPTION         
representation in the time domain. The time spacing of      DESCRIPTION         
their vertices is 1 hour, conforming with the epochs of the DESCRIPTION         
VTEC maps.                                                  DESCRIPTION         
To convert line-of-sight TEC into vertical TEC, a modified  DESCRIPTION         
single-layer model mapping function approximating the JPL   DESCRIPTION         
extended slab model mapping function is adopted. The        DESCRIPTION         
mapping function is evaluated at geodetic satellite         DESCRIPTION         
elevation angles. For the computation of the ionospheric    DESCRIPTION         
pierce points, a spherical layer with a radius of 6821 km   DESCRIPTION         
is assumed, implying geocentric, not geodetic IONEX         DESCRIPTION         
latitudes.                                                  DESCRIPTION         
Instrumental biases with respect to each involved GNSS code DESCRIPTION         
observable are estimated as constant values for each        DESCRIPTION         
day. They are modeled with one set of bias parameters for   DESCRIPTION         
each satellite and each station in case of GPS and for each DESCRIPTION         
satellite-station link in case of GLONASS. The code bias    DESCRIPTION         
datum is defined by zero-mean conditions imposed on the     DESCRIPTION         
satellite bias estimates. In this file, just GPS C1W-C2W    DESCRIPTION         
satellite and station bias values are included. The         DESCRIPTION         
complete set of GNSS code bias results is provided in an    DESCRIPTION         
additional Bias-SINEX file as pseudo-absolute values        DESCRIPTION         
specific to each observable.                                DESCRIPTION         
Contact address: code(at)aiub.unibe.ch                      DESCRIPTION         
Data archive:    ftp.aiub.unibe.ch/CODE/                    DESCRIPTION         
                 www.aiub.unibe.ch/download/CODE/           DESCRIPTION         
  2023    12    24     0     0     0                        EPOCH OF FIRST MAP  
  2023    12    25     0     0     0                        EPOCH OF LAST MAP   
  3600                                                      INTERVAL            
    25                                                      # OF MAPS IN FILE   
  NONE                                                      MAPPING FUNCTION    
    10.0                                                    ELEVATION CUTOFF    
One-way carrier phase leveled to code                       OBSERVABLES USED    
  6371.0                                                    BASE RADIUS         
     2                                                      MAP DIMENSION       
   450.0 450.0   0.0                                        HGT1 / HGT2 / DHGT  
    87.5 -87.5  -2.5                                        LAT1 / LAT2 / DLAT  
  -180.0 180.0   5.0                                        LON1 / LON2 / DLON  
    -1                                                      EXPONENT            
TEC/RMS values in 0.1 TECU; 9999, if no value available     COMMENT             
                                                            END OF HEADER       
[from data line 3861]
    10                                                      START OF TEC MAP    
  2023    12    24     9     0     0                        EPOCH OF CURRENT MAP
    87.5-180.0 180.0   5.0 450.0                            LAT/LON1/LON2/DLON/H
   49   50   51   52   53   54   55   56   58   59   61   62   63   64   66   67
   68   69   70   71   72   72   73   74   74   74   75   75   75   75   75   75
   75   75   74   74   73   73   72   71   71   70   69   68   67   66   65   64
   63   62   60   59   58   57   56   55   54   53   52   51   50   49   49   48
   48   47   47   47   47   48   48   48   49
    85.0-180.0 180.0   5.0 450.0                            LAT/LON1/LON2/DLON/H
   42   43   44   46   48   51   53   56   58   61   63   66   69   71   73   75
   77   78   79   81   82   82   83   84   85   85   86   86   86   87   87   87
   87   87   87   87   87   86   86   85   84   83   82   81   79   78   77   75
   73   72   70   68   66   65   63   61   59   57   55   53   51   49   48   46
   45   43   42   41   41   41   41   41   42
    82.5-180.0 180.0   5.0 450.0                            LAT/LON1/LON2/DLON/H
   40   41   42   44   46   49   52   56   60   63   67   70   73   76   78   80
   82   83   84   85   85   86   86   86   87   88   88   89   90   92   93   94
   95   96   97   98   99   99  100  100  100  100   99   99   98   97   96   95
   94   93   91   90   88   86   84   82   79   77   74   71   68   65   61   58
   55   52   49   46   44   42   41   40   40
    80.0-180.0 180.0   5.0 450.0                            LAT/LON1/LON2/DLON/H
   45   44   44   45   47   50   53   57   61   65   69   72   75   78   80   81
   82   82   82   82   81   81   81   81   81   82   83   85   87   90   92   95
   98  101  104  106  109  111  113  115  117  118  120  121  121  122  123  123
  123  123  123  122  121  120  119  117  114  111  108  104  100   95   90   84
   79   73   68   62   57   53   50   47   45
    77.5-180.0 180.0   5.0 450.0                            LAT/LON1/LON2/DLON/H
   55   52   50   49   50   52   54   58   62   65   69   72   75   77   78   78
   78   77   76   74   73   71   70   70   71   72   74   76   79   83   87   92
   97  102  107  111  116  121  125  130  134  138  142  145  149  152  155  157
  159  161  162  163  163  163  162  160  158  155  151  146  140  134  127  119
  111  103   94   86   79   71   65   59   55
    75.0-180.0 180.0   5.0 450.0                            LAT/LON1/LON2/DLON/H
   68   62   58   56   55   55   57   59   62   65   68   70   72   73   73   72
   71   69   67   65   63   61   60   60   61   62   64   68   72   76   81   87
   93  100  107  114  121  128  135  143  150  157  164  171  178  184  189  194
  198  202  204  206  207  207  206  204  202  198  193  187  180  172  163  154
  144  133  122  112  102   92   83   75   68
    72.5-180.0 180.0   5.0 450.0                            LAT/LON1/LON2/DLON/H
   80   73   67   63   61   60   61   62   64   66   67   68   69   69   68   67
   65   63   61   59   57   55   55   55   56   58   60   64   67   72   77   83
   90   97  105  114  124  133  143  154  165  175  186  197  207  216  225  231
  237  241  244  245  245  245  243  240  237  232  226  219  210  200  190  178
  167  155  143  131  120  109   99   89   80
    70.0-180.0 180.0   5.0 450.0                            LAT/LON1/LON2/DLON/H
   89   81   74   70   67   66   66   66   67   67   67   67   66   65   64   63
   62   60   59   58   57   56   56   57   59   61   63   66   69   72   75   80
   87   94  104  114  125  138  151  164  179  193  208  222  236  248  258  266
  272  276  277  277  275  272  268  263  258  251  244  234  223  211  199  186
  173  161  149  139  128  118  108   98   89
    67.5-180.0 180.0   5.0 450.0                            LAT/LON1/LON2/DLON/H
   91   84   78   74   71   71   71   71   71   70   69   67   65   63   62   61
   61   61   61   62   62   63   65   67   69   71   72   73   74   74   76   79
   85   92  103  115  128  143  159  176  193  211  229  247  263  277  289  298
  302  304  303  299  293  287  280  272  264  255  244  232  219  204  189  175
  161  150  139  131  123  115  107   99   91
    65.0-180.0 180.0   5.0 450.0                            LAT/LON1/LON2/DLON/H
   87   81   77   74   73   73   74   75   75   74   71   68   64   62   61   61
   62   64   66   68   70   72   75   78   81   83   84   83   80   78   77   79
   83   92  104  118  134  151  170  189  209  230  251  271  290  305  317  325
  328  327  322  314  304  293  282  271  260  247  234  219  202  184  166  149
  135  124  116  110  106  102   97   92   87
    62.5-180.0 180.0   5.0 450.0                            LAT/LON1/LON2/DLON/H
   77   74   71   70   71   73   76   78   79   77   73   69   65   62   61   62
   65   68   71   74   77   80   84   88   91   93   92   89   85   80   77   78
   83   94  108  125  144  164  185  206  228  251  273  295  315  331  343  349
  350  346  337  325  310  295  281  266  252  237  221  202  182  160  139  119
  103   92   86   83   83   83   82   80   77
    60.0-180.0 180.0   5.0 450.0                            LAT/LON1/LON2/DLON/H
   67   65   64   64   67   70   75   78   79   78   75   69   64   61   60   62
   66   70   74   77   80   83   87   91   95   97   95   91   84   78   74   76
   85   99  117  138  160  183  205  227  250  273  296  318  338  354  365  370
  369  363  351  336  319  301  283  266  249  232  213  192  168  143  117   95
   77   65   59   59   61   64   67   68   67
    57.5-180.0 180.0   5.0 450.0                            LAT/LON1/LON2/DLON/H
   60   59   58   59   62   66   71   75   78   77   74   69   64   60   59   61
   65   70   74   76   78   80   83   87   91   93   91   85   78   72   70   75
   88  108  131  157  182  205  228  250  272  295  318  339  358  373  384  388
  386  379  367  351  332  313  293  274  256  238  217  194  168  139  110   85
   64   51   44   44   48   53   57   59   60
    55.0-180.0 180.0   5.0 450.0                            LAT/LON1/LON2/DLON/H
   60   59   58   58   60   63   67   72   75   75   73   68   63   59   58   60
   64   68   71   72   73   73   75   78   82   83   81   75   68   64   66   76
   95  121  150  179  206  230  252  273  294  315  337  357  374  388  398  402
  401  395  384  369  351  331  311  292  273  254  233  209  181  151  120   91
   69   53   46   45   48   53   57   59   60
    52.5-180.0 180.0   5.0 450.0                            LAT/LON1/LON2/DLON/H
   68   67   65   64   63   64   67   70   72   73   71   67   63   59   58   59
   63   67   69   69   67   66   66   68   71   72   69   64   58   57   63   80
  106  138  172  204  232  255  276  295  314  333  352  369  385  397  406  411
  411  407  399  387  372  353  334  314  295  275  254  230  202  172  140  111
   88   71   62   59   60   63   66   68   68
    50.0-180.0 180.0   5.0 450.0                            LAT/LON1/LON2/DLON/H
   83   82   80   77   74   72   71   71   72   73   72   69   65   61   60   61
   64   67   69   68   65   63   61   62   64   64   61   56   52   54   65   88
  120  157  194  227  254  276  295  312  329  346  362  377  390  400  408  413
  416  415  411  402  389  373  354  334  314  293  272  248  222  194  164  137
  113   96   86   81   79   80   82   83   83
    47.5-180.0 180.0   5.0 450.0                            LAT/LON1/LON2/DLON/H
  100  100   99   96   91   86   81   78   77   77   76   74   71   67   66   66
   69   72   74   73   71   67   65   64   64   62   58   53   50   55   71   99
  136  176  214  246  272  292  309  325  341  355  369  380  390  398  404  410
  414  416  415  410  400  385  366  345  323  301  280  257  233  207  181  157
  136  120  109  102   99   98   98   99  100
    45.0-180.0 180.0   5.0 450.0                            LAT/LON1/LON2/DLON/H
  113  117  118  117  111  104   96   90   86   85   85   83   80   77   75   76
   78   82   85   85   83   80   77   75   72   69   63   57   55   63   82  113
  152  192  229  259  282  301  318  334  349  363  373  382  388  393  398  403
  407  410  411  409  401  387  369  346  322  298  275  253  231  208  186  166
  149  135  124  116  111  109  108  110  113
    42.5-180.0 180.0   5.0 450.0                            LAT/LON1/LON2/DLON/H
  119  126  131  132  129  122  113  105   99   97   96   95   93   90   88   88
   91   96  100  102  101   99   95   92   87   81   73   66   65   74   95  127
  166  204  238  265  287  306  324  341  357  370  378  384  387  389  392  396
  399  402  404  402  396  383  364  340  313  287  262  240  218  198  180  163
  150  138  128  120  114  110  110  113  119
    40.0-180.0 180.0   5.0 450.0                            LAT/LON1/LON2/DLON/H
  115  124  133  139  139  134  126  118  112  109  108  108  106  104  102  103
  106  111  117  121  122  120  116  111  105   97   87   79   78   88  110  141
  177  212  242  267  289  309  330  350  367  379  387  390  391  391  392  393
  395  397  398  397  391  379  360  336  308  279  253  229  207  187  170  156
  144  134  125  117  110  105  104  107  115
    37.5-180.0 180.0   5.0 450.0                            LAT/LON1/LON2/DLON/H
  105  115  126  134  138  137  132  126  121  119  118  118  118  117  116  117
  120  126  132  137  139  138  135  129  121  111  100   91   90  101  124  154
  187  218  245  269  291  315  339  362  381  394  400  402  402  401  401  401
  401  402  402  402  398  387  370  346  318  289  261  234  210  189  171  156
  144  133  124  114  105   99   96   98  105
    35.0-180.0 180.0   5.0 450.0                            LAT/LON1/LON2/DLON/H
   95  102  111  120  127  130  129  127  124  122  123  124  126  126  127  129
  132  138  144  149  152  151  147  142  133  122  109  101  102  114  138  167
  197  225  250  274  299  326  354  379  400  413  421  423  423  423  423  422
  422  422  423  424  423  416  402  381  355  327  298  270  243  218  195  176
  161  147  135  123  112  102   95   93   95
    32.5-180.0 180.0   5.0 450.0                            LAT/LON1/LON2/DLON/H
   96   95   98  104  110  115  118  119  119  120  122  125  128  131  134  136
  140  145  150  155  157  157  153  147  139  127  116  109  111  127  152  182
  210  236  260  286  314  345  375  403  424  439  447  452  455  457  458  459
  459  461  465  469  472  470  461  445  423  398  370  341  311  280  252  226
  204  186  169  153  138  124  111  102   96
    30.0-180.0 180.0   5.0 450.0                            LAT/LON1/LON2/DLON/H
  116  103   96   93   95   99  103  107  110  112  116  120  126  132  136  140
  143  147  152  155  157  156  153  148  140  130  119  114  120  140  168  199
  228  254  279  307  338  371  403  431  453  468  480  488  495  501  505  508
  511  516  524  535  543  547  544  534  518  497  472  443  411  376  341  307
  278  252  230  209  189  169  150  132  116
    27.5-180.0 180.0   5.0 450.0                            LAT/LON1/LON2/DLON/H
  158  133  112   98   91   90   93   97  100  104  108  114  121  129  135  140
  143  146  150  152  153  153  150  146  140  130  121  119  130  154  187  222
  252  279  306  336  370  404  436  462  483  501  516  529  541  552  559  565
  572  582  596  613  627  637  640  635  625  610  590  563  531  492  451  411
  373  341  313  287  263  238  212  185  158
    25.0-180.0 180.0   5.0 450.0                            LAT/LON1/LON2/DLON/H
  220  184  151  124  106   96   94   95   97  100  104  110  117  125  132  137
  141  144  146  149  149  149  148  145  140  131  124  125  141  171  210  248
  282  311  340  372  407  440  470  494  514  533  553  572  590  604  615  625
  636  651  670  692  711  725  732  732  728  719  703  681  650  611  567  521
  477  439  406  377  349  321  290  256  220
    22.5-180.0 180.0   5.0 450.0                            LAT/LON1/LON2/DLON/H
  294  251  208  170  141  122  111  107  106  106  107  111  117  124  131  135
  138  141  144  146  148  148  148  146  142  135  129  133  153  189  234  277
  314  345  376  410  445  476  502  524  544  566  590  615  637  654  667  679
  693  712  735  760  781  796  804  807  806  802  792  775  747  711  666  618
  571  528  493  462  433  403  371  334  294
    20.0-180.0 180.0   5.0 450.0                            LAT/LON1/LON2/DLON/H
  366  323  277  232  194  165  146  135  129  124  121  121  124  128  132  135
  138  141  144  147  149  150  151  150  146  140  135  142  167  209  258  306
  345  379  412  446  479  508  532  551  571  596  624  653  678  698  711  723
  738  758  782  806  825  837  844  847  849  848  842  830  808  775  733  686
  637  594  557  526  498  470  439  405  366
    17.5-180.0 180.0   5.0 450.0                            LAT/LON1/LON2/DLON/H
  423  385  342  297  254  220  194  177  164  154  146  141  138  137  137  138
  140  143  148  152  154  156  156  156  152  145  142  152  181  227  281  331
  373  408  441  475  507  534  556  574  596  622  654  685  712  731  743  754
  768  787  807  826  840  847  850  851  852  852  850  842  825  798  760  715
  668  624  588  558  532  508  482  455  423
    15.0-180.0 180.0   5.0 450.0                            LAT/LON1/LON2/DLON/H
  452  425  391  351  311  275  246  224  207  192  179  167  158  152  147  145
  146  149  154  158  160  161  162  160  156  150  149  161  194  243  299  351
  393  429  463  496  527  553  574  593  616  645  677  709  735  753  764  773
  784  799  813  824  830  830  827  825  824  824  823  817  804  782  749  708
  663  620  584  555  532  511  492  473  452
    12.5-180.0 180.0   5.0 450.0                            LAT/LON1/LON2/DLON/H
  449  435  414  384  351  318  291  268  249  230  213  196  182  170  161  156
  155  158  162  165  166  166  165  162  157  152  153  169  205  256  313  364
  406  442  476  509  539  565  587  608  633  662  694  724  749  765  774  782
  790  800  807  809  805  798  791  785  782  781  778  772  761  742  713  675
  631  588  551  523  501  483  469  459  449
    10.0-180.0 180.0   5.0 450.0                            LAT/LON1/LON2/DLON/H
  417  414  406  389  366  342  320  300  280  261  241  222  204  189  177  169
  166  167  170  171  170  167  164  160  154  151  155  176  214  266  321  371
  412  447  481  513  544  571  595  619  644  673  703  730  752  768  778  785
  792  797  797  792  781  769  758  750  745  740  735  727  716  697  670  632
  588  543  505  475  452  435  424  418  417
     7.5-180.0 180.0   5.0 450.0                            LAT/LON1/LON2/DLON/H
  367  371  372  366  355  341  327  312  296  278  259  239  221  204  190  181
  177  176  176  174  170  165  160  154  149  148  157  182  223  274  326  372
  412  447  480  513  544  572  599  625  651  677  704  728  749  764  777  787
  795  798  794  784  769  755  744  735  728  720  711  699  684  664  635  597
  551  504  461  427  401  382  369  365  367
     5.0-180.0 180.0   5.0 450.0                            LAT/LON1/LON2/DLON/H
  314  319  324  326  324  320  314  305  293  278  262  245  229  214  200  190
  185  182  179  175  168  160  154  148  144  146  160  188  231  280  328  371
  408  443  476  509  540  570  599  626  652  676  699  720  740  758  775  790
  801  806  802  791  778  765  755  747  738  727  713  696  676  652  621  582
  533  482  434  395  364  340  323  314  314
     2.5-180.0 180.0   5.0 450.0                            LAT/LON1/LON2/DLON/H
  274  274  278  283  286  287  287  283  274  263  251  239  227  215  204  195
  189  184  179  172  163  155  147  142  140  146  164  196  239  285  329  368
  403  438  471  503  535  566  596  624  649  670  690  709  729  750  773  795
  812  821  821  814  805  797  791  783  773  758  739  716  691  663  630  588
  538  483  431  387  351  322  298  282  274
