static/ion/2023-12-08.23i
     1.0            IONOSPHERE MAPS     GNSS                IONEX VERSION / TYPE
IONINX V5.5         AIUB                07-DEC-23 10:27     PGM / RUN BY / DATE 
CODE'S 2-DAY PREDICTED IONOSPHERE MAPS FOR DAY 342, 2023    COMMENT             
Global ionosphere maps (GIM) are generated on a daily basis DESCRIPTION         
at CODE using data from about 120 GNSS sites of the IGS and DESCRIPTION         
other institutions. The vertical total electron content     DESCRIPTION         
(VTEC) is modeled in a solar-geomagnetic reference frame    DESCRIPTION         
using a spherical harmonics expansion up to degree and      DESCRIPTION         
order 15. Piece-wise linear functions are used for          DESCRIPTION         
representation in the time domain. The time spacing of      DESCRIPTION         
their vertices is 1 hour, conforming with the epochs of the DESCRIPTION         
VTEC maps.                                                  DESCRIPTION         
To convert line-of-sight TEC into vertical TEC, a modified  DESCRIPTION         
single-layer model mapping function approximating the JPL   DESCRIPTION         
extended slab model mapping function is adopted. The        DESCRIPTION         
mapping function is evaluated at geodetic satellite         DESCRIPTION         
elevation angles. For the computation of the ionospheric    DESCRIPTION         
pierce points, a spherical layer with a radius of 6821 km   DESCRIPTION         
is assumed, implying geocentric, not geodetic IONEX         DESCRIPTION         
latitudes.                                                  DESCRIPTION         
Instrumental biases with respect to each involved GNSS code DESCRIPTION         
observable are estimated as constant values for each        DESCRIPTION         
day. They are modeled with one set of bias parameters for   DESCRIPTION         
each satellite and each station in case of GPS and for each DESCRIPTION         
satellite-station link in case of GLONASS. The code bias    DESCRIPTION         
datum is defined by zero-mean conditions imposed on the     DESCRIPTION         
satellite bias estimates. In this file, just GPS C1W-C2W    DESCRIPTION         
satellite and station bias values are included. The         DESCRIPTION         
complete set of GNSS code bias results is provided in an    DESCRIPTION         
additional Bias-SINEX file as pseudo-absolute values        DESCRIPTION         
specific to each observable.                                DESCRIPTION         
Contact address: code(at)aiub.unibe.ch                      DESCRIPTION         
Data archive:    ftp.aiub.unibe.ch/CODE/                    DESCRIPTION         
                 www.aiub.unibe.ch/download/CODE/           DESCRIPTION         
  2023    12     8     0     0     0                        EPOCH OF FIRST MAP  
  2023    12     9     0     0     0                        EPOCH OF LAST MAP   
  3600                                                      INTERVAL            
    25                                                      # OF MAPS IN FILE   
  NONE                                                      MAPPING FUNCTION    
    10.0                                                    ELEVATION CUTOFF    
One-way carrier phase leveled to code                       OBSERVABLES USED    
  6371.0                                                    BASE RADIUS         
     2                                                      MAP DIMENSION       
   450.0 450.0   0.0                                        HGT1 / HGT2 / DHGT  
    87.5 -87.5  -2.5                                        LAT1 / LAT2 / DLAT  
  -180.0 180.0   5.0                                        LON1 / LON2 / DLON  
    -1                                                      EXPONENT            
TEC/RMS values in 0.1 TECU; 9999, if no value available     COMMENT             
                                                            END OF HEADER       
[from data line 858]
     3                                                      START OF TEC MAP    
  2023    12     8     2     0     0                        EPOCH OF CURRENT MAP
    87.5-180.0 180.0   5.0 450.0                            LAT/LON1/LON2/DLON/H
   93   92   91   90   88   87   86   84   83   82   80   79   78   76   75   74
   73   72   71   70   69   68   67   66   65   65   64   64   63   63   63   64
   64   64   65   65   66   67   68   69   71   72   73   75   76   77   79   80
   82   83   85   86   88   89   90   91   93   94   95   96   96   97   97   98
   98   98   97   97   97   96   95   94   93
    85.0-180.0 180.0   5.0 450.0                            LAT/LON1/LON2/DLON/H
  101   99   96   93   90   87   85   82   80   77   75   73   71   69   67   65
   64   62   60   58   56   54   52   51   49   47   46   45   44   44   44   44
   44   45   46   48   50   52   54   56   58   61   63   66   68   71   73   76
   79   81   84   86   89   92   94   97  100  102  104  107  108  110  111  112
  112  112  112  111  110  108  106  104  101
    82.5-180.0 180.0   5.0 450.0                            LAT/LON1/LON2/DLON/H
  109  104   99   94   89   84   80   76   73   69   67   65   63   61   59   57
   56   54   52   50   47   44   41   38   35   33   30   28   26   25   25   25
   26   28   30   33   36   39   43   46   49   53   56   59   62   65   67   70
   73   76   79   82   85   89   93   98  102  106  111  115  118  122  124  126
  128  128  128  126  124  121  117  113  109
    80.0-180.0 180.0   5.0 450.0                            LAT/LON1/LON2/DLON/H
  119  112  104   96   89   82   76   70   65   61   58   56   54   53   52   52
   51   50   48   46   43   40   36   32   27   23   19   16   13   12   11   12
   14   16   20   24   28   33   38   42   47   50   53   56   58   60   62   64
   66   68   71   74   78   83   88   94  101  107  114  121  128  133  138  142
  145  147  147  145  142  138  133  126  119
    77.5-180.0 180.0   5.0 450.0                            LAT/LON1/LON2/DLON/H
  136  126  115  105   94   85   76   68   62   57   53   50   48   48   48   48
   48   48   48   47   45   41   37   32   27   21   16   12    8    6    6    7
    9   13   18   23   29   35   40   46   50   54   56   58   59   59   59   59
   59   60   62   64   69   74   81   89   97  107  117  127  137  146  154  161
  166  169  170  169  166  161  154  146  136
    75.0-180.0 180.0   5.0 450.0                            LAT/LON1/LON2/DLON/H
  161  148  135  121  108   96   85   75   66   59   53   49   46   45   45   46
   48   49   51   51   51   48   45   39   33   27   21   16   12   10    9   10
   13   18   23   29   36   42   48   54   58   61   62   63   62   60   57   55
   53   53   53   56   60   66   74   83   95  107  120  133  146  159  170  180
  188  193  196  197  194  189  182  172  161
    72.5-180.0 180.0   5.0 450.0                            LAT/LON1/LON2/DLON/H
  190  176  161  145  130  115  101   89   78   68   59   52   47   45   44   45
   48   51   55   58   59   58   56   51   45   39   32   27   23   20   20   21
   24   29   34   40   46   52   58   62   66   68   69   67   65   61   57   53
   49   47   47   49   53   60   70   81   94  109  124  140  156  171  186  198
  209  217  223  225  224  220  212  202  190
    70.0-180.0 180.0   5.0 450.0                            LAT/LON1/LON2/DLON/H
  220  205  189  172  155  139  123  109   95   82   71   61   52   47   44   45
   48   53   58   64   67   69   67   64   58   52   46   41   37   35   34   35
   38   41   44   49   53   58   63   67   70   72   72   70   66   61   56   50
   46   43   43   46   51   59   69   82   97  113  130  148  165  183  199  214
  227  237  245  249  251  248  242  232  220
    67.5-180.0 180.0   5.0 450.0                            LAT/LON1/LON2/DLON/H
  245  230  214  196  179  162  145  130  114   99   85   71   60   51   46   45
   48   53   61   68   73   76   77   74   69   64   58   53   50   48   48   48
   48   49   51   53   55   58   62   65   69   70   70   69   65   59   54   48
   43   41   41   45   51   61   72   86  102  119  137  155  174  192  209  225
  239  251  260  267  270  270  265  257  245
    65.0-180.0 180.0   5.0 450.0                            LAT/LON1/LON2/DLON/H
  262  248  232  214  196  178  162  146  130  114   97   82   67   56   48   46
   48   53   61   69   76   79   80   78   74   69   64   60   58   56   55   54
   53   51   50   49   50   51   54   57   61   64   65   64   60   55   50   44
   40   39   41   46   54   65   78   93  109  126  144  163  181  199  216  231
  245  257  268  276  281  282  280  273  262
    62.5-180.0 180.0   5.0 450.0                            LAT/LON1/LON2/DLON/H
  271  257  241  223  204  186  169  153  138  122  106   90   74   61   52   48
   49   54   61   68   74   77   77   75   71   66   62   59   58   57   56   54
   50   47   43   40   39   40   42   46   51   55   57   57   55   50   45   40
   37   37   41   48   58   70   85  100  117  134  152  170  188  204  220  234
  247  259  269  277  283  286  285  280  271
    60.0-180.0 180.0   5.0 450.0                            LAT/LON1/LON2/DLON/H
  274  261  244  225  206  187  169  153  138  124  109   93   79   66   57   52
   52   54   59   64   67   69   68   65   61   57   54   52   51   51   50   47
   43   38   33   29   28   29   32   37   43   47   51   52   50   46   41   36
   34   35   40   50   62   76   92  108  125  142  160  177  194  210  224  236
  247  257  266  274  281  285  286  282  274
    57.5-180.0 180.0   5.0 450.0                            LAT/LON1/LON2/DLON/H
  276  264  248  228  207  185  166  149  134  120  107   94   81   71   63   58
   56   56   57   58   58   57   55   51   47   44   42   41   41   41   40   38
   33   28   24   21   21   24   28   34   40   45   49   50   48   44   38   34
   32   34   41   53   67   83  100  117  134  151  168  186  202  217  229  240
  248  256  264  272  278  283  285  283  276
    55.0-180.0 180.0   5.0 450.0                            LAT/LON1/LON2/DLON/H
  282  272  257  236  213  190  167  147  131  116  103   92   83   74   68   63
   60   57   54   51   48   45   41   38   35   32   31   32   32   33   32   30
   26   23   20   21   23   28   34   40   46   50   53   53   50   45   39   34
   33   36   44   58   74   92  110  127  144  161  179  196  212  226  237  245
  252  259  265  272  278  284  287  287  282
    52.5-180.0 180.0   5.0 450.0                            LAT/LON1/LON2/DLON/H
  294  287  274  255  231  205  179  155  134  117  103   92   84   78   73   68
   63   57   50   44   38   34   31   29   27   27   27   27   28   28   28   26
   24   23   24   28   34   42   49   55   59   62   63   61   57   52   45   39
   37   41   51   66   85  104  123  140  157  174  191  208  224  237  247  254
  259  264  270  277  283  289  294  296  294
    50.0-180.0 180.0   5.0 450.0                            LAT/LON1/LON2/DLON/H
  310  308  299  283  260  232  203  174  148  126  108   95   87   81   76   71
   64   55   46   38   32   28   27   28   28   29   29   30   30   30   29   28
   28   30   35   43   52   62   69   74   76   77   75   73   68   61   54   48
   45   49   61   78   99  120  139  157  173  189  206  222  237  249  257  263
  268  272  278  284  291  298  304  308  310
    47.5-180.0 180.0   5.0 450.0                            LAT/LON1/LON2/DLON/H
  325  328  325  314  295  268  237  204  172  144  121  104   92   85   79   73
   64   54   44   35   31   30   32   35   37   39   39   39   38   36   35   34
   35   40   48   59   72   83   90   94   94   92   89   85   80   74   66   59
   57   62   74   93  116  138  158  175  191  206  221  237  250  260  267  272
  276  280  286  293  300  307  314  320  325
    45.0-180.0 180.0   5.0 450.0                            LAT/LON1/LON2/DLON/H
  334  341  344  339  325  302  272  238  203  170  140  118  101   91   83   75
   65   54   44   38   37   39   44   49   53   54   53   51   48   46   44   43
   44   50   60   74   88  100  107  109  107  104  100   97   93   87   79   72
   70   75   89  109  134  157  178  195  209  223  237  251  262  271  276  280
  283  287  293  300  307  314  320  326  334
    42.5-180.0 180.0   5.0 450.0                            LAT/LON1/LON2/DLON/H
  333  342  349  350  342  325  299  267  232  195  162  134  113   98   88   78
   67   57   50   48   50   56   63   68   70   69   66   63   59   55   52   51
   52   58   69   83   98  110  116  118  115  112  109  107  103   98   91   85
   82   88  102  124  150  174  195  212  226  239  252  263  273  280  284  287
  289  294  299  306  312  317  321  326  333
    40.0-180.0 180.0   5.0 450.0                            LAT/LON1/LON2/DLON/H
  324  331  338  342  339  328  310  283  250  214  180  149  125  108   95   83
   73   66   62   63   69   76   82   86   85   82   77   72   68   64   60   58
   58   63   73   86  100  112  118  120  118  116  115  114  112  108  101   94
   91   97  112  135  162  187  209  226  240  252  264  275  284  290  294  296
  299  303  308  313  317  319  319  321  324
    37.5-180.0 180.0   5.0 450.0                            LAT/LON1/LON2/DLON/H
  315  315  317  319  318  312  300  280  254  222  190  160  136  118  104   92
   83   78   78   83   90   97  100   99   95   89   83   79   75   72   69   65
   64   67   74   86   98  109  115  118  118  118  118  119  118  113  106   98
   95  101  117  142  169  195  217  235  250  263  276  286  295  302  308  312
  315  319  323  327  329  327  323  318  315
    35.0-180.0 180.0   5.0 450.0                            LAT/LON1/LON2/DLON/H
  317  307  299  294  289  284  276  263  243  218  191  166  144  128  114  103
   96   93   96  102  109  113  112  107  100   93   89   86   85   84   81   77
   74   74   78   86   97  106  113  116  118  120  121  122  121  115  107   98
   95  102  119  144  173  200  223  242  259  274  288  300  310  320  329  337
  344  348  351  353  353  349  340  329  317
    32.5-180.0 180.0   5.0 450.0                            LAT/LON1/LON2/DLON/H
  343  321  300  283  270  261  252  242  226  207  186  166  150  136  124  114
  108  107  111  117  121  122  118  110  103   99   98   99  102  102  100   96
   90   87   88   93  100  107  113  117  120  122  124  124  121  113  103   94
   92   99  118  146  175  203  228  249  268  286  303  317  331  345  361  375
  386  392  395  396  395  390  379  363  343
    30.0-180.0 180.0   5.0 450.0                            LAT/LON1/LON2/DLON/H
  401  369  334  303  278  259  245  231  215  197  180  165  153  143  133  124
  118  116  119  124  126  124  118  113  110  111  116  123  129  131  129  123
  116  109  106  107  110  115  119  122  124  125  126  123  118  108   97   89
   87   97  119  149  181  210  236  260  283  304  323  341  359  379  402  424
  441  450  454  456  456  453  444  426  401
    27.5-180.0 180.0   5.0 450.0                            LAT/LON1/LON2/DLON/H
  490  452  408  364  325  295  270  247  224  202  183  169  160  151  141  131
  124  120  121  122  123  121  119  120  125  135  148  159  167  170  167  159
  149  139  132  128  127  128  129  129  129  128  125  120  112  101   90   83
   85   99  124  157  192  224  252  278  304  328  351  371  393  419  450  480
  504  518  525  528  531  533  530  516  490
    25.0-180.0 180.0   5.0 450.0                            LAT/LON1/LON2/DLON/H
  600  563  515  464  416  373  335  298  262  228  202  184  173  162  151  138
  127  120  118  117  118  121  127  138  155  174  193  207  214  215  209  198
  185  172  160  152  147  143  139  136  132  127  122  114  105   94   84   80
   86  105  135  172  210  244  275  304  332  360  384  407  432  463  500  538
  569  588  597  603  611  621  626  621  600
    22.5-180.0 180.0   5.0 450.0                            LAT/LON1/LON2/DLON/H
  714  684  640  590  538  488  437  385  331  282  243  216  197  181  165  148
  133  122  117  116  120  130  148  172  199  226  247  259  263  259  249  235
  218  201  186  174  164  155  147  139  131  123  115  107   97   87   81   81
   92  116  152  193  234  272  305  336  367  396  422  446  472  506  547  590
  626  649  662  671  684  701  718  724  714
    20.0-180.0 180.0   5.0 450.0                            LAT/LON1/LON2/DLON/H
  808  792  759  717  671  620  563  497  427  361  306  265  236  212  189  167
  148  134  128  129  138  158  187  222  256  284  302  308  305  294  279  261
  241  222  204  189  175  162  150  138  126  116  107   98   90   84   81   86
  102  131  172  217  262  302  337  370  403  433  460  484  510  544  586  631
  669  695  709  721  737  761  787  806  808
    17.5-180.0 180.0   5.0 450.0                            LAT/LON1/LON2/DLON/H
  866  864  848  822  788  746  689  617  535  454  384  331  290  257  227  200
  178  164  159  163  179  207  244  284  318  340  348  344  331  314  294  273
  251  231  212  194  178  162  147  132  119  108   99   92   87   84   85   94
  115  148  192  240  288  330  368  402  436  466  493  517  542  574  614  657
  695  721  735  747  765  792  824  851  866
    15.0-180.0 180.0   5.0 450.0                            LAT/LON1/LON2/DLON/H
  877  887  888  882  867  840  792  722  636  547  468  405  355  315  280  251
  229  217  215  224  245  278  316  351  376  384  377  360  338  315  293  270
  249  228  209  191  175  158  142  126  113  103   95   91   88   87   91  103
  128  164  210  260  308  353  392  427  461  491  519  543  567  595  631  669
  703  727  740  751  767  792  824  855  877
    12.5-180.0 180.0   5.0 450.0                            LAT/LON1/LON2/DLON/H
  845  863  877  889  895  887  854  794  714  627  547  480  427  383  346  318
  299  291  294  307  331  361  391  413  419  408  383  354  325  301  279  258
  237  218  201  185  169  154  138  123  111  103   97   94   93   93   99  113
  139  176  223  273  322  367  407  443  475  506  533  558  582  608  638  670
  699  719  730  737  749  769  795  822  845
    10.0-180.0 180.0   5.0 450.0                            LAT/LON1/LON2/DLON/H
  786  803  824  849  873  884  870  826  760  684  611  548  496  454  419  395
  381  379  386  402  423  444  458  458  440  407  368  330  300  278  260  242
  224  207  193  180  167  154  140  127  117  110  106  103  102  102  106  121
  147  185  231  279  327  372  413  448  480  509  538  565  590  614  639  665
  687  703  712  717  723  735  751  769  786
     7.5-180.0 180.0   5.0 450.0                            LAT/LON1/LON2/DLON/H
  723  733  753  784  818  843  845  820  773  714  655  603  558  520  491  472
  464  466  477  493  506  512  504  478  437  386  337  298  273  257  245  231
  217  203  192  183  172  161  149  138  129  123  119  116  112  110  113  127
  154  191  235  281  327  371  411  446  476  504  533  563  591  616  638  658
  676  689  696  699  702  706  711  717  723
     5.0-180.0 180.0   5.0 450.0                            LAT/LON1/LON2/DLON/H
  679  679  692  719  755  786  799  790  762  722  680  641  605  575  551  537
  532  538  549  560  562  550  518  470  410  350  301  270  254  248  242  232
  220  209  201  194  186  176  165  155  147  140  135  129  122  117  119  132
  159  197  239  282  325  367  405  438  467  494  524  556  587  614  635  653
  668  681  689  693  694  694  690  685  679
     2.5-180.0 180.0   5.0 450.0                            LAT/LON1/LON2/DLON/H
  670  660  663  682  710  738  755  755  741  719  692  664  638  613  593  580
  576  580  587  590  580  549  499  434  367  310  272  254  252  255  254  246
  234  224  217  212  205  196  184  174  165  157  149  140  130  123  123  138
  166  203  243  283  322  362  398  430  456  481  511  545  580  610  632  650
  666  680  693  701  705  704  697  685  670
