static/ion/2023-12-26.23i
     1.0            IONOSPHERE MAPS     GNSS                IONEX VERSION / TYPE
IONINX V5.5         AIUB                25-DEC-23 07:46     PGM / RUN BY / DATE 
CODE'S 2-DAY PREDICTED IONOSPHERE MAPS FOR DAY 360, 2023    COMMENT             
Global ionosphere maps (GIM) are generated on a daily basis DESCRIPTION         
at CODE using data from about 120 GNSS sites of the IGS and DESCRIPTION         
other institutions. The vertical total electron content     DESCRIPTION         
(VTEC) is modeled in a solar-geomagnetic reference frame    DESCRIPTION         
using a spherical harmonics expansion up to degree and      DESCRIPTION         
order 15. Piece-wise linear functions are used for          DESCRIPTION         
representation in the time domain. The time spacing of      DESCRIPTION         
their vertices is 1 hour, conforming with the epochs of the DESCRIPTION         
VTEC maps.                                                  DESCRIPTION         
To convert line-of-sight TEC into vertical TEC, a modified  DESCRIPTION         
single-layer model mapping function approximating the JPL   DESCRIPTION         
extended slab model mapping function is adopted. The        DESCRIPTION         
mapping function is evaluated at geodetic satellite         DESCRIPTION         
elevation angles. For the computation of the ionospheric    DESCRIPTION         
pierce points, a spherical layer with a radius of 6821 km   DESCRIPTION         
is assumed, implying geocentric, not geodetic IONEX         DESCRIPTION         
latitudes.                                                  DESCRIPTION         
Instrumental biases with respect to each involved GNSS code DESCRIPTION         
observable are estimated as constant values for each        DESCRIPTION         
day. They are modeled with one set of bias parameters for   DESCRIPTION         
each satellite and each station in case of GPS and for each DESCRIPTION         
satellite-station link in case of GLONASS. The code bias    DESCRIPTION         
datum is defined by zero-mean conditions imposed on the     DESCRIPTION         
satellite bias estimates. In this file, just GPS C1W-C2W    DESCRIPTION         
satellite and station bias values are included. The         DESCRIPTION         
complete set of GNSS code bias results is provided in an    DESCRIPTION         
additional Bias-SINEX file as pseudo-absolute values        DESCRIPTION         
specific to each observable.                                DESCRIPTION         
Contact address: code(at)aiub.unibe.ch                      DESCRIPTION         
Data archive:    ftp.aiub.unibe.ch/CODE/                    DESCRIPTION         
                 www.aiub.unibe.ch/download/CODE/           DESCRIPTION         
  2023    12    26     0     0     0                        EPOCH OF FIRST MAP  
  2023    12    27     0     0     0                        EPOCH OF LAST MAP   
  3600                                                      INTERVAL            
    25                                                      # OF MAPS IN FILE   
  NONE                                                      MAPPING FUNCTION    
    10.0                                                    ELEVATION CUTOFF    
One-way carrier phase leveled to code                       OBSERVABLES USED    
  6371.0                                                    BASE RADIUS         
     2                                                      MAP DIMENSION       
   450.0 450.0   0.0                                        HGT1 / HGT2 / DHGT  
    87.5 -87.5  -2.5                                        LAT1 / LAT2 / DLAT  
  -180.0 180.0   5.0                                        LON1 / LON2 / DLON  
    -1                                                      EXPONENT            
TEC/RMS values in 0.1 TECU; 9999, if no value available     COMMENT             
                                                            END OF HEADER       
[from data line 1716]
     5                                                      START OF TEC MAP    
  2023    12    26     4     0     0                        EPOCH OF CURRENT MAP
    87.5-180.0 180.0   5.0 450.0                            LAT/LON1/LON2/DLON/H
  106  105  104  103  103  102  101  100  100   99   99   98   98   97   97   97
   96   96   95   95   94   94   93   93   92   92   92   91   91   91   91   91
   91   91   92   92   92   93   93   94   95   96   96   97   98   99  100  101
  102  103  104  105  106  107  108  109  110  111  111  112  112  112  112  112
  112  111  111  110  109  109  108  107  106
    85.0-180.0 180.0   5.0 450.0                            LAT/LON1/LON2/DLON/H
  113  111  108  106  104  102  101  100  100   99   99   99   99   99   98   98
   98   97   96   95   94   93   92   90   89   88   86   85   85   84   84   84
   84   84   85   86   87   88   89   91   92   94   95   97   99  100  103  105
  107  109  112  114  117  120  122  125  127  129  131  133  134  134  134  134
  133  131  129  127  125  122  119  116  113
    82.5-180.0 180.0   5.0 450.0                            LAT/LON1/LON2/DLON/H
  122  116  111  106  103  100   98   97   97   97   98   99  101  102  102  103
  103  102  101   99   97   95   92   89   86   83   81   79   78   77   76   77
   78   79   80   82   84   86   88   91   93   95   97   99  101  103  106  109
  112  116  120  124  129  134  140  145  150  155  159  162  165  166  167  166
  164  161  157  152  146  140  134  128  122
    80.0-180.0 180.0   5.0 450.0                            LAT/LON1/LON2/DLON/H
  133  123  114  107  101   96   94   92   93   94   96   99  102  105  107  108
  109  108  107  104  101   97   92   87   82   78   75   72   70   69   69   71
   73   75   79   82   85   89   92   94   97   99  100  102  104  106  109  112
  116  121  127  134  141  150  158  167  176  185  192  199  203  207  208  207
  204  199  193  185  175  165  154  143  133
    77.5-180.0 180.0   5.0 450.0                            LAT/LON1/LON2/DLON/H
  147  132  119  108   99   93   89   87   87   89   92   97  101  105  109  112
  113  113  111  108  103   98   92   85   79   73   69   65   64   64   65   67
   71   76   80   85   90   94   98  101  103  104  106  107  108  109  111  115
  119  125  133  142  153  164  177  190  203  216  228  238  245  251  253  253
  249  243  234  222  209  194  178  162  147
    75.0-180.0 180.0   5.0 450.0                            LAT/LON1/LON2/DLON/H
  164  145  128  113  101   92   86   82   82   84   87   92   97  103  107  111
  113  114  112  109  104   98   91   83   76   70   65   62   61   62   64   68
   73   79   85   91   97  101  105  107  109  110  110  110  110  111  113  116
  121  129  138  150  163  178  195  212  229  246  261  275  285  293  296  296
  292  284  273  259  242  224  204  184  164
    72.5-180.0 180.0   5.0 450.0                            LAT/LON1/LON2/DLON/H
  182  160  139  121  106   94   86   81   79   79   82   86   91   96  101  106
  109  110  110  107  103   97   90   83   76   70   66   64   63   65   68   73
   79   85   92   97  103  107  110  111  112  111  110  109  109  110  112  116
  123  132  144  158  174  192  211  232  252  271  289  305  318  326  331  331
  327  318  306  290  271  251  228  205  182
    70.0-180.0 180.0   5.0 450.0                            LAT/LON1/LON2/DLON/H
  199  175  153  132  114  100   89   82   78   76   77   80   83   87   92   96
  100  103  104  103  101   96   91   85   79   74   71   69   70   72   76   80
   86   91   97  101  105  108  110  110  109  108  107  105  105  107  110  116
  125  137  151  168  186  206  227  249  270  291  310  326  339  348  353  353
  349  340  327  311  293  271  248  224  199
    67.5-180.0 180.0   5.0 450.0                            LAT/LON1/LON2/DLON/H
  214  190  166  144  124  108   95   86   79   76   74   74   76   78   82   86
   90   94   97   99   98   96   92   87   83   79   77   77   78   80   84   87
   91   95   98  101  103  104  104  104  102  100   98   98   98  101  107  116
  128  143  161  180  200  221  243  264  285  305  323  339  351  359  363  362
  358  349  337  322  304  284  262  239  214
    65.0-180.0 180.0   5.0 450.0                            LAT/LON1/LON2/DLON/H
  226  202  177  154  134  116  101   90   83   77   74   72   71   71   73   77
   81   86   91   95   96   96   93   90   87   84   83   83   85   87   89   91
   92   94   95   95   96   96   95   94   92   90   88   88   90   95  104  117
  133  152  172  194  216  238  259  279  298  315  331  344  354  360  363  362
  357  349  338  325  309  291  271  249  226
    62.5-180.0 180.0   5.0 450.0                            LAT/LON1/LON2/DLON/H
  235  212  187  163  141  122  106   94   86   79   75   71   69   68   69   72
   76   82   87   92   95   95   94   91   88   86   86   86   87   89   89   89
   89   88   87   87   87   86   85   84   82   80   78   79   83   90  102  118
  138  161  186  210  234  256  275  293  309  324  336  346  354  358  359  357
  352  345  335  324  311  295  278  257  235
    60.0-180.0 180.0   5.0 450.0                            LAT/LON1/LON2/DLON/H
  245  221  196  171  147  126  109   97   88   82   77   74   71   69   69   71
   75   80   86   90   93   93   92   89   86   84   84   84   85   85   85   84
   82   80   79   78   78   78   78   77   76   74   72   73   78   87  101  121
  145  172  200  227  252  274  293  308  321  332  342  349  354  357  357  355
  350  343  335  326  314  301  285  266  245
    57.5-180.0 180.0   5.0 450.0                            LAT/LON1/LON2/DLON/H
  257  233  207  180  154  131  112   98   89   83   80   77   75   74   74   75
   78   82   86   89   91   90   88   84   81   79   78   78   79   79   78   77
   75   73   73   73   75   77   78   77   76   74   72   72   77   87  103  125
  152  183  214  244  270  293  311  324  335  343  350  355  358  360  360  357
  353  348  341  333  323  311  296  278  257
    55.0-180.0 180.0   5.0 450.0                            LAT/LON1/LON2/DLON/H
  272  248  222  193  165  139  117  101   90   84   82   81   81   81   81   81
   83   84   86   88   88   86   83   79   75   72   71   71   72   72   72   71
   70   70   72   75   79   82   84   85   83   80   77   77   81   91  108  132
  161  194  228  260  288  311  328  341  350  356  361  364  367  368  367  365
  362  358  353  345  336  325  310  293  272
    52.5-180.0 180.0   5.0 450.0                            LAT/LON1/LON2/DLON/H
  290  267  241  212  181  152  126  107   94   87   84   85   86   88   88   88
   87   87   86   86   84   82   79   75   71   68   67   67   68   68   69   69
   70   73   78   84   90   95   98   98   95   92   88   87   90  100  117  142
  172  206  241  275  304  328  345  358  365  370  373  375  377  377  377  375
  373  369  365  359  351  340  326  309  290
    50.0-180.0 180.0   5.0 450.0                            LAT/LON1/LON2/DLON/H
  306  286  262  234  203  171  142  118  101   91   88   88   91   94   95   94
   91   88   85   83   82   81   78   76   72   70   69   68   69   70   71   72
   76   81   89   98  106  112  114  114  110  106  101   99  103  113  131  156
  187  221  256  289  319  343  361  374  381  384  386  386  386  385  383  381
  379  376  373  368  361  351  338  323  306
    47.5-180.0 180.0   5.0 450.0                            LAT/LON1/LON2/DLON/H
  316  301  282  257  227  195  163  135  113  100   93   93   96  100  101   99
   94   88   84   82   82   83   84   83   81   79   77   76   76   76   77   80
   85   93  103  113  122  128  130  128  124  119  114  113  118  130  149  174
  204  238  271  304  333  357  376  388  394  396  396  393  391  387  384  380
  377  375  372  368  361  352  341  329  316
    45.0-180.0 180.0   5.0 450.0                            LAT/LON1/LON2/DLON/H
  316  306  293  274  248  218  185  155  130  112  102  100  103  106  108  105
   98   91   85   84   87   92   96   98   97   95   92   89   87   86   86   89
   95  104  115  126  135  140  141  139  134  129  126  127  134  148  169  196
  226  257  288  318  345  369  388  400  406  406  403  398  391  385  378  372
  367  364  361  357  351  343  334  325  316
    42.5-180.0 180.0   5.0 450.0                            LAT/LON1/LON2/DLON/H
  305  300  293  281  260  234  204  174  148  127  114  109  111  114  115  112
  104   96   92   92   98  106  113  116  116  113  109  104   99   96   95   96
  102  111  122  133  142  146  146  143  139  135  134  138  149  167  191  219
  249  278  305  332  357  380  398  410  416  415  409  401  391  381  371  362
  355  350  346  341  335  327  318  310  305
    40.0-180.0 180.0   5.0 450.0                            LAT/LON1/LON2/DLON/H
  287  284  281  273  259  239  214  188  163  142  127  120  120  124  125  122
  115  107  103  106  113  123  132  136  136  131  124  116  109  104  101  101
  105  113  123  133  141  145  145  142  139  137  139  147  162  185  213  243
  272  298  322  345  368  390  408  420  426  424  417  407  395  383  371  360
  350  342  336  330  322  312  301  292  287
    37.5-180.0 180.0   5.0 450.0                            LAT/LON1/LON2/DLON/H
  270  265  261  255  245  231  213  193  172  153  138  131  131  134  137  135
  129  122  120  123  132  142  149  152  150  144  135  126  117  110  105  103
  105  110  119  128  134  138  139  138  136  137  141  153  172  199  231  263
  292  317  338  358  379  400  418  432  439  438  432  422  411  399  387  375
  363  353  345  336  325  311  295  280  270
    35.0-180.0 180.0   5.0 450.0                            LAT/LON1/LON2/DLON/H
  267  253  242  233  223  212  201  188  174  159  146  139  139  143  148  148
  144  140  138  142  149  156  161  162  158  151  141  132  123  115  109  105
  104  107  113  120  126  130  132  132  133  135  142  156  179  210  245  279
  309  333  352  371  391  412  432  448  458  460  457  450  443  434  425  415
  404  393  382  370  354  334  310  286  267
    32.5-180.0 180.0   5.0 450.0                            LAT/LON1/LON2/DLON/H
  287  259  237  219  204  192  184  177  168  158  149  143  144  150  155  158
  157  155  155  157  161  164  165  164  159  152  145  137  130  123  117  111
  108  108  110  114  118  122  125  128  130  134  142  158  183  216  254  291
  322  346  365  384  405  428  451  470  484  492  494  494  493  491  488  482
  473  463  450  435  415  388  355  320  287
    30.0-180.0 180.0   5.0 450.0                            LAT/LON1/LON2/DLON/H
  337  294  256  224  198  180  170  165  161  155  148  144  145  151  159  164
  166  166  166  166  166  164  162  160  157  153  150  146  142  137  131  125
  119  115  112  112  114  117  121  125  128  132  141  157  183  219  259  298
  331  357  378  400  423  449  475  499  519  533  543  551  558  565  570  570
  566  557  545  528  505  472  431  384  337
    27.5-180.0 180.0   5.0 450.0                            LAT/LON1/LON2/DLON/H
  417  359  306  258  218  188  170  162  157  152  146  142  144  150  158  165
  169  171  171  168  164  159  156  155  156  158  160  162  162  160  155  147
  139  130  122  117  115  116  119  123  126  130  138  155  182  220  262  303
  338  367  393  418  446  476  506  534  559  580  598  615  631  647  660  668
  668  663  652  635  611  576  530  475  417
    25.0-180.0 180.0   5.0 450.0                            LAT/LON1/LON2/DLON/H
  517  451  385  324  268  223  193  175  164  157  149  145  145  150  158  165
  170  172  172  167  160  154  152  155  162  171  180  186  189  189  184  176
  165  151  138  126  119  117  118  120  122  125  134  151  181  220  265  308
  346  379  409  441  473  507  540  571  601  629  655  679  703  725  744  757
  762  760  752  738  716  683  638  580  517
    22.5-180.0 180.0   5.0 450.0                            LAT/LON1/LON2/DLON/H
  622  555  485  414  346  286  240  209  189  175  164  157  155  158  164  169
  174  176  174  168  160  155  156  165  179  195  208  217  221  220  215  205
  191  174  155  137  124  118  116  116  116  119  128  148  180  222  269  315
  356  393  429  466  504  540  575  608  641  673  705  735  762  788  809  824
  832  832  826  817  801  774  735  683  622
    20.0-180.0 180.0   5.0 450.0                            LAT/LON1/LON2/DLON/H
  715  656  590  518  442  370  309  264  232  210  194  184  180  180  183  185
  187  187  184  178  170  167  173  188  208  228  242  250  252  248  241  229
  213  192  169  146  128  117  112  109  109  112  123  146  181  227  277  325
  368  409  450  493  534  573  608  641  675  709  743  775  803  827  846  859
  866  866  864  859  850  834  806  766  715
    17.5-180.0 180.0   5.0 450.0                            LAT/LON1/LON2/DLON/H
  781  737  683  617  542  463  392  334  291  261  240  228  223  221  220  219
  217  214  209  202  196  196  206  224  246  265  276  280  276  267  255  242
  224  202  176  151  129  115  107  102  101  105  119  146  186  236  288  337
  383  427  472  518  562  601  635  666  699  733  767  797  822  840  854  861
  864  863  862  861  860  854  840  815  781
    15.0-180.0 180.0   5.0 450.0                            LAT/LON1/LON2/DLON/H
  811  786  750  697  629  552  475  410  359  324  300  288  282  280  276  271
  264  258  251  244  238  240  250  268  287  300  304  299  287  272  256  241
  223  202  176  150  128  113  103   97   95  100  118  150  195  247  301  352
  399  444  491  539  583  622  654  683  713  745  777  803  822  833  838  838
  835  831  829  830  835  838  837  828  811
    12.5-180.0 180.0   5.0 450.0                            LAT/LON1/LON2/DLON/H
  808  801  783  747  692  622  548  481  428  390  366  356  353  351  346  337
  326  316  307  299  293  293  300  312  323  326  320  306  286  264  244  227
  211  192  170  147  126  112  102   95   94  101  122  158  206  261  315  366
  413  459  506  554  598  635  665  691  718  748  776  797  810  814  812  805
  796  788  783  784  790  798  805  809  808
    10.0-180.0 180.0   5.0 450.0                            LAT/LON1/LON2/DLON/H
  780  787  784  764  724  666  600  538  486  450  429  422  423  425  420  407
  392  379  367  358  350  346  346  348  347  339  323  300  273  247  225  207
  193  178  161  143  127  115  106   99   98  108  131  170  220  275  329  379
  425  470  517  564  607  642  670  694  719  745  769  788  797  796  788  776
  763  752  744  742  745  753  762  771  780
     7.5-180.0 180.0   5.0 450.0                            LAT/LON1/LON2/DLON/H
  744  757  763  755  728  684  629  575  529  495  478  475  481  486  482  468
  450  433  420  409  398  388  379  369  356  337  313  285  256  228  204  188
  176  166  154  142  131  122  115  109  109  119  145  185  235  288  341  389
  434  478  523  568  609  644  671  695  718  742  764  780  788  786  778  766
  752  739  728  721  718  720  725  733  744
     5.0-180.0 180.0   5.0 450.0                            LAT/LON1/LON2/DLON/H
  716  727  735  733  715  682  638  593  552  522  507  507  516  523  520  505
  485  467  453  441  427  410  391  370  347  322  295  268  240  213  191  175
  165  158  151  145  139  134  128  123  123  134  161  201  249  300  349  396
  439  482  525  568  609  644  672  696  719  741  763  779  789  791  787  779
  768  756  743  731  720  712  707  709  716
     2.5-180.0 180.0   5.0 450.0                            LAT/LON1/LON2/DLON/H
  706  711  715  712  697  670  635  596  559  530  513  512  521  529  526  510
  489  470  456  444  427  406  380  353  325  299  276  253  231  208  188  173
  164  158  155  152  150  147  142  138  138  150  177  216  261  309  356  400
  443  484  526  567  607  643  673  699  722  745  767  786  800  810  814  813
  808  799  786  769  750  732  716  708  706
