static/ion/2023-12-03.23i
     1.0            IONOSPHERE MAPS     GNSS                IONEX VERSION / TYPE
IONINX V5.5         AIUB                02-DEC-23 07:48     PGM / RUN BY / DATE 
CODE'S 2-DAY PREDICTED IONOSPHERE MAPS FOR DAY 337, 2023    COMMENT             
Global ionosphere maps (GIM) are generated on a daily basis DESCRIPTION         
at CODE using data from about 120 GNSS sites of the IGS and DESCRIPTION         
other institutions. The vertical total electron content     DESCRIPTION         
(VTEC) is modeled in a solar-geomagnetic reference frame    DESCRIPTION         
using a spherical harmonics expansion up to degree and      DESCRIPTION         
order 15. Piece-wise linear functions are used for          DESCRIPTION         
representation in the time domain. The time spacing of      DESCRIPTION         
their vertices is 1 hour, conforming with the epochs of the DESCRIPTION         
VTEC maps.                                                  DESCRIPTION         
To convert line-of-sight TEC into vertical TEC, a modified  DESCRIPTION         
single-layer model mapping function approximating the JPL   DESCRIPTION         
extended slab model mapping function is adopted. The        DESCRIPTION         
mapping function is evaluated at geodetic satellite         DESCRIPTION         
elevation angles. For the computation of the ionospheric    DESCRIPTION         
pierce points, a spherical layer with a radius of 6821 km   DESCRIPTION         
is assumed, implying geocentric, not geodetic IONEX         DESCRIPTION         
latitudes.                                                  DESCRIPTION         
Instrumental biases with respect to each involved GNSS code DESCRIPTION         
observable are estimated as constant values for each        DESCRIPTION         
day. They are modeled with one set of bias parameters for   DESCRIPTION         
each satellite and each station in case of GPS and for each DESCRIPTION         
satellite-station link in case of GLONASS. The code bias    DESCRIPTION         
datum is defined by zero-mean conditions imposed on the     DESCRIPTION         
satellite bias estimates. In this file, just GPS C1W-C2W    DESCRIPTION         
satellite and station bias values are included. The         DESCRIPTION         
complete set of GNSS code bias results is provided in an    DESCRIPTION         
additional Bias-SINEX file as pseudo-absolute values        DESCRIPTION         
specific to each observable.                                DESCRIPTION         
Contact address: code(at)aiub.unibe.ch                      DESCRIPTION         
Data archive:    ftp.aiub.unibe.ch/CODE/                    DESCRIPTION         
                 www.aiub.unibe.ch/download/CODE/           DESCRIPTION         
  2023    12     3     0     0     0                        EPOCH OF FIRST MAP  
  2023    12     4     0     0     0                        EPOCH OF LAST MAP   
  3600                                                      INTERVAL            
    25                                                      # OF MAPS IN FILE   
  NONE                                                      MAPPING FUNCTION    
    10.0                                                    ELEVATION CUTOFF    
One-way carrier phase leveled to code                       OBSERVABLES USED    
  6371.0                                                    BASE RADIUS         
     2                                                      MAP DIMENSION       
   450.0 450.0   0.0                                        HGT1 / HGT2 / DHGT  
    87.5 -87.5  -2.5                                        LAT1 / LAT2 / DLAT  
  -180.0 180.0   5.0                                        LON1 / LON2 / DLON  
    -1                                                      EXPONENT            
TEC/RMS values in 0.1 TECU; 9999, if no value available     COMMENT             
                                                            END OF HEADER       
[from data line 8151]
    20                                                      START OF TEC MAP    
  2023    12     3    19     0     0                        EPOCH OF CURRENT MAP
    87.5-180.0 180.0   5.0 450.0                            LAT/LON1/LON2/DLON/H
  140  140  141  142  143  144  144  145  146  147  147  148  149  149  149  149
  149  149  149  149  148  148  147  146  145  144  143  142  141  139  138  137
  135  134  133  132  130  129  128  127  126  126  125  125  125  124  124  125
  125  125  126  126  127  128  128  129  130  131  131  132  133  133  134  135
  135  136  136  137  137  138  138  139  140
    85.0-180.0 180.0   5.0 450.0                            LAT/LON1/LON2/DLON/H
  129  130  131  133  135  137  139  141  144  146  148  151  152  154  155  156
  156  156  156  155  154  153  152  150  148  146  144  142  140  138  135  133
  130  128  125  122  120  117  115  112  110  109  108  107  106  106  107  108
  109  111  113  115  117  119  121  123  125  126  127  128  129  130  130  130
  129  129  129  128  128  128  128  128  129
    82.5-180.0 180.0   5.0 450.0                            LAT/LON1/LON2/DLON/H
  108  109  110  112  115  119  124  129  134  139  144  148  152  155  158  159
  160  160  159  157  155  153  151  149  146  144  142  139  137  135  132  130
  127  123  120  116  112  108  104  100   97   94   92   90   90   90   91   93
   96  100  103  108  112  116  119  123  125  127  129  129  129  129  127  125
  123  121  118  115  113  111  109  108  108
    80.0-180.0 180.0   5.0 450.0                            LAT/LON1/LON2/DLON/H
   82   81   83   85   90   96  103  111  120  128  137  145  151  157  160  162
  163  162  160  157  153  149  146  142  139  137  135  134  132  131  130  128
  126  123  119  115  110  104   99   93   88   84   81   79   78   79   81   85
   89   95  101  107  113  119  124  128  131  133  134  134  132  130  126  122
  117  112  107  101   96   91   87   84   82
    77.5-180.0 180.0   5.0 450.0                            LAT/LON1/LON2/DLON/H
   59   57   57   60   65   73   82   94  107  120  132  144  154  162  167  169
  169  167  163  158  152  145  140  134  131  128  126  126  126  126  127  127
  126  124  121  117  112  106   99   93   87   82   78   75   74   75   78   83
   89   96  104  112  120  126  132  136  139  140  140  138  135  131  126  120
  113  106   98   90   82   75   68   63   59
    75.0-180.0 180.0   5.0 450.0                            LAT/LON1/LON2/DLON/H
   46   42   41   43   48   57   69   83   99  117  134  150  163  174  181  184
  184  180  174  165  156  147  138  130  124  120  118  117  118  120  122  123
  124  124  122  118  114  108  102   95   89   84   80   77   77   78   82   87
   95  103  112  120  128  134  139  142  144  143  141  138  134  129  123  117
  110  103   95   86   78   69   60   52   46
    72.5-180.0 180.0   5.0 450.0                            LAT/LON1/LON2/DLON/H
   49   43   40   40   44   53   65   82  101  122  143  163  180  194  203  208
  208  203  195  184  171  158  146  134  125  118  113  111  111  112  114  116
  117  117  117  114  111  107  102   97   92   87   84   82   82   84   88   94
  101  110  118  126  133  138  141  142  141  139  135  131  127  123  118  114
  109  104   98   91   83   74   65   57   49
    70.0-180.0 180.0   5.0 450.0                            LAT/LON1/LON2/DLON/H
   65   58   53   52   55   62   75   92  112  136  160  183  204  221  233  239
  240  236  227  215  200  183  166  151  136  125  116  109  106  104  104  104
  105  104  104  102  100   97   95   92   90   88   87   86   87   89   92   98
  104  112  119  125  130  133  133  132  129  125  120  116  113  111  110  109
  109  107  105  102   97   90   82   74   65
    67.5-180.0 180.0   5.0 450.0                            LAT/LON1/LON2/DLON/H
   90   83   77   75   76   83   94  111  132  156  182  207  231  250  265  275
  278  276  268  255  239  220  200  179  160  142  127  115  106  100   96   92
   90   87   85   83   81   80   80   81   82   83   84   85   86   88   91   95
  100  105  111  115  118  118  116  113  108  103   99   96   95   96   99  102
  106  110  113  114  113  109  104   97   90
    65.0-180.0 180.0   5.0 450.0                            LAT/LON1/LON2/DLON/H
  113  108  104  102  104  109  120  136  156  180  206  232  257  279  297  310
  316  317  311  300  285  265  242  218  193  170  148  130  115  103   94   85
   78   72   66   62   60   60   62   65   69   73   77   79   80   81   81   83
   86   90   93   96   97   96   93   88   83   78   75   74   76   80   86   94
  102  110  116  121  123  123  121  118  113
    62.5-180.0 180.0   5.0 450.0                            LAT/LON1/LON2/DLON/H
  127  126  125  126  130  137  148  163  182  205  230  256  281  304  324  339
  349  353  351  343  329  310  287  261  233  205  179  156  136  118  103   90
   77   65   55   47   42   41   43   48   54   60   65   67   68   67   66   65
   66   68   70   72   72   71   68   63   59   56   55   56   61   67   76   85
   95  104  112  118  123  126  128  128  127
    60.0-180.0 180.0   5.0 450.0                            LAT/LON1/LON2/DLON/H
  126  131  136  142  151  161  174  189  208  229  252  276  300  322  343  360
  372  379  380  376  366  350  329  303  274  245  216  190  167  147  128  109
   91   73   57   43   34   30   31   35   41   48   53   55   54   51   48   45
   44   45   47   49   50   49   48   45   43   42   44   48   54   61   69   78
   86   94  100  106  110  115  118  122  126
    57.5-180.0 180.0   5.0 450.0                            LAT/LON1/LON2/DLON/H
  112  122  135  148  163  179  195  213  232  252  272  293  315  335  355  372
  385  394  398  397  390  379  361  339  313  285  257  232  208  187  165  143
  120   96   73   54   39   30   27   29   35   40   44   45   43   38   33   29
   27   28   30   33   36   37   37   37   38   40   44   50   56   63   69   74
   78   81   83   86   88   92   96  103  112
    55.0-180.0 180.0   5.0 450.0                            LAT/LON1/LON2/DLON/H
   89  106  125  146  169  191  213  234  255  274  292  310  328  346  363  379
  391  400  404  405  403  396  384  368  347  323  299  276  254  233  210  185
  157  127   99   73   53   40   33   32   35   39   42   41   38   32   26   21
   20   22   25   29   33   36   39   41   45   50   55   61   67   71   73   74
   72   70   67   64   63   64   69   77   89
    52.5-180.0 180.0   5.0 450.0                            LAT/LON1/LON2/DLON/H
   68   89  114  142  172  201  229  254  277  296  313  328  343  357  372  384
  394  400  404  406  406  404  399  389  375  357  337  317  297  275  251  223
  191  157  125   95   72   56   46   42   42   44   46   45   41   35   29   26
   25   28   33   38   43   46   50   55   60   67   73   79   82   84   82   78
   71   63   55   48   44   42   45   54   68
    50.0-180.0 180.0   5.0 450.0                            LAT/LON1/LON2/DLON/H
   57   80  109  142  177  211  244  274  300  321  337  350  361  373  384  393
  399  402  404  405  407  410  411  408  399  386  369  350  330  307  280  248
  212  175  141  111   87   70   60   55   54   55   56   55   52   47   43   41
   42   46   51   56   61   64   68   73   79   86   92   96   98   97   92   85
   75   64   53   43   36   33   34   42   57
    47.5-180.0 180.0   5.0 450.0                            LAT/LON1/LON2/DLON/H
   60   84  114  149  187  225  262  295  324  346  363  374  384  393  401  408
  411  411  409  409  413  419  425  427  422  410  393  372  348  320  288  251
  213  175  141  114   94   80   72   68   67   68   69   69   68   65   63   63
   66   70   75   79   82   83   86   90   95  102  107  110  110  108  102   93
   82   71   61   51   44   39   39   46   60
    45.0-180.0 180.0   5.0 450.0                            LAT/LON1/LON2/DLON/H
   79  101  131  167  204  243  281  317  348  372  390  401  409  417  425  430
  431  428  424  423  428  436  444  448  443  429  408  382  351  316  277  235
  194  157  127  106   92   85   82   81   81   82   84   85   85   85   85   87
   91   95   99  101  100   99   99  101  106  111  114  116  116  113  108  100
   92   83   76   69   64   60   60   65   79
    42.5-180.0 180.0   5.0 450.0                            LAT/LON1/LON2/DLON/H
  108  129  158  191  227  264  301  338  371  398  416  428  436  444  452  457
  458  454  449  448  452  461  469  471  463  444  416  382  342  298  253  208
  167  133  109   95   90   90   93   95   97   98  100  101  102  104  105  108
  112  116  118  117  113  109  106  106  109  112  115  116  115  114  111  106
  101   97   93   91   89   88   89   95  108
    40.0-180.0 180.0   5.0 450.0                            LAT/LON1/LON2/DLON/H
  139  161  188  219  252  286  321  357  391  420  440  453  462  470  479  485
  487  484  480  479  484  491  496  493  479  454  419  377  329  280  231  185
  148  119  102   96   98  105  111  116  118  118  118  118  119  120  122  125
  129  131  130  126  119  112  107  106  107  109  110  111  111  111  111  110
  109  108  109  110  111  113  117  125  139
    37.5-180.0 180.0   5.0 450.0                            LAT/LON1/LON2/DLON/H
  166  189  216  246  276  307  339  374  409  438  460  474  483  492  502  510
  514  513  511  511  516  520  520  511  490  459  420  374  324  274  227  187
  156  135  125  123  129  137  145  149  148  145  141  138  136  136  137  139
  140  140  136  130  121  112  107  104  105  105  106  106  107  109  111  113
  113  115  117  121  125  130  137  148  166
    35.0-180.0 180.0   5.0 450.0                            LAT/LON1/LON2/DLON/H
  183  209  239  268  297  325  355  389  423  453  476  490  500  510  520  529
  534  536  536  538  541  542  536  520  495  463  424  381  336  292  255  225
  205  193  186  185  188  193  197  197  191  181  171  163  158  155  154  153
  151  148  142  133  123  115  109  106  106  106  106  106  108  110  113  115
  116  117  119  123  128  135  145  161  183
    32.5-180.0 180.0   5.0 450.0                            LAT/LON1/LON2/DLON/H
  191  222  254  285  314  341  370  402  436  466  489  504  513  522  532  541
  547  549  552  555  556  552  540  520  495  466  436  404  372  342  320  307
  300  294  288  281  275  270  266  257  245  228  211  197  187  181  176  172
  166  159  151  141  131  123  118  115  114  114  113  113  114  117  119  120
  119  117  116  117  121  129  143  164  191
    30.0-180.0 180.0   5.0 450.0                            LAT/LON1/LON2/DLON/H
  194  230  266  300  330  358  387  418  450  480  502  516  525  533  540  547
  551  554  557  559  558  550  534  513  492  474  460  446  432  422  420  424
  429  428  417  398  377  358  342  325  305  282  259  240  225  215  207  198
  189  178  167  157  148  140  135  132  131  129  127  126  127  129  129  128
  124  119  113  110  112  120  136  162  194
    27.5-180.0 180.0   5.0 450.0                            LAT/LON1/LON2/DLON/H
  199  239  278  315  347  377  407  437  468  496  517  531  539  545  549  552
  553  553  555  555  552  540  522  503  493  492  497  505  512  522  539  558
  573  572  551  516  477  442  413  389  363  337  310  288  270  256  245  232
  219  205  192  180  172  165  160  156  153  150  147  145  144  144  143  139
  133  124  115  108  107  114  133  162  199
    25.0-180.0 180.0   5.0 450.0                            LAT/LON1/LON2/DLON/H
  212  254  295  333  369  401  432  461  491  517  537  550  558  562  563  561
  557  553  551  549  543  529  512  500  503  521  548  575  601  627  657  686
  703  697  663  611  553  504  466  437  411  384  358  335  316  300  285  270
  252  235  220  208  200  193  187  182  177  173  169  165  162  161  158  153
  145  135  124  115  112  119  140  172  212
    22.5-180.0 180.0   5.0 450.0                            LAT/LON1/LON2/DLON/H
  235  278  319  358  395  429  461  491  519  544  563  576  584  587  586  579
  569  560  554  548  539  526  513  511  528  564  608  650  687  721  755  785
  797  781  732  662  591  532  491  463  440  418  396  374  355  339  322  304
  284  264  248  236  228  221  214  206  200  194  188  183  178  175  171  167
  160  151  141  132  128  137  159  194  235
    20.0-180.0 180.0   5.0 450.0                            LAT/LON1/LON2/DLON/H
  268  309  348  387  425  461  494  524  551  575  595  609  618  621  619  609
  594  579  568  559  549  537  530  540  570  619  673  720  758  789  818  839
  840  809  746  664  585  524  485  463  448  434  417  400  382  365  347  327
  305  285  268  257  250  243  234  226  217  210  203  196  190  185  182  178
  174  168  161  155  154  164  189  226  268
    17.5-180.0 180.0   5.0 450.0                            LAT/LON1/LON2/DLON/H
  304  344  381  418  456  493  527  557  585  609  630  647  658  664  661  650
  632  613  598  586  575  566  567  586  627  681  735  778  807  827  841  846
  831  786  711  624  544  487  456  444  438  432  422  408  391  373  355  335
  314  294  279  270  264  257  248  238  229  221  212  204  196  191  187  186
  185  184  181  178  181  195  224  263  304
    15.0-180.0 180.0   5.0 450.0                            LAT/LON1/LON2/DLON/H
  338  376  411  446  484  522  557  588  617  644  668  688  702  711  710  700
  681  660  641  628  617  613  621  647  692  744  790  820  833  836  832  818
  785  727  646  559  486  439  419  416  418  418  412  400  383  365  346  327
  309  292  281  274  270  264  256  246  237  228  218  208  199  192  189  189
  191  193  194  197  204  223  255  296  338
    12.5-180.0 180.0   5.0 450.0                            LAT/LON1/LON2/DLON/H
  362  400  434  470  507  545  581  614  646  677  705  728  746  758  761  753
  736  715  695  680  671  671  684  714  756  799  831  844  840  825  803  773
  726  659  578  498  436  401  390  393  399  400  395  382  364  344  326  310
  296  284  277  274  272  268  261  252  243  234  223  211  200  192  189  189
  191  195  199  205  218  241  276  320  362
    10.0-180.0 180.0   5.0 450.0                            LAT/LON1/LON2/DLON/H
  375  414  449  485  524  562  598  634  669  705  738  766  787  802  808  804
  790  771  752  738  730  732  748  778  813  842  857  853  835  808  775  733
  678  609  533  463  413  389  383  387  390  388  378  362  342  321  305  293
  284  278  276  276  276  274  268  260  251  242  230  216  202  193  188  186
  187  189  194  203  219  246  285  330  375
     7.5-180.0 180.0   5.0 450.0                            LAT/LON1/LON2/DLON/H
  375  416  455  494  534  573  610  647  687  728  766  797  820  837  846  846
  836  821  805  791  784  788  804  829  854  869  868  852  827  796  760  716
  660  595  528  470  431  412  406  404  399  388  371  350  327  307  293  286
  284  283  284  286  287  285  279  271  263  253  240  224  208  197  190  185
  181  180  184  193  212  242  283  329  375
     5.0-180.0 180.0   5.0 450.0                            LAT/LON1/LON2/DLON/H
  367  411  454  497  540  580  618  657  700  745  787  820  844  861  872  875
  870  860  846  835  829  833  846  865  878  879  867  847  823  798  767  728
  679  623  566  519  486  468  457  444  426  404  379  353  328  309  300  298
  301  303  305  307  307  303  296  288  279  268  253  235  219  206  196  187
  177  171  172  181  201  233  274  320  367
     2.5-180.0 180.0   5.0 450.0                            LAT/LON1/LON2/DLON/H
  356  402  450  498  544  585  623  663  708  757  801  835  859  875  886  891
  890  884  875  866  861  863  873  883  886  878  861  842  827  813  794  766
  728  682  636  596  566  543  522  497  467  434  402  372  348  333  329  332
  337  340  340  338  334  326  316  306  295  283  267  249  232  219  207  193
  178  166  163  172  193  225  265  310  356
