static/ion/2023-12-04.23i
     1.0            IONOSPHERE MAPS     GNSS                IONEX VERSION / TYPE
IONINX V5.5         AIUB                03-DEC-23 07:43     PGM / RUN BY / DATE 
CODE'S 2-DAY PREDICTED IONOSPHERE MAPS FOR DAY 338, 2023    COMMENT             
Global ionosphere maps (GIM) are generated on a daily basis DESCRIPTION         
at CODE using data from about 120 GNSS sites of the IGS and DESCRIPTION         
other institutions. The vertical total electron content     DESCRIPTION         
(VTEC) is modeled in a solar-geomagnetic reference frame    DESCRIPTION         
using a spherical harmonics expansion up to degree and      DESCRIPTION         
order 15. Piece-wise linear functions are used for          DESCRIPTION         
representation in the time domain. The time spacing of      DESCRIPTION         
their vertices is 1 hour, conforming with the epochs of the DESCRIPTION         
VTEC maps.                                                  DESCRIPTION         
To convert line-of-sight TEC into vertical TEC, a modified  DESCRIPTION         
single-layer model mapping function approximating the JPL   DESCRIPTION         
extended slab model mapping function is adopted. The        DESCRIPTION         
mapping function is evaluated at geodetic satellite         DESCRIPTION         
elevation angles. For the computation of the ionospheric    DESCRIPTION         
pierce points, a spherical layer with a radius of 6821 km   DESCRIPTION         
is assumed, implying geocentric, not geodetic IONEX         DESCRIPTION         
latitudes.                                                  DESCRIPTION         
Instrumental biases with respect to each involved GNSS code DESCRIPTION         
observable are estimated as constant values for each        DESCRIPTION         
day. They are modeled with one set of bias parameters for   DESCRIPTION         
each satellite and each station in case of GPS and for each DESCRIPTION         
satellite-station link in case of GLONASS. The code bias    DESCRIPTION         
datum is defined by zero-mean conditions imposed on the     DESCRIPTION         
satellite bias estimates. In this file, just GPS C1W-C2W    DESCRIPTION         
satellite and station bias values are included. The         DESCRIPTION         
complete set of GNSS code bias results is provided in an    DESCRIPTION         
additional Bias-SINEX file as pseudo-absolute values        DESCRIPTION         
specific to each observable.                                DESCRIPTION         
Contact address: code(at)aiub.unibe.ch                      DESCRIPTION         
Data archive:    ftp.aiub.unibe.ch/CODE/                    DESCRIPTION         
                 www.aiub.unibe.ch/download/CODE/           DESCRIPTION         
  2023    12     4     0     0     0                        EPOCH OF FIRST MAP  
  2023    12     5     0     0     0                        EPOCH OF LAST MAP   
  3600                                                      INTERVAL            
    25                                                      # OF MAPS IN FILE   
  NONE                                                      MAPPING FUNCTION    
    10.0                                                    ELEVATION CUTOFF    
One-way carrier phase leveled to code                       OBSERVABLES USED    
  6371.0                                                    BASE RADIUS         
     2                                                      MAP DIMENSION       
   450.0 450.0   0.0                                        HGT1 / HGT2 / DHGT  
    87.5 -87.5  -2.5                                        LAT1 / LAT2 / DLAT  
  -180.0 180.0   5.0                                        LON1 / LON2 / DLON  
    -1                                                      EXPONENT            
TEC/RMS values in 0.1 TECU; 9999, if no value available     COMMENT             
                                                            END OF HEADER       
[from data line 6435]
    16                                                      START OF TEC MAP    
  2023    12     4    15     0     0                        EPOCH OF CURRENT MAP
    87.5-180.0 180.0   5.0 450.0                            LAT/LON1/LON2/DLON/H
   92   93   94   94   95   96   96   97   97   98   98   98   98   98   97   97
   96   96   95   94   93   92   91   90   89   88   87   86   85   84   83   82
   81   80   79   78   77   76   76   75   75   74   74   74   74   74   74   74
   74   75   75   76   76   77   77   78   79   79   80   81   82   82   83   84
   85   85   86   87   88   89   90   91   92
    85.0-180.0 180.0   5.0 450.0                            LAT/LON1/LON2/DLON/H
   87   88   90   92   94   96   98   99  101  101  102  102  102  101  101  100
   98   97   95   93   91   89   88   86   84   82   80   79   77   75   74   72
   71   69   68   66   65   63   62   61   60   59   59   59   59   59   59   60
   61   62   63   65   66   67   69   70   71   72   73   73   74   75   75   76
   76   77   78   79   80   81   83   85   87
    82.5-180.0 180.0   5.0 450.0                            LAT/LON1/LON2/DLON/H
   73   76   79   83   86   89   93   95   98   99  100  101  100   99   98   96
   94   91   88   86   83   81   79   77   75   73   72   70   69   68   66   65
   63   62   60   58   56   54   52   50   48   47   46   45   45   46   47   49
   51   54   56   59   62   64   66   68   69   70   70   70   69   69   68   67
   66   66   66   66   66   67   69   71   73
    80.0-180.0 180.0   5.0 450.0                            LAT/LON1/LON2/DLON/H
   57   60   65   69   74   79   83   87   90   93   94   95   94   92   90   87
   84   81   78   75   72   70   69   67   67   66   66   66   66   66   65   64
   63   61   59   57   54   51   48   45   42   39   38   37   37   38   40   44
   47   52   56   61   65   69   72   74   75   75   74   73   71   68   65   62
   59   57   54   53   52   52   53   54   57
    77.5-180.0 180.0   5.0 450.0                            LAT/LON1/LON2/DLON/H
   44   47   52   57   62   68   73   78   82   85   87   87   86   84   81   78
   74   71   68   66   64   64   64   65   66   67   69   70   71   72   72   72
   71   70   67   64   60   56   51   47   42   39   36   34   34   36   39   43
   49   55   62   69   75   80   84   86   87   87   85   82   78   74   69   64
   59   54   49   46   43   42   41   42   44
    75.0-180.0 180.0   5.0 450.0                            LAT/LON1/LON2/DLON/H
   40   43   46   51   57   62   68   73   77   80   81   81   79   77   73   70
   67   64   63   63   64   67   70   73   77   80   83   85   87   88   89   88
   87   85   82   78   73   67   61   55   49   43   39   36   36   37   41   46
   53   61   70   79   86   93   97  100  101  100   97   93   88   83   77   71
   65   59   53   48   44   41   39   39   40
    72.5-180.0 180.0   5.0 450.0                            LAT/LON1/LON2/DLON/H
   47   49   51   55   59   64   69   73   76   78   78   77   75   72   69   66
   64   64   66   70   75   82   89   96  102  106  110  112  112  112  111  110
  107  104  100   94   88   81   74   66   58   51   45   41   39   40   43   48
   56   65   75   85   93  100  105  108  108  107  104  100   96   91   86   81
   76   71   66   61   56   52   49   48   47
    70.0-180.0 180.0   5.0 450.0                            LAT/LON1/LON2/DLON/H
   64   64   66   68   71   73   76   78   79   79   78   77   74   71   68   67
   68   71   77   86   97  108  120  130  137  142  145  145  144  141  137  134
  129  124  118  111  104   95   87   78   68   60   53   47   43   41   43   47
   54   63   72   81   90   97  101  103  104  103  100   98   96   93   91   89
   87   85   82   78   74   71   67   65   64
    67.5-180.0 180.0   5.0 450.0                            LAT/LON1/LON2/DLON/H
   84   84   85   86   87   87   87   86   85   83   81   78   75   72   71   72
   75   83   94  108  124  141  157  170  178  183  184  181  177  171  165  158
  152  144  137  128  119  109   99   88   78   69   59   51   45   40   39   40
   45   51   59   67   74   80   83   85   85   85   84   84   85   86   89   91
   94   95   96   95   93   90   88   86   84
    65.0-180.0 180.0   5.0 450.0                            LAT/LON1/LON2/DLON/H
  100  101  101  102  102  100   98   95   91   87   83   79   76   75   75   78
   85   96  112  131  153  174  193  208  218  221  220  215  209  201  193  185
  176  167  157  146  134  122  110   99   88   77   66   55   46   37   31   29
   29   32   37   43   48   52   55   56   56   57   58   60   64   70   77   85
   92   98  102  104  104  103  102  101  100
    62.5-180.0 180.0   5.0 450.0                            LAT/LON1/LON2/DLON/H
  106  108  110  111  110  108  104   99   93   88   83   79   77   76   78   84
   93  108  128  151  177  202  223  239  249  252  250  244  237  230  223  215
  205  194  181  167  152  137  123  110   98   86   74   60   47   34   23   15
   11   10   12   15   18   20   22   23   24   25   28   33   40   49   59   71
   81   90   97  101  103  104  104  105  106
    60.0-180.0 180.0   5.0 450.0                            LAT/LON1/LON2/DLON/H
   98  101  105  108  109  107  103   97   90   84   79   76   75   77   81   89
  101  118  140  166  193  220  242  259  268  272  271  267  263  259  255  249
  241  229  213  195  175  157  140  125  111   98   83   67   50   33   18    5
    0    0    0    0    0    0    0    0    0    0    4   10   18   29   40   52
   64   74   82   87   90   92   93   95   98
    57.5-180.0 180.0   5.0 450.0                            LAT/LON1/LON2/DLON/H
   78   84   89   94   97   97   93   88   82   76   72   70   72   76   83   93
  108  126  149  176  203  229  251  267  277  282  285  286  288  289  290  288
  281  269  250  228  204  181  160  143  127  113   97   78   58   37   18    3
    0    0    0    0    0    0    0    0    0    0    0    0    7   16   26   36
   47   55   62   66   69   70   72   74   78
    55.0-180.0 180.0   5.0 450.0                            LAT/LON1/LON2/DLON/H
   54   60   67   73   78   79   78   75   70   66   63   63   67   74   85   98
  115  135  157  182  208  232  253  268  279  287  294  302  311  320  327  328
  323  310  289  262  234  207  183  163  146  130  113   93   71   48   27   10
    0    0    0    0    0    0    0    0    0    0    0    3    9   15   21   28
   34   40   44   46   47   47   48   50   54
    52.5-180.0 180.0   5.0 450.0                            LAT/LON1/LON2/DLON/H
   33   38   44   51   57   60   62   60   58   55   55   57   64   74   88  105
  124  145  167  190  213  234  253  268  281  292  304  318  333  348  359  363
  359  345  322  293  262  232  206  184  166  149  131  110   87   63   43   27
   17   11    9    7    6    5    4    5    7   12   16   20   24   26   28   29
   31   33   34   34   33   31   30   31   33
    50.0-180.0 180.0   5.0 450.0                            LAT/LON1/LON2/DLON/H
   24   26   30   35   41   45   48   49   49   48   49   54   63   77   95  115
  137  159  180  201  222  241  258  273  287  301  317  335  353  370  381  385
  380  365  343  314  283  253  226  204  185  167  148  126  103   81   62   49
   42   39   38   37   35   33   31   31   34   38   42   46   47   46   44   41
   38   37   35   33   31   28   26   24   24
    47.5-180.0 180.0   5.0 450.0                            LAT/LON1/LON2/DLON/H
   28   27   27   29   33   38   42   45   46   47   49   54   65   82  104  128
  153  176  198  218  236  253  269  285  300  316  334  352  369  382  390  390
  383  368  347  322  294  267  242  220  201  182  162  140  118   97   81   71
   67   67   68   67   65   61   58   57   59   63   67   70   70   68   64   58
   54   50   47   44   42   39   36   32   28
    45.0-180.0 180.0   5.0 450.0                            LAT/LON1/LON2/DLON/H
   46   40   37   35   36   39   43   47   50   51   54   60   72   91  116  143
  171  196  218  238  256  272  289  305  321  337  353  367  378  383  383  377
  368  355  339  321  300  278  256  235  215  195  174  151  129  109   96   89
   88   90   92   91   87   82   77   75   76   79   84   87   87   86   82   77
   72   68   65   64   62   61   57   52   46
    42.5-180.0 180.0   5.0 450.0                            LAT/LON1/LON2/DLON/H
   70   62   55   50   48   49   52   55   58   60   63   69   82  103  130  160
  190  216  239  260  278  295  312  329  345  359  371  378  380  375  365  354
  344  335  328  319  307  291  273  253  231  208  184  160  137  118  106  101
  101  104  106  105  100   93   87   83   83   85   89   93   95   95   93   91
   88   85   83   83   84   85   83   78   70
    40.0-180.0 180.0   5.0 450.0                            LAT/LON1/LON2/DLON/H
   93   84   75   67   63   62   63   67   70   72   75   83   97  119  147  178
  209  236  260  281  300  318  336  353  368  379  385  385  377  363  346  333
  325  324  327  329  326  315  299  277  252  225  197  170  146  127  115  110
  110  113  114  112  106   99   92   86   84   85   87   90   93   96   98   98
   97   96   96   97  100  103  104  100   93
    37.5-180.0 180.0   5.0 450.0                            LAT/LON1/LON2/DLON/H
  107   99   90   82   76   73   74   77   80   84   89   98  114  137  167  198
  227  254  278  299  319  338  356  372  384  393  395  389  375  357  339  328
  327  337  351  363  366  358  339  314  283  251  218  187  161  141  128  123
  122  123  123  120  115  108  101   94   90   87   85   86   89   93   97  100
  101  101  101  102  106  111  114  112  107
    35.0-180.0 180.0   5.0 450.0                            LAT/LON1/LON2/DLON/H
  108  102   95   88   83   80   80   83   88   93  101  114  133  159  189  219
  246  271  293  314  334  352  369  382  393  399  399  393  380  365  353  352
  363  385  410  427  432  421  398  365  328  288  250  216  187  167  153  147
  144  144  143  141  137  132  125  117  109  101   94   90   90   93   97  101
  102  101   99   99  102  107  111  112  108
    32.5-180.0 180.0   5.0 450.0                            LAT/LON1/LON2/DLON/H
   98   94   89   85   81   80   80   84   90   99  112  130  154  182  213  241
  266  288  309  328  346  361  374  385  393  399  402  401  398  395  397  411
  437  471  503  522  522  503  471  430  385  339  297  260  230  209  196  189
  186  185  185  184  182  178  172  162  149  134  121  110  104  103  104  107
  106  102   96   92   91   95   98  100   98
    30.0-180.0 180.0   5.0 450.0                            LAT/LON1/LON2/DLON/H
   82   79   76   75   74   73   75   79   88  101  119  144  174  207  239  266
  288  307  325  341  356  367  375  382  388  397  407  419  431  447  469  502
  543  586  620  634  624  594  551  502  451  402  356  319  290  270  258  252
  250  250  251  251  250  247  240  228  210  188  167  148  135  127  124  122
  118  109   98   88   82   82   83   84   82
    27.5-180.0 180.0   5.0 450.0                            LAT/LON1/LON2/DLON/H
   67   63   61   62   63   64   67   73   83  100  125  156  194  231  265  292
  312  329  344  357  367  372  375  378  384  398  419  447  480  517  560  610
  664  712  742  746  724  681  628  573  520  470  426  389  363  345  335  332
  332  334  336  336  335  331  322  306  283  255  226  201  180  165  156  149
  140  127  110   94   82   77   74   71   67
    25.0-180.0 180.0   5.0 450.0                            LAT/LON1/LON2/DLON/H
   61   54   51   52   54   57   60   67   79   99  129  167  211  254  290  317
  337  353  365  375  380  380  377  377  386  407  441  486  539  596  656  719
  778  825  847  839  802  749  691  635  584  538  498  465  442  427  420  419
  421  424  427  426  423  415  402  382  354  322  289  258  232  212  197  186
  173  156  134  112   95   84   77   69   61
    22.5-180.0 180.0   5.0 450.0                            LAT/LON1/LON2/DLON/H
   67   56   50   49   51   54   58   65   77  100  133  177  226  273  312  341
  362  377  389  396  397  392  386  385  398  428  474  534  601  671  741  807
  865  904  915  894  848  789  732  681  638  600  566  538  518  506  500  499
  502  505  506  502  493  480  461  437  407  373  340  310  282  259  240  226
  211  192  167  142  120  105   93   81   67
    20.0-180.0 180.0   5.0 450.0                            LAT/LON1/LON2/DLON/H
   86   69   58   55   56   58   62   67   80  103  139  187  239  289  331  362
  385  402  413  418  416  409  402  403  422  460  517  586  659  732  800  861
  909  937  937  907  856  799  749  710  679  651  624  602  584  571  562  559
  559  560  558  548  531  510  486  459  429  398  370  343  319  296  278  263
  248  229  203  176  153  135  120  104   86
    17.5-180.0 180.0   5.0 450.0                            LAT/LON1/LON2/DLON/H
  111   90   75   69   67   68   70   75   87  111  148  197  251  303  346  380
  406  424  436  440  437  429  425  432  458  503  565  636  706  771  828  875
  910  925  915  881  833  785  748  725  707  690  670  650  631  614  599  589
  583  578  569  552  528  500  471  443  416  392  372  354  336  319  303  290
  277  260  236  209  186  168  152  133  111
    15.0-180.0 180.0   5.0 450.0                            LAT/LON1/LON2/DLON/H
  137  114   96   86   82   82   82   86   97  121  159  208  263  315  360  396
  424  445  457  461  458  453  454  469  502  553  615  680  739  788  827  856
  875  880  865  834  794  760  740  732  727  718  702  682  659  633  607  586
  570  558  541  517  486  453  423  397  376  361  351  344  335  324  313  303
  294  279  257  233  211  194  179  161  137
    12.5-180.0 180.0   5.0 450.0                            LAT/LON1/LON2/DLON/H
  159  135  115  103   97   94   94   97  109  133  173  223  276  328  373  411
  442  464  477  481  480  480  488  512  552  605  663  715  757  786  805  818
  824  823  809  785  758  740  735  739  743  738  723  700  669  632  592  556
  528  506  483  453  419  385  358  338  325  319  319  321  321  317  310  304
  297  285  267  245  226  211  198  181  159
    10.0-180.0 180.0   5.0 450.0                            LAT/LON1/LON2/DLON/H
  171  148  128  115  108  104  103  106  119  147  188  239  292  342  388  427
  460  483  497  501  503  509  526  558  603  655  704  741  764  774  777  778
  778  776  767  754  741  737  743  755  760  754  736  706  666  617  562  511
  471  440  412  381  348  318  297  285  281  283  290  299  305  305  301  297
  292  282  266  246  229  217  206  191  171
     7.5-180.0 180.0   5.0 450.0                            LAT/LON1/LON2/DLON/H
  174  154  135  122  113  109  107  112  128  159  204  257  310  359  404  445
  479  504  517  523  528  541  565  604  651  698  736  758  765  762  755  752
  753  755  756  754  753  758  768  779  781  768  743  706  658  597  530  466
  416  379  350  322  294  273  261  259  262  269  279  289  296  297  294  289
  284  274  259  241  226  214  205  192  174
     5.0-180.0 180.0   5.0 450.0                            LAT/LON1/LON2/DLON/H
  172  153  136  123  115  110  108  114  134  170  219  275  328  376  421  463
  499  525  539  546  556  574  605  646  691  731  758  767  764  754  748  749
  757  768  778  785  791  798  806  810  802  780  746  703  649  582  507  435
  379  341  314  292  274  263  263  269  278  286  293  299  302  300  294  287
  279  269  254  237  222  210  200  188  172
     2.5-180.0 180.0   5.0 450.0                            LAT/LON1/LON2/DLON/H
  169  152  136  123  114  109  107  116  139  179  233  291  345  393  438  481
  519  546  561  571  584  607  641  683  723  754  770  770  762  755  756  768
  786  807  825  837  844  848  848  840  819  787  747  700  644  575  499  426
  370  334  313  299  291  292  302  315  327  332  333  330  325  317  306  294
  283  271  256  240  224  210  198  185  169
