static/ion/2023-12-24.23i
     1.0            IONOSPHERE MAPS     GNSS                IONEX VERSION / TYPE
IONINX V5.5         AIUB                23-DEC-23 07:44     PGM / RUN BY / DATE 
CODE'S 2-DAY PREDICTED IONOSPHERE MAPS FOR DAY 358, 2023    COMMENT             
Global ionosphere maps (GIM) are generated on a daily basis DESCRIPTION         
at CODE using data from about 120 GNSS sites of the IGS and DESCRIPTION         
other institutions. The vertical total electron content     DESCRIPTION         
(VTEC) is modeled in a solar-geomagnetic reference frame    DESCRIPTION         
using a spherical harmonics expansion up to degree and      DESCRIPTION         
order 15. Piece-wise linear functions are used for          DESCRIPTION         
representation in the time domain. The time spacing of      DESCRIPTION         
their vertices is 1 hour, conforming with the epochs of the DESCRIPTION         
VTEC maps.                                                  DESCRIPTION         
To convert line-of-sight TEC into vertical TEC, a modified  DESCRIPTION         
single-layer model mapping function approximating the JPL   DESCRIPTION         
extended slab model mapping function is adopted. The        DESCRIPTION         
mapping function is evaluated at geodetic satellite         DESCRIPTION         
elevation angles. For the computation of the ionospheric    DESCRIPTION         
pierce points, a spherical layer with a radius of 6821 km   DESCRIPTION         
is assumed, implying geocentric, not geodetic IONEX         DESCRIPTION         
latitudes.                                                  DESCRIPTION         
Instrumental biases with respect to each involved GNSS code DESCRIPTION         
observable are estimated as constant values for each        DESCRIPTION         
day. They are modeled with one set of bias parameters for   DESCRIPTION         
each satellite and each station in case of GPS and for each DESCRIPTION         
satellite-station link in case of GLONASS. The code bias    DESCRIPTION         
datum is defined by zero-mean conditions imposed on the     DESCRIPTION         
satellite bias estimates. In this file, just GPS C1W-C2W    DESCRIPTION         
satellite and station bias values are included. The         DESCRIPTION         
complete set of GNSS code bias results is provided in an    DESCRIPTION         
additional Bias-SINEX file as pseudo-absolute values        DESCRIPTION         
specific to each observable.                                DESCRIPTION         
Contact address: code(at)aiub.unibe.ch                      DESCRIPTION         
Data archive:    ftp.aiub.unibe.ch/CODE/                    DESCRIPTION         
                 www.aiub.unibe.ch/download/CODE/           DESCRIPTION         
  2023    12    24     0     0     0                        EPOCH OF FIRST MAP  
  2023    12    25     0     0     0                        EPOCH OF LAST MAP   
  3600                                                      INTERVAL            
    25                                                      # OF MAPS IN FILE   
  NONE                                                      MAPPING FUNCTION    
    10.0                                                    ELEVATION CUTOFF    
One-way carrier phase leveled to code                       OBSERVABLES USED    
  6371.0                                                    BASE RADIUS         
     2                                                      MAP DIMENSION       
   450.0 450.0   0.0                                        HGT1 / HGT2 / DHGT  
    87.5 -87.5  -2.5                                        LAT1 / LAT2 / DLAT  
  -180.0 180.0   5.0                                        LON1 / LON2 / DLON  
    -1                                                      EXPONENT            
TEC/RMS values in 0.1 TECU; 9999, if no value available     COMMENT             
                                                            END OF HEADER       
[from data line 4290]
    11                                                      START OF TEC MAP    
  2023    12    24    10     0     0                        EPOCH OF CURRENT MAP
    87.5-180.0 180.0   5.0 450.0                            LAT/LON1/LON2/DLON/H
   54   55   56   57   58   59   60   62   63   64   65   66   67   68   69   70
   71   72   72   73   73   73   74   74   74   74   73   73   73   72   72   71
   71   70   69   68   67   66   65   64   63   62   61   60   58   57   56   55
   54   53   53   52   51   50   50   49   49   49   48   48   48   48   48   48
   48   49   49   50   50   51   52   53   54
    85.0-180.0 180.0   5.0 450.0                            LAT/LON1/LON2/DLON/H
   51   52   54   56   57   60   62   64   66   69   71   73   75   77   78   80
   81   82   83   84   84   85   85   85   85   85   85   84   84   83   83   82
   81   80   79   78   77   76   74   72   71   69   67   65   64   62   60   58
   57   55   54   53   52   51   50   49   48   48   47   47   47   46   46   46
   46   46   46   46   47   48   48   49   51
    82.5-180.0 180.0   5.0 450.0                            LAT/LON1/LON2/DLON/H
   51   52   53   55   57   59   62   65   68   71   73   76   79   81   83   84
   86   87   88   88   88   88   89   89   89   89   89   89   89   89   90   90
   90   90   90   89   89   88   87   86   84   82   81   79   77   75   73   71
   70   68   67   66   65   64   63   63   62   61   61   60   59   58   57   56
   55   54   53   52   51   51   50   50   51
    80.0-180.0 180.0   5.0 450.0                            LAT/LON1/LON2/DLON/H
   55   54   54   55   56   58   61   63   66   70   73   75   78   80   82   83
   84   85   85   85   85   85   85   85   85   85   86   87   88   90   92   93
   95   97   99  101  102  103  103  103  103  102  101  100   98   97   96   95
   93   93   92   91   91   91   90   90   89   88   87   86   84   82   80   78
   75   72   69   66   63   60   58   56   55
    77.5-180.0 180.0   5.0 450.0                            LAT/LON1/LON2/DLON/H
   61   58   57   56   56   57   59   61   64   66   69   72   74   76   77   78
   78   78   78   77   77   76   76   76   76   77   79   81   83   86   90   94
   99  103  108  112  116  120  122  124  126  127  127  127  127  127  127  127
  126  126  126  126  126  126  126  126  125  124  122  120  117  114  110  106
  102   97   91   86   80   75   70   65   61
    75.0-180.0 180.0   5.0 450.0                            LAT/LON1/LON2/DLON/H
   70   65   61   59   58   57   58   60   61   63   65   67   68   70   70   70
   70   70   69   68   68   67   67   67   68   69   71   74   78   82   87   94
  101  108  116  123  130  137  143  148  152  155  158  160  161  162  163  164
  165  165  165  166  166  165  164  163  161  159  156  153  149  144  139  134
  127  121  114  106   98   90   83   76   70
    72.5-180.0 180.0   5.0 450.0                            LAT/LON1/LON2/DLON/H
   78   72   67   63   61   60   60   60   61   62   63   64   64   64   65   64
   64   64   63   62   62   62   62   63   64   65   67   70   74   79   85   93
  102  112  123  133  144  154  163  171  178  184  189  193  196  199  201  202
  203  203  203  203  201  200  197  194  190  186  181  176  170  164  157  151
  144  137  129  121  112  103   94   86   78
    70.0-180.0 180.0   5.0 450.0                            LAT/LON1/LON2/DLON/H
   84   78   72   69   66   65   64   64   64   63   63   62   62   62   62   62
   62   61   61   61   62   62   63   64   66   67   69   71   75   79   85   93
  104  116  129  143  157  170  183  194  204  213  220  226  231  235  237  238
  238  237  235  232  229  224  219  213  206  199  191  182  174  166  159  152
  145  139  132  125  117  109  100   92   84
    67.5-180.0 180.0   5.0 450.0                            LAT/LON1/LON2/DLON/H
   85   80   76   73   72   71   70   70   69   67   66   64   63   62   62   62
   63   64   64   65   66   68   70   71   73   74   75   76   78   81   86   95
  106  120  136  152  169  186  201  216  228  240  249  257  263  267  269  269
  268  264  259  253  246  237  228  219  208  197  185  173  162  152  143  136
  130  126  121  117  111  105   99   92   85
    65.0-180.0 180.0   5.0 450.0                            LAT/LON1/LON2/DLON/H
   82   78   76   75   75   75   76   76   74   72   70   67   65   64   65   66
   67   69   70   72   73   75   78   80   82   83   83   82   82   84   89   97
  110  126  144  163  183  202  219  236  251  264  276  285  292  296  298  296
  291  284  275  265  253  241  228  214  200  185  169  153  139  126  115  108
  103  101  100   99   97   94   90   86   82
    62.5-180.0 180.0   5.0 450.0                            LAT/LON1/LON2/DLON/H
   75   73   73   73   75   77   79   79   78   76   73   70   68   67   68   69
   71   74   76   77   79   81   83   86   88   88   88   86   85   87   92  102
  116  134  155  176  198  218  238  256  273  288  301  312  319  323  323  318
  311  300  287  272  257  241  225  207  189  171  151  132  113   97   85   77
   73   72   74   77   79   79   78   77   75
    60.0-180.0 180.0   5.0 450.0                            LAT/LON1/LON2/DLON/H
   66   66   67   69   71   75   77   79   79   77   75   72   69   69   70   72
   75   77   79   80   81   82   84   86   88   88   87   86   85   88   95  108
  126  147  171  194  217  238  257  276  294  310  324  336  344  347  345  339
  329  315  298  281  262  243  224  205  185  163  141  118   96   77   62   52
   48   49   52   57   62   65   67   67   66
    57.5-180.0 180.0   5.0 450.0                            LAT/LON1/LON2/DLON/H
   61   61   61   63   66   69   72   75   76   76   74   71   69   68   69   72
   75   78   79   78   78   78   79   80   81   82   81   81   83   88  100  117
  140  165  191  216  239  259  278  296  314  331  346  358  366  369  367  359
  347  331  313  293  273  253  232  212  190  168  144  119   94   72   54   42
   37   37   41   48   54   58   60   61   61
    55.0-180.0 180.0   5.0 450.0                            LAT/LON1/LON2/DLON/H
   61   60   59   60   61   63   66   69   71   71   71   69   67   66   67   70
   74   76   76   75   72   70   70   70   70   71   72   73   79   89  107  130
  158  188  216  241  263  282  299  316  333  350  365  378  386  389  386  378
  366  350  331  311  290  270  249  228  207  184  159  133  108   84   64   50
   42   41   44   50   56   60   62   62   61
    52.5-180.0 180.0   5.0 450.0                            LAT/LON1/LON2/DLON/H
   68   66   63   62   60   60   61   63   66   67   68   66   65   64   65   68
   72   74   74   71   68   64   61   60   59   60   62   66   76   93  117  147
  180  213  242  267  287  304  319  334  349  365  380  393  401  405  402  395
  384  369  351  332  312  292  271  250  229  206  182  157  131  107   86   71
   61   58   59   63   67   70   71   70   68
    50.0-180.0 180.0   5.0 450.0                            LAT/LON1/LON2/DLON/H
   81   78   74   70   66   62   61   61   64   66   67   66   65   64   65   68
   72   74   74   72   67   61   57   54   52   52   56   64   78  100  130  165
  202  237  267  291  309  323  336  349  363  377  391  402  410  414  413  407
  398  386  370  353  333  313  292  270  248  226  204  180  156  133  113   97
   86   81   80   81   83   85   85   83   81
    47.5-180.0 180.0   5.0 450.0                            LAT/LON1/LON2/DLON/H
   95   93   89   84   78   72   67   66   67   69   70   70   68   67   67   70
   75   78   79   77   72   66   60   55   52   52   56   67   86  112  146  184
  223  258  286  309  325  338  349  360  372  384  396  406  413  416  417  413
  407  397  384  368  349  328  305  282  259  237  215  194  173  153  135  120
  109  102   98   98   98   98   98   97   95
    45.0-180.0 180.0   5.0 450.0                            LAT/LON1/LON2/DLON/H
  107  107  106  102   95   87   80   76   75   77   78   78   76   74   74   77
   82   87   89   88   84   78   71   64   59   59   64   77   99  128  163  201
  238  271  298  319  335  348  359  370  379  389  397  404  410  413  414  413
  409  402  391  376  357  335  310  284  258  235  213  194  177  161  146  133
  122  114  109  107  106  106  106  107  107
    42.5-180.0 180.0   5.0 450.0                            LAT/LON1/LON2/DLON/H
  112  115  118  117  112  105   96   90   88   88   89   89   87   85   86   89
   94   99  103  103  101   95   87   79   73   72   79   93  116  146  180  215
  248  278  303  323  341  355  368  378  386  392  397  401  404  407  409  409
  407  402  393  379  359  335  308  279  250  225  203  185  170  158  146  136
  126  117  110  106  105  105  106  109  112
    40.0-180.0 180.0   5.0 450.0                            LAT/LON1/LON2/DLON/H
  109  115  122  126  125  120  112  105  101  101  101  101  100   99  100  103
  108  114  118  119  118  113  105   97   90   89   96  112  136  164  194  224
  253  279  302  324  344  362  377  388  395  398  400  400  401  403  405  407
  406  403  394  380  361  336  308  276  245  217  193  175  162  152  143  134
  124  115  106  101   98   98   99  103  109
    37.5-180.0 180.0   5.0 450.0                            LAT/LON1/LON2/DLON/H
   99  108  117  125  129  128  122  117  112  111  111  112  113  113  115  118
  123  128  131  133  133  129  121  112  106  106  114  132  155  181  207  232
  255  278  301  325  349  372  391  403  409  410  409  407  406  407  409  412
  413  410  403  390  372  349  321  289  257  226  200  181  167  157  148  139
  129  117  106   98   93   90   91   94   99
    35.0-180.0 180.0   5.0 450.0                            LAT/LON1/LON2/DLON/H
   90   96  106  116  123  126  125  121  118  116  117  120  122  125  128  132
  136  139  141  143  143  140  133  124  118  119  130  150  173  197  220  240
  260  281  305  332  361  389  411  425  431  431  428  424  423  423  426  430
  433  431  426  416  401  382  357  328  296  265  236  214  197  185  175  164
  151  136  121  109   99   93   89   87   90
    32.5-180.0 180.0   5.0 450.0                            LAT/LON1/LON2/DLON/H
   88   88   94  102  111  118  120  119  117  116  118  122  127  133  138  142
  145  146  147  147  147  145  139  131  126  129  143  165  190  214  234  252
  271  292  318  349  382  414  438  454  460  460  457  454  453  455  459  465
  469  471  468  462  453  440  422  398  368  337  308  282  261  244  230  215
  198  179  160  142  126  113  101   93   88
    30.0-180.0 180.0   5.0 450.0                            LAT/LON1/LON2/DLON/H
  101   92   89   92   98  105  110  111  111  112  115  121  128  136  142  147
  149  149  148  147  147  146  141  134  131  136  154  179  207  232  253  272
  292  315  344  377  413  446  472  489  496  498  497  496  497  500  507  515
  523  527  529  529  527  522  511  494  469  440  410  381  355  333  313  294
  273  249  224  200  176  155  134  116  101
    27.5-180.0 180.0   5.0 450.0                            LAT/LON1/LON2/DLON/H
  133  112   98   92   92   96  101  104  105  106  110  117  125  134  142  147
  149  148  146  145  145  144  141  135  134  143  164  193  225  253  278  301
  324  351  381  415  451  484  510  527  537  542  545  547  550  556  565  576
  588  596  603  609  614  617  614  603  584  559  529  498  468  440  415  391
  366  339  309  278  248  217  188  159  133
    25.0-180.0 180.0   5.0 450.0                            LAT/LON1/LON2/DLON/H
  183  151  125  108   99   97   99  102  103  104  107  113  121  130  138  144
  146  145  143  142  143  144  141  138  138  150  174  208  244  278  308  337
  366  396  427  460  493  523  548  566  578  588  596  602  608  615  626  641
  655  668  679  690  701  711  714  708  694  673  645  614  580  547  517  490
  463  434  401  366  330  292  255  218  183
    22.5-180.0 180.0   5.0 450.0                            LAT/LON1/LON2/DLON/H
  244  205  169  141  122  112  110  110  109  108  109  112  118  125  133  138
  141  141  140  140  143  145  144  142  145  159  186  224  265  304  342  378
  412  444  475  504  533  560  583  602  618  632  645  655  663  671  684  700
  717  732  746  760  774  786  792  790  780  762  737  706  671  634  602  573
  546  517  484  447  407  366  325  284  244
    20.0-180.0 180.0   5.0 450.0                            LAT/LON1/LON2/DLON/H
  304  264  224  187  159  141  133  129  125  121  118  117  119  123  128  132
  136  138  139  141  145  148  149  148  153  170  201  242  287  332  376  418
  457  490  519  544  568  592  613  632  652  672  689  702  710  718  730  746
  764  779  793  807  821  832  838  835  826  811  790  760  724  686  652  624
  598  572  541  505  466  425  384  344  304
    17.5-180.0 180.0   5.0 450.0                            LAT/LON1/LON2/DLON/H
  353  317  278  239  205  181  166  157  150  141  134  128  125  124  126  129
  133  137  140  144  148  152  153  155  162  182  216  261  309  359  407  453
  494  527  553  574  595  615  636  657  680  703  724  738  746  753  763  777
  792  805  816  827  837  844  845  840  831  818  799  771  735  696  661  634
  611  588  561  529  493  457  421  387  353
    15.0-180.0 180.0   5.0 450.0                            LAT/LON1/LON2/DLON/H
  380  354  322  285  250  222  204  191  179  166  154  144  136  131  129  130
  134  139  143  147  152  155  157  161  171  195  232  279  330  381  432  480
  521  553  575  593  611  631  652  674  699  725  748  763  770  775  782  792
  802  810  816  821  826  827  822  813  801  789  772  745  709  669  633  606
  586  567  544  517  487  457  429  404  380
    12.5-180.0 180.0   5.0 450.0                            LAT/LON1/LON2/DLON/H
  381  366  345  316  284  257  237  222  207  191  176  162  151  142  136  135
  138  143  148  152  155  157  159  164  178  207  248  297  348  399  449  496
  536  565  585  601  619  639  661  685  711  739  762  777  783  786  789  795
  799  801  800  800  799  794  783  769  755  742  725  699  661  619  582  554
  534  517  497  475  451  428  408  393  381
    10.0-180.0 180.0   5.0 450.0                            LAT/LON1/LON2/DLON/H
  357  354  344  325  301  278  260  244  228  211  194  179  166  155  147  144
  145  149  153  156  156  156  158  165  184  217  262  313  363  412  459  502
  539  565  585  602  621  642  665  690  716  743  767  782  788  790  792  793
  792  787  781  775  769  760  746  729  713  699  681  652  612  567  527  496
  473  455  436  417  398  381  367  360  357
     7.5-180.0 180.0   5.0 450.0                            LAT/LON1/LON2/DLON/H
  319  323  322  314  299  282  267  253  238  222  206  192  180  168  159  154
  154  156  158  158  156  154  155  165  189  227  276  327  375  420  462  501
  534  559  578  597  619  642  666  690  715  741  764  780  788  792  793  792
  787  778  767  759  751  741  726  708  691  676  656  624  580  530  485  450
  423  400  380  361  345  331  321  317  319
     5.0-180.0 180.0   5.0 450.0                            LAT/LON1/LON2/DLON/H
  278  284  289  288  280  270  259  248  236  223  210  199  189  179  170  164
  162  162  162  159  154  151  153  166  195  238  289  339  384  423  460  494
  524  549  570  591  615  640  664  687  710  734  757  775  786  793  797  797
  790  779  768  759  753  744  731  715  699  683  660  624  575  521  471  430
  396  368  343  322  306  292  282  277  278
     2.5-180.0 180.0   5.0 450.0                            LAT/LON1/LON2/DLON/H
  249  252  256  258  255  249  242  234  225  215  206  199  193  185  177  171
  167  165  163  158  152  148  152  170  203  249  301  350  390  424  455  485
  514  539  563  587  613  638  660  681  702  725  748  768  784  796  804  807
  802  792  783  778  775  770  760  747  733  716  690  650  597  540  486  439
  399  364  334  310  292  277  264  254  249
