static/ion/2023-12-05.23i
     1.0            IONOSPHERE MAPS     GNSS                IONEX VERSION / TYPE
IONINX V5.5         AIUB                04-DEC-23 07:45     PGM / RUN BY / DATE 
CODE'S 2-DAY PREDICTED IONOSPHERE MAPS FOR DAY 339, 2023    COMMENT             
Global ionosphere maps (GIM) are generated on a daily basis DESCRIPTION         
at CODE using data from about 120 GNSS sites of the IGS and DESCRIPTION         
other institutions. The vertical total electron content     DESCRIPTION         
(VTEC) is modeled in a solar-geomagnetic reference frame    DESCRIPTION         
using a spherical harmonics expansion up to degree and      DESCRIPTION         
order 15. Piece-wise linear functions are used for          DESCRIPTION         
representation in the time domain. The time spacing of      DESCRIPTION         
their vertices is 1 hour, conforming with the epochs of the DESCRIPTION         
VTEC maps.                                                  DESCRIPTION         
To convert line-of-sight TEC into vertical TEC, a modified  DESCRIPTION         
single-layer model mapping function approximating the JPL   DESCRIPTION         
extended slab model mapping function is adopted. The        DESCRIPTION         
mapping function is evaluated at geodetic satellite         DESCRIPTION         
elevation angles. For the computation of the ionospheric    DESCRIPTION         
pierce points, a spherical layer with a radius of 6821 km   DESCRIPTION         
is assumed, implying geocentric, not geodetic IONEX         DESCRIPTION         
latitudes.                                                  DESCRIPTION         
Instrumental biases with respect to each involved GNSS code DESCRIPTION         
observable are estimated as constant values for each        DESCRIPTION         
day. They are modeled with one set of bias parameters for   DESCRIPTION         
each satellite and each station in case of GPS and for each DESCRIPTION         
satellite-station link in case of GLONASS. The code bias    DESCRIPTION         
datum is defined by zero-mean conditions imposed on the     DESCRIPTION         
satellite bias estimates. In this file, just GPS C1W-C2W    DESCRIPTION         
satellite and station bias values are included. The         DESCRIPTION         
complete set of GNSS code bias results is provided in an    DESCRIPTION         
additional Bias-SINEX file as pseudo-absolute values        DESCRIPTION         
specific to each observable.                                DESCRIPTION         
Contact address: code(at)aiub.unibe.ch                      DESCRIPTION         
Data archive:    ftp.aiub.unibe.ch/CODE/                    DESCRIPTION         
                 www.aiub.unibe.ch/download/CODE/           DESCRIPTION         
  2023    12     5     0     0     0                        EPOCH OF FIRST MAP  
  2023    12     6     0     0     0                        EPOCH OF LAST MAP   
  3600                                                      INTERVAL            
    25                                                      # OF MAPS IN FILE   
  NONE                                                      MAPPING FUNCTION    
    10.0                                                    ELEVATION CUTOFF    
One-way carrier phase leveled to code                       OBSERVABLES USED    
  6371.0                                                    BASE RADIUS         
     2                                                      MAP DIMENSION       
   450.0 450.0   0.0                                        HGT1 / HGT2 / DHGT  
    87.5 -87.5  -2.5                                        LAT1 / LAT2 / DLAT  
  -180.0 180.0   5.0                                        LON1 / LON2 / DLON  
    -1                                                      EXPONENT            
TEC/RMS values in 0.1 TECU; 9999, if no value available     COMMENT             
                                                            END OF HEADER       
[from data line 858]
     3                                                      START OF TEC MAP    
  2023    12     5     2     0     0                        EPOCH OF CURRENT MAP
    87.5-180.0 180.0   5.0 450.0                            LAT/LON1/LON2/DLON/H
   92   92   91   91   90   89   89   88   87   86   85   84   83   83   82   80
   79   78   77   76   75   73   72   71   70   68   67   66   65   65   64   63
   63   63   62   62   63   63   63   64   64   65   66   67   68   69   70   72
   73   74   75   77   78   79   81   82   83   85   86   87   88   89   90   91
   91   92   92   92   93   93   92   92   92
    85.0-180.0 180.0   5.0 450.0                            LAT/LON1/LON2/DLON/H
  103  102  100   99   97   96   94   93   92   90   89   88   87   86   85   84
   82   81   79   77   74   72   69   66   63   61   58   56   53   51   50   48
   48   47   47   47   48   49   50   51   53   54   56   58   60   62   64   66
   68   70   72   75   77   80   83   85   88   91   94   96   99  101  103  105
  106  107  107  108  107  107  106  105  103
    82.5-180.0 180.0   5.0 450.0                            LAT/LON1/LON2/DLON/H
  115  111  108  104  101   98   95   93   91   90   90   89   89   89   88   88
   87   85   83   81   78   74   70   66   61   56   52   48   44   41   38   37
   36   35   36   37   38   40   42   45   47   50   52   54   56   58   60   62
   64   66   69   71   74   78   82   86   90   95  100  105  110  114  118  121
  124  126  127  127  126  124  121  118  115
    80.0-180.0 180.0   5.0 450.0                            LAT/LON1/LON2/DLON/H
  131  124  117  110  104   99   94   91   88   87   86   87   87   88   90   91
   91   91   89   87   84   80   75   69   63   57   51   45   40   36   33   31
   30   31   32   34   37   40   43   46   50   53   55   57   58   60   60   61
   62   62   64   66   69   73   77   83   90   97  105  113  122  129  136  142
  147  150  152  152  150  147  143  137  131
    77.5-180.0 180.0   5.0 450.0                            LAT/LON1/LON2/DLON/H
  154  143  132  122  112  103   96   90   85   83   82   82   83   85   88   90
   92   94   94   93   91   87   82   76   70   63   56   50   44   40   37   35
   35   36   38   41   44   48   52   56   59   62   64   65   65   64   63   61
   60   58   58   59   62   66   71   79   88   98  110  122  134  146  157  167
  175  180  184  184  182  178  172  163  154
    75.0-180.0 180.0   5.0 450.0                            LAT/LON1/LON2/DLON/H
  185  171  156  142  128  115  104   95   87   82   79   77   78   79   82   86
   89   93   95   96   96   94   90   85   79   73   66   60   56   52   49   48
   48   49   51   54   58   62   66   69   72   74   75   74   72   69   66   62
   58   55   53   53   55   59   66   75   87  100  115  132  148  164  180  193
  205  213  219  221  220  215  208  197  185
    72.5-180.0 180.0   5.0 450.0                            LAT/LON1/LON2/DLON/H
  222  205  188  170  152  136  121  108   97   88   81   76   73   72   73   77
   81   86   91   94   96   97   95   92   88   84   79   75   71   69   67   66
   66   67   68   70   73   76   79   81   83   84   83   81   77   73   67   61
   56   51   49   48   50   55   63   74   88  104  123  142  163  183  202  219
  234  245  254  258  259  255  247  236  222
    70.0-180.0 180.0   5.0 450.0                            LAT/LON1/LON2/DLON/H
  259  242  223  203  183  164  146  129  114  100   88   78   70   65   63   65
   69   75   81   88   92   95   96   96   94   92   90   88   87   86   85   85
   84   83   83   83   84   85   86   87   87   87   85   82   78   72   66   59
   54   49   46   46   49   55   65   78   94  112  133  155  177  200  221  240
  258  272  283  290  292  291  284  274  259
    67.5-180.0 180.0   5.0 450.0                            LAT/LON1/LON2/DLON/H
  292  275  256  235  214  194  174  155  136  118  101   85   71   61   55   53
   56   62   70   78   84   89   92   94   94   95   96   97   98   98   98   97
   95   93   90   88   86   85   84   84   83   82   80   77   73   67   62   56
   51   48   46   48   53   61   72   87  104  124  146  169  192  214  236  256
  274  290  302  311  317  317  313  305  292
    65.0-180.0 180.0   5.0 450.0                            LAT/LON1/LON2/DLON/H
  314  299  281  261  240  220  199  179  159  138  117   96   77   61   50   45
   46   51   59   67   75   80   84   86   88   90   93   97  100  102  102  100
   97   93   88   83   79   76   75   74   73   72   70   68   64   60   55   51
   48   47   48   52   60   70   83  100  118  139  161  183  205  227  247  266
  283  298  312  322  329  333  332  325  314
    62.5-180.0 180.0   5.0 450.0                            LAT/LON1/LON2/DLON/H
  327  313  297  278  258  238  218  198  178  156  132  108   85   65   51   43
   41   45   52   59   66   70   73   75   76   79   83   88   93   95   96   94
   89   83   77   71   66   63   61   60   60   59   58   57   54   51   48   46
   45   46   50   58   68   81   96  114  134  154  176  198  218  238  256  272
  287  301  313  324  333  338  339  335  327
    60.0-180.0 180.0   5.0 450.0                            LAT/LON1/LON2/DLON/H
  331  319  304  286  267  247  228  209  190  168  145  120   95   73   56   46
   42   44   49   55   59   61   62   62   62   65   69   75   79   82   82   80
   75   68   62   57   53   50   49   49   49   49   49   48   47   44   42   41
   42   46   53   63   76   91  109  128  148  170  191  212  232  249  265  278
  291  302  313  322  331  337  339  338  331
    57.5-180.0 180.0   5.0 450.0                            LAT/LON1/LON2/DLON/H
  333  323  308  291  272  252  233  214  195  174  152  128  104   83   65   54
   49   49   51   54   56   55   53   51   50   52   56   61   65   68   67   64
   60   54   50   46   44   44   43   44   44   45   45   45   44   42   40   39
   41   46   55   67   83  100  119  140  161  183  205  226  245  262  275  287
  297  306  314  323  330  336  339  338  333
    55.0-180.0 180.0   5.0 450.0                            LAT/LON1/LON2/DLON/H
  337  329  316  299  279  258  237  216  196  176  155  133  112   92   75   64
   58   56   56   56   55   52   49   46   45   46   49   53   56   57   56   53
   49   46   44   44   44   45   46   47   47   48   48   48   47   44   41   40
   41   47   57   72   89  108  129  150  173  195  218  239  259  275  288  299
  307  315  322  328  334  339  342  342  337
    52.5-180.0 180.0   5.0 450.0                            LAT/LON1/LON2/DLON/H
  348  341  330  314  294  271  247  223  199  178  157  136  117   99   84   73
   66   62   60   59   57   54   51   49   48   49   51   54   55   55   52   49
   47   46   47   50   53   56   57   57   57   57   57   56   55   51   47   44
   45   51   62   77   96  117  138  160  183  207  230  252  272  289  303  314
  322  329  335  340  345  349  351  351  348
    50.0-180.0 180.0   5.0 450.0                            LAT/LON1/LON2/DLON/H
  364  360  352  339  319  295  266  237  209  182  159  139  121  105   91   80
   72   66   63   62   60   59   59   59   60   62   63   64   63   60   56   53
   52   53   56   61   66   70   71   70   69   68   68   68   66   62   57   52
   52   58   69   86  107  128  150  172  195  218  242  264  285  303  317  328
  337  345  351  356  360  363  365  365  364
    47.5-180.0 180.0   5.0 450.0                            LAT/LON1/LON2/DLON/H
  381  380  377  368  351  327  295  260  225  193  166  144  125  109   96   84
   75   68   65   64   66   68   72   76   79   81   81   79   75   70   66   62
   61   63   67   74   80   83   84   82   80   79   79   80   78   74   68   63
   62   68   81  100  121  143  165  186  208  231  253  275  295  313  328  340
  350  358  365  371  375  378  379  380  381
    45.0-180.0 180.0   5.0 450.0                            LAT/LON1/LON2/DLON/H
  392  396  397  394  383  360  328  289  248  210  177  152  132  115  101   88
   77   70   67   68   73   80   88   94   99  100   99   94   88   81   75   71
   70   71   76   82   88   91   91   89   87   87   88   90   90   87   81   75
   74   81   96  117  140  162  183  204  224  245  265  285  303  319  333  346
  356  366  374  381  385  388  389  390  392
    42.5-180.0 180.0   5.0 450.0                            LAT/LON1/LON2/DLON/H
  396  401  406  409  403  386  356  316  272  229  192  163  141  123  108   94
   82   74   72   76   84   95  104  112  115  115  111  105   97   89   82   78
   76   76   79   84   89   92   92   91   90   91   95   99  101   98   92   87
   87   96  113  136  160  183  204  223  242  260  278  295  310  323  335  347
  357  368  377  385  390  392  392  393  396
    40.0-180.0 180.0   5.0 450.0                            LAT/LON1/LON2/DLON/H
  391  395  401  407  407  396  371  334  290  246  207  176  153  134  118  103
   91   83   83   89   99  110  119  125  125  122  116  108  100   92   86   82
   78   77   78   81   85   89   91   91   93   96  101  107  109  108  102   97
   99  109  128  154  180  203  224  242  260  276  291  304  315  326  336  346
  357  367  377  385  391  393  392  390  391
    37.5-180.0 180.0   5.0 450.0                            LAT/LON1/LON2/DLON/H
  385  383  386  391  393  387  369  338  298  256  218  188  165  147  131  117
  105   98   99  106  116  125  131  132  128  122  115  107  100   94   90   86
   82   79   77   78   82   87   91   94   98  102  108  114  117  115  109  105
  107  119  141  168  196  221  242  260  277  292  305  315  323  331  340  350
  361  371  382  390  396  397  394  389  385
    35.0-180.0 180.0   5.0 450.0                            LAT/LON1/LON2/DLON/H
  388  378  372  370  370  366  353  328  295  258  224  196  176  160  146  133
  122  117  118  125  133  138  138  134  127  120  113  108  104  102  100   98
   93   88   83   82   85   91   98  104  108  112  117  122  123  120  114  109
  111  124  148  177  207  233  256  275  293  309  320  329  336  344  353  365
  376  388  398  407  412  413  409  400  388
    32.5-180.0 180.0   5.0 450.0                            LAT/LON1/LON2/DLON/H
  413  392  372  359  351  344  332  313  285  254  224  201  185  172  160  148
  139  135  136  141  146  147  143  136  129  123  120  119  120  123  124  123
  117  109  101   98  100  107  115  121  125  127  129  130  129  123  115  109
  112  126  151  182  214  242  267  289  309  326  339  349  357  367  379  394
  409  423  434  442  448  450  445  432  413
    30.0-180.0 180.0   5.0 450.0                            LAT/LON1/LON2/DLON/H
  468  436  402  373  352  337  323  304  279  251  225  205  191  181  171  161
  153  148  149  152  155  154  149  143  139  139  143  149  155  161  165  163
  156  145  134  127  128  134  141  145  145  143  140  137  132  124  114  108
  110  125  151  184  218  249  277  303  327  347  363  375  386  401  419  440
  460  477  489  499  506  509  506  492  468
    27.5-180.0 180.0   5.0 450.0                            LAT/LON1/LON2/DLON/H
  552  513  467  424  388  361  339  315  288  258  232  212  199  189  179  169
  161  156  155  157  159  160  159  160  166  175  187  200  210  218  221  218
  208  193  177  167  164  166  170  170  165  157  149  141  133  123  112  105
  108  124  152  187  223  257  289  319  348  372  392  408  424  445  470  498
  525  546  561  572  581  587  588  577  552
    25.0-180.0 180.0   5.0 450.0                            LAT/LON1/LON2/DLON/H
  656  617  565  510  462  423  389  356  321  285  254  229  212  199  187  176
  166  159  156  158  163  170  179  193  210  231  251  267  279  285  285  278
  264  244  224  209  201  198  196  190  179  165  152  141  131  120  109  103
  107  125  156  194  233  270  306  340  373  402  426  447  468  495  527  563
  596  621  639  651  662  673  680  677  656
    22.5-180.0 180.0   5.0 450.0                            LAT/LON1/LON2/DLON/H
  763  730  680  623  567  518  473  429  382  336  295  261  236  217  201  186
  173  163  159  163  173  190  213  241  271  301  326  342  350  351  345  332
  313  288  263  243  230  222  213  201  184  166  150  137  127  116  107  102
  109  130  165  206  248  289  328  366  403  435  463  488  514  546  584  624
  661  690  710  724  737  752  767  773  763
    20.0-180.0 180.0   5.0 450.0                            LAT/LON1/LON2/DLON/H
  852  832  792  740  686  633  581  526  467  409  356  311  275  247  225  206
  189  178  173  179  197  225  262  302  342  375  398  409  409  401  388  369
  344  316  287  263  246  232  218  200  180  159  142  130  121  113  105  104
  114  139  178  223  268  312  354  396  435  470  500  528  558  592  632  674
  713  743  764  777  791  810  832  849  852
    17.5-180.0 180.0   5.0 450.0                            LAT/LON1/LON2/DLON/H
  906  901  877  839  794  746  693  633  566  497  433  377  330  293  264  241
  223  210  206  215  240  278  324  371  412  441  454  454  443  426  405  380
  352  321  291  266  245  228  210  190  169  149  134  124  116  110  105  106
  121  151  194  243  291  338  382  425  465  502  534  564  594  629  667  707
  743  772  792  805  818  837  864  890  906
    15.0-180.0 180.0   5.0 450.0                            LAT/LON1/LON2/DLON/H
  916  925  919  900  872  836  790  730  661  588  517  453  398  353  319  294
  276  265  263  275  304  347  395  439  470  485  483  467  445  420  394  366
  336  306  278  253  233  215  196  176  157  140  127  120  114  109  105  109
  128  163  210  262  313  361  406  450  490  527  559  590  621  653  687  721
  752  777  794  805  815  833  860  891  916
    12.5-180.0 180.0   5.0 450.0                            LAT/LON1/LON2/DLON/H
  885  904  913  913  905  887  853  803  739  668  598  531  472  424  388  364
  348  340  341  355  384  424  464  494  507  500  479  449  417  387  360  334
  306  279  255  235  218  201  184  166  149  136  127  121  116  110  107  113
  134  173  224  278  331  379  425  467  506  542  575  606  636  665  692  718
  742  762  776  784  792  806  829  858  885
    10.0-180.0 180.0   5.0 450.0                            LAT/LON1/LON2/DLON/H
  830  851  869  884  895  895  877  840  788  728  665  603  545  496  462  441
  431  427  430  444  469  498  521  529  516  486  446  405  370  341  318  296
  273  252  234  220  208  194  179  164  151  141  134  128  121  113  109  116
  140  181  234  289  342  390  434  475  513  547  579  610  640  665  686  704
  721  736  748  755  760  769  784  806  830
     7.5-180.0 180.0   5.0 450.0                            LAT/LON1/LON2/DLON/H
  771  787  806  830  854  868  866  844  808  763  713  660  608  563  532  516
  510  510  515  527  542  555  556  537  499  448  396  351  319  298  282  267
  252  237  226  218  210  199  186  173  163  155  148  140  130  119  114  121
  146  188  241  296  347  394  437  475  510  542  573  604  633  656  673  685
  696  709  721  729  733  737  745  757  771
     5.0-180.0 180.0   5.0 450.0                            LAT/LON1/LON2/DLON/H
  730  736  751  775  804  826  834  825  805  776  741  700  656  615  588  575
  573  575  580  585  589  584  562  519  462  399  344  305  283  273  267  260
  251  242  236  233  227  217  205  192  182  175  166  155  141  127  121  128
  153  195  246  299  348  393  433  470  501  530  560  590  619  642  656  665
  675  688  702  714  721  724  726  727  730
     2.5-180.0 180.0   5.0 450.0                            LAT/LON1/LON2/DLON/H
  722  718  724  743  768  790  801  800  790  776  755  725  687  651  624  611
  608  609  609  608  599  577  536  479  414  353  307  281  273  276  279  278
  273  267  264  262  256  244  229  215  205  195  184  169  152  137  131  138
  164  205  253  302  348  390  428  461  489  515  542  571  600  623  638  648
  659  676  696  713  726  732  733  729  722
