static/ion/2023-12-27.23i
     1.0            IONOSPHERE MAPS     GNSS                IONEX VERSION / TYPE
IONINX V5.5         AIUB                26-DEC-23 07:40     PGM / RUN BY / DATE 
CODE'S 2-DAY PREDICTED IONOSPHERE MAPS FOR DAY 361, 2023    COMMENT             
Global ionosphere maps (GIM) are generated on a daily basis DESCRIPTION         
at CODE using data from about 120 GNSS sites of the IGS and DESCRIPTION         
other institutions. The vertical total electron content     DESCRIPTION         
(VTEC) is modeled in a solar-geomagnetic reference frame    DESCRIPTION         
using a spherical harmonics expansion up to degree and      DESCRIPTION         
order 15. Piece-wise linear functions are used for          DESCRIPTION         
representation in the time domain. The time spacing of      DESCRIPTION         
their vertices is 1 hour, conforming with the epochs of the DESCRIPTION         
VTEC maps.                                                  DESCRIPTION         
To convert line-of-sight TEC into vertical TEC, a modified  DESCRIPTION         
single-layer model mapping function approximating the JPL   DESCRIPTION         
extended slab model mapping function is adopted. The        DESCRIPTION         
mapping function is evaluated at geodetic satellite         DESCRIPTION         
elevation angles. For the computation of the ionospheric    DESCRIPTION         
pierce points, a spherical layer with a radius of 6821 km   DESCRIPTION         
is assumed, implying geocentric, not geodetic IONEX         DESCRIPTION         
latitudes.                                                  DESCRIPTION         
Instrumental biases with respect to each involved GNSS code DESCRIPTION         
observable are estimated as constant values for each        DESCRIPTION         
day. They are modeled with one set of bias parameters for   DESCRIPTION         
each satellite and each station in case of GPS and for each DESCRIPTION         
satellite-station link in case of GLONASS. The code bias    DESCRIPTION         
datum is defined by zero-mean conditions imposed on the     DESCRIPTION         
satellite bias estimates. In this file, just GPS C1W-C2W    DESCRIPTION         
satellite and station bias values are included. The         DESCRIPTION         
complete set of GNSS code bias results is provided in an    DESCRIPTION         
additional Bias-SINEX file as pseudo-absolute values        DESCRIPTION         
specific to each observable.                                DESCRIPTION         
Contact address: code(at)aiub.unibe.ch                      DESCRIPTION         
Data archive:    ftp.aiub.unibe.ch/CODE/                    DESCRIPTION         
                 www.aiub.unibe.ch/download/CODE/           DESCRIPTION         
  2023    12    27     0     0     0                        EPOCH OF FIRST MAP  
  2023    12    28     0     0     0                        EPOCH OF LAST MAP   
  3600                                                      INTERVAL            
    25                                                      # OF MAPS IN FILE   
  NONE                                                      MAPPING FUNCTION    
    10.0                                                    ELEVATION CUTOFF    
One-way carrier phase leveled to code                       OBSERVABLES USED    
  6371.0                                                    BASE RADIUS         
     2                                                      MAP DIMENSION       
   450.0 450.0   0.0                                        HGT1 / HGT2 / DHGT  
    87.5 -87.5  -2.5                                        LAT1 / LAT2 / DLAT  
  -180.0 180.0   5.0                                        LON1 / LON2 / DLON  
    -1                                                      EXPONENT            
TEC/RMS values in 0.1 TECU; 9999, if no value available     COMMENT             
                                                            END OF HEADER       
[from data line 3003]
     8                                                      START OF TEC MAP    
  2023    12    27     7     0     0                        EPOCH OF CURRENT MAP
    87.5-180.0 180.0   5.0 450.0                            LAT/LON1/LON2/DLON/H
   65   65   66   66   67   67   68   69   70   71   72   73   74   75   76   77
   77   78   79   79   80   80   80   81   81   81   81   81   81   81   81   80
   80   80   80   80   79   79   79   79   78   78   78   78   78   77   77   77
   77   77   76   76   76   75   75   74   74   73   73   72   71   70   70   69
   68   68   67   66   66   66   65   65   65
    85.0-180.0 180.0   5.0 450.0                            LAT/LON1/LON2/DLON/H
   56   56   56   57   58   60   62   64   66   69   71   74   76   79   81   82
   84   85   86   87   87   87   87   87   87   87   86   86   86   85   85   85
   84   84   83   83   83   82   82   82   82   82   82   82   83   83   84   84
   85   85   86   86   87   87   87   86   86   84   83   82   80   77   75   73
   70   68   65   63   61   59   58   56   56
    82.5-180.0 180.0   5.0 450.0                            LAT/LON1/LON2/DLON/H
   48   47   47   47   49   52   55   59   63   67   71   75   79   83   86   88
   89   91   91   91   91   90   90   89   88   87   87   86   86   86   86   86
   86   85   85   85   85   84   84   84   84   85   85   87   88   90   92   95
   97  100  103  105  107  109  110  110  110  109  107  105  102   98   93   88
   83   78   72   67   62   57   53   50   48
    80.0-180.0 180.0   5.0 450.0                            LAT/LON1/LON2/DLON/H
   44   41   40   40   41   44   48   53   59   65   70   76   81   85   88   90
   92   92   92   91   90   88   86   84   83   82   82   82   82   83   84   85
   85   86   86   86   86   85   85   85   85   86   88   91   94   98  103  108
  114  120  126  131  136  140  143  145  146  145  143  140  136  130  123  116
  107   98   89   80   71   62   55   49   44
    77.5-180.0 180.0   5.0 450.0                            LAT/LON1/LON2/DLON/H
   46   41   37   36   36   39   43   49   55   61   68   74   79   84   87   89
   90   90   88   86   84   81   78   76   74   74   74   75   77   79   81   84
   85   87   87   88   87   86   86   85   86   87   90   95  100  108  116  125
  135  145  154  163  170  177  182  185  187  187  185  181  176  169  161  151
  139  127  114  101   88   75   64   54   46
    75.0-180.0 180.0   5.0 450.0                            LAT/LON1/LON2/DLON/H
   54   46   40   37   36   38   41   46   52   58   64   70   75   79   82   84
   85   84   83   80   76   73   70   67   66   66   67   69   73   76   80   84
   87   89   89   89   88   87   85   85   85   87   92   98  107  118  131  144
  158  172  185  197  207  215  221  225  227  227  225  221  215  207  198  186
  173  158  142  126  109   93   79   65   54
    72.5-180.0 180.0   5.0 450.0                            LAT/LON1/LON2/DLON/H
   66   56   48   43   41   41   43   46   50   55   59   64   68   72   75   78
   79   79   77   74   71   68   65   62   61   62   64   68   72   77   82   86
   89   91   91   90   88   86   83   83   84   87   94  103  116  131  148  166
  184  201  217  230  241  249  255  258  259  258  255  251  245  237  227  215
  201  185  168  150  131  113   95   80   66
    70.0-180.0 180.0   5.0 450.0                            LAT/LON1/LON2/DLON/H
   79   67   58   52   49   47   48   49   51   53   55   58   61   65   68   71
   74   75   75   73   71   68   65   63   63   64   67   71   75   80   85   89
   91   92   91   89   85   82   80   80   82   88   97  110  127  147  168  190
  211  231  247  261  271  277  281  281  280  277  273  267  260  252  243  231
  218  202  185  167  148  128  110   93   79
    67.5-180.0 180.0   5.0 450.0                            LAT/LON1/LON2/DLON/H
   87   76   67   61   58   56   55   54   53   53   53   54   56   59   63   67
   72   75   77   77   76   74   71   70   70   71   73   77   81   85   88   90
   90   89   87   84   80   77   76   77   82   90  103  121  142  165  190  215
  238  259  275  287  295  298  298  295  290  284  278  270  263  255  245  234
  222  207  191  173  155  136  118  102   87
    65.0-180.0 180.0   5.0 450.0                            LAT/LON1/LON2/DLON/H
   90   80   72   67   64   63   61   60   57   55   53   52   53   56   61   67
   73   79   82   84   84   82   80   79   78   79   81   83   86   87   88   88
   86   83   80   76   74   72   73   77   84   97  114  135  160  187  214  241
  265  284  299  308  312  312  308  301  293  284  275  266  257  248  238  228
  215  202  186  170  153  135  118  103   90
    62.5-180.0 180.0   5.0 450.0                            LAT/LON1/LON2/DLON/H
   86   78   72   68   67   66   65   64   61   58   55   53   54   57   63   70
   78   85   90   92   92   90   88   86   85   85   86   87   87   87   85   82
   78   74   71   68   67   68   72   80   92  108  129  154  182  210  239  265
  288  306  318  325  325  322  314  304  293  282  271  261  251  240  229  218
  205  191  176  160  143  127  112   98   86
    60.0-180.0 180.0   5.0 450.0                            LAT/LON1/LON2/DLON/H
   78   71   66   65   65   66   66   66   64   61   58   56   57   61   67   76
   84   92   96   98   97   94   91   89   87   87   87   87   85   83   79   74
   69   65   62   61   63   68   76   88  104  125  149  176  205  235  263  288
  308  323  333  336  335  329  320  309  297  285  273  262  250  238  225  212
  197  182  166  149  132  116  101   89   78
    57.5-180.0 180.0   5.0 450.0                            LAT/LON1/LON2/DLON/H
   70   63   59   58   59   62   64   65   65   64   62   61   62   66   73   81
   90   96   99   99   97   93   89   86   84   84   84   83   81   77   71   66
   61   58   58   60   65   74   86  103  122  146  172  200  229  258  284  306
  323  336  342  344  342  336  327  317  306  295  284  272  259  245  230  214
  197  179  161  142  124  108   93   80   70
    55.0-180.0 180.0   5.0 450.0                            LAT/LON1/LON2/DLON/H
   66   59   55   53   54   57   60   63   65   65   64   65   67   71   78   85
   92   97   98   96   92   87   83   80   78   78   79   78   76   71   66   61
   58   57   59   65   74   87  103  122  144  169  196  224  252  278  301  320
  334  344  348  349  347  342  336  328  319  311  301  290  277  261  244  225
  205  184  163  142  123  105   89   76   66
    52.5-180.0 180.0   5.0 450.0                            LAT/LON1/LON2/DLON/H
   68   61   56   53   53   55   59   62   65   67   67   69   71   76   81   87
   92   94   93   90   85   80   76   73   73   74   75   75   73   69   65   62
   61   63   68   77   90  105  124  145  168  193  219  246  272  296  316  331
  342  348  351  352  350  347  343  339  333  327  319  309  296  280  261  239
  217  194  171  149  127  108   91   78   68
    50.0-180.0 180.0   5.0 450.0                            LAT/LON1/LON2/DLON/H
   77   70   64   60   58   59   61   65   68   70   71   73   75   79   83   87
   90   90   88   85   81   76   73   72   73   75   76   77   75   73   69   68
   69   74   83   95  110  127  147  168  191  215  240  265  289  311  328  340
  348  352  353  352  351  350  348  346  343  339  333  324  311  294  273  251
  227  204  180  156  134  115   99   87   77
    47.5-180.0 180.0   5.0 450.0                            LAT/LON1/LON2/DLON/H
   90   84   78   73   70   68   69   72   74   76   77   78   80   82   85   87
   88   87   86   84   81   79   78   78   80   82   84   84   83   80   78   78
   82   89  100  115  131  150  171  192  213  236  259  282  304  323  339  349
  354  355  354  352  351  350  349  348  346  343  337  328  315  297  276  253
  230  207  184  161  139  121  107   97   90
    45.0-180.0 180.0   5.0 450.0                            LAT/LON1/LON2/DLON/H
  101   98   94   89   84   82   82   83   85   86   86   86   86   88   89   89
   89   89   89   89   90   91   91   92   94   96   97   96   93   90   88   89
   94  103  116  133  151  171  192  212  233  253  275  296  317  335  349  358
  361  360  357  353  351  349  348  346  343  339  332  322  308  289  267  245
  222  201  179  157  138  122  111  104  101
    42.5-180.0 180.0   5.0 450.0                            LAT/LON1/LON2/DLON/H
  106  107  105  102   98   95   95   96   98   98   97   96   95   95   95   95
   95   96   98  102  106  109  111  112  113  113  111  109  104  100   97   98
  103  113  128  146  167  188  210  231  250  270  289  309  329  347  361  369
  371  368  363  358  354  351  348  345  340  333  324  312  295  275  252  229
  208  187  167  147  129  115  107  105  106
    40.0-180.0 180.0   5.0 450.0                            LAT/LON1/LON2/DLON/H
  102  107  108  107  104  103  104  107  109  109  108  107  105  105  105  105
  106  109  113  120  126  131  133  133  132  129  125  120  113  107  103  103
  108  118  134  154  177  201  225  247  267  285  303  322  342  360  374  382
  384  380  374  368  364  361  357  352  344  335  324  308  289  266  241  217
  195  175  154  134  116  103   97   98  102
    37.5-180.0 180.0   5.0 450.0                            LAT/LON1/LON2/DLON/H
   92   98  101  102  102  103  106  111  115  117  117  116  116  116  117  118
  121  125  132  140  147  152  153  151  146  141  134  127  118  111  105  104
  108  117  134  156  182  210  237  261  282  300  318  336  355  373  388  397
  400  397  392  387  384  383  380  375  367  356  342  324  302  276  248  222
  198  175  151  128  107   92   86   87   92
    35.0-180.0 180.0   5.0 450.0                            LAT/LON1/LON2/DLON/H
   81   85   88   89   91   94  100  108  115  119  121  122  123  125  128  131
  136  142  149  158  164  167  166  161  154  146  138  129  120  112  105  103
  105  114  130  154  184  217  248  275  297  316  334  351  369  388  403  414
  420  419  417  416  418  420  422  419  413  402  388  369  344  315  285  255
  226  199  170  140  113   93   81   78   81
    32.5-180.0 180.0   5.0 450.0                            LAT/LON1/LON2/DLON/H
   78   77   77   76   77   81   88   98  107  114  119  123  126  130  135  141
  148  155  163  170  174  174  170  163  155  146  137  129  120  113  106  102
  103  111  127  153  186  223  258  288  313  333  350  367  385  403  420  434
  443  448  451  456  464  474  482  485  482  474  461  443  418  388  355  321
  288  253  217  179  143  113   93   82   78
    30.0-180.0 180.0   5.0 450.0                            LAT/LON1/LON2/DLON/H
   92   83   77   72   70   72   78   86   96  105  112  118  124  130  138  147
  155  163  170  174  176  173  168  160  151  142  135  128  121  116  110  106
  105  110  126  153  189  230  268  302  328  349  367  384  401  420  439  457
  471  482  492  505  521  539  555  565  568  565  556  541  518  488  454  418
  379  338  293  246  199  159  127  106   92
    27.5-180.0 180.0   5.0 450.0                            LAT/LON1/LON2/DLON/H
  129  111   97   87   79   76   77   82   89   98  105  112  119  127  136  146
  156  164  170  172  171  167  161  154  146  139  133  128  125  123  119  114
  111  115  129  157  195  238  279  314  343  366  385  402  420  440  461  483
  503  521  538  558  582  608  632  649  658  661  657  647  628  601  568  531
  490  444  392  336  280  229  186  153  129
    25.0-180.0 180.0   5.0 450.0                            LAT/LON1/LON2/DLON/H
  188  161  141  125  111  100   93   91   93   98  104  110  116  124  133  143
  153  161  166  166  163  159  154  149  144  139  134  132  133  133  131  126
  121  122  136  164  203  247  289  326  357  382  403  422  441  462  487  513
  539  563  586  612  642  673  702  724  738  746  747  742  729  707  678  644
  603  555  500  439  376  317  265  222  188
    22.5-180.0 180.0   5.0 450.0                            LAT/LON1/LON2/DLON/H
  263  232  207  187  167  148  132  121  115  114  115  118  121  126  133  141
  150  158  161  160  157  153  151  149  146  142  139  139  141  144  144  138
  132  132  145  173  212  256  300  338  371  399  423  444  464  488  516  546
  576  604  631  660  692  724  754  777  794  804  810  810  803  788  765  735
  698  652  598  537  473  410  353  303  263
    20.0-180.0 180.0   5.0 450.0                            LAT/LON1/LON2/DLON/H
  343  311  286  264  241  216  191  170  156  147  142  139  138  138  140  145
  152  158  160  158  155  153  153  154  153  149  145  145  149  154  153  147
  140  140  153  182  222  267  310  350  385  416  443  467  490  516  546  580
  612  643  670  698  727  757  783  804  819  830  838  841  840  831  815  792
  761  721  672  616  555  494  436  384  343
    17.5-180.0 180.0   5.0 450.0                            LAT/LON1/LON2/DLON/H
  414  385  364  344  321  292  262  234  212  197  186  177  169  163  159  159
  161  164  165  163  159  159  161  163  162  156  151  149  153  158  157  150
  143  144  160  191  232  277  320  362  400  435  465  492  517  545  576  611
  644  674  699  723  747  770  789  804  815  823  830  836  838  835  825  808
  785  754  714  666  612  556  502  453  414
    15.0-180.0 180.0   5.0 450.0                            LAT/LON1/LON2/DLON/H
  464  441  425  411  391  363  332  302  276  256  240  225  212  199  189  183
  180  179  177  174  170  170  172  173  169  161  153  149  152  155  153  146
  139  143  163  198  241  287  331  374  415  453  487  516  543  571  603  637
  669  695  717  735  752  768  779  787  791  795  799  804  808  807  802  791
  775  752  722  685  640  592  543  499  464
    12.5-180.0 180.0   5.0 450.0                            LAT/LON1/LON2/DLON/H
  488  470  460  451  437  415  388  360  335  314  296  278  260  243  227  214
  205  200  196  191  186  183  182  181  174  162  150  145  145  147  144  136
  131  140  165  205  250  296  341  385  429  470  506  537  564  592  623  655
  684  707  724  738  749  758  764  764  762  761  761  763  766  766  762  754
  743  727  706  678  643  601  558  518  488
    10.0-180.0 180.0   5.0 450.0                            LAT/LON1/LON2/DLON/H
  486  470  464  459  451  437  417  397  377  359  341  323  304  284  264  246
  233  223  216  209  202  195  191  185  174  159  145  137  136  136  131  123
  122  136  168  212  259  305  350  395  441  484  522  553  580  607  635  664
  689  709  724  735  745  751  753  750  743  737  733  731  731  728  723  716
  707  695  680  658  629  592  552  515  486
     7.5-180.0 180.0   5.0 450.0                            LAT/LON1/LON2/DLON/H
  467  448  440  437  433  426  416  405  393  381  367  352  334  315  293  272
  255  243  234  225  215  205  196  185  171  153  138  130  128  126  119  113
  115  134  172  219  268  314  358  403  449  493  531  562  588  614  640  665
  688  706  721  734  745  753  756  753  745  735  727  721  717  710  702  692
  681  671  657  638  611  576  536  497  467
     5.0-180.0 180.0   5.0 450.0                            LAT/LON1/LON2/DLON/H
  440  415  401  394  391  388  386  385  382  376  368  356  343  327  307  285
  267  254  244  235  223  210  197  182  166  149  135  127  124  120  113  107
  113  137  179  228  276  320  362  406  452  496  534  564  590  614  638  661
  683  701  719  736  754  769  777  778  770  759  748  739  730  719  706  691
  677  663  649  629  600  563  520  477  440
     2.5-180.0 180.0   5.0 450.0                            LAT/LON1/LON2/DLON/H
  420  384  360  346  339  338  340  344  348  347  343  337  328  317  300  281
  264  252  244  236  225  210  195  180  163  148  136  129  125  120  112  108
  117  146  189  238  284  324  364  406  451  494  530  561  586  610  633  656
  677  698  721  746  772  796  813  819  814  803  791  778  766  751  733  713
  693  676  657  634  602  561  514  464  420
