static/ion/2023-12-08.23i
     1.0            IONOSPHERE MAPS     GNSS                IONEX VERSION / TYPE
IONINX V5.5         AIUB                07-DEC-23 10:27     PGM / RUN BY / DATE 
CODE'S 2-DAY PREDICTED IONOSPHERE MAPS FOR DAY 342, 2023    COMMENT             
Global ionosphere maps (GIM) are generated on a daily basis DESCRIPTION         
at CODE using data from about 120 GNSS sites of the IGS and DESCRIPTION         
other institutions. The vertical total electron content     DESCRIPTION         
(VTEC) is modeled in a solar-geomagnetic reference frame    DESCRIPTION         
using a spherical harmonics expansion up to degree and      DESCRIPTION         
order 15. Piece-wise linear functions are used for          DESCRIPTION         
representation in the time domain. The time spacing of      DESCRIPTION         
their vertices is 1 hour, conforming with the epochs of the DESCRIPTION         
VTEC maps.                                                  DESCRIPTION         
To convert line-of-sight TEC into vertical TEC, a modified  DESCRIPTION         
single-layer model mapping function approximating the JPL   DESCRIPTION         
extended slab model mapping function is adopted. The        DESCRIPTION         
mapping function is evaluated at geodetic satellite         DESCRIPTION         
elevation angles. For the computation of the ionospheric    DESCRIPTION         
pierce points, a spherical layer with a radius of 6821 km   DESCRIPTION         
is assumed, implying geocentric, not geodetic IONEX         DESCRIPTION         
latitudes.                                                  DESCRIPTION         
Instrumental biases with respect to each involved GNSS code DESCRIPTION         
observable are estimated as constant values for each        DESCRIPTION         
day. They are modeled with one set of bias parameters for   DESCRIPTION         
each satellite and each station in case of GPS and for each DESCRIPTION         
satellite-station link in case of GLONASS. The code bias    DESCRIPTION         
datum is defined by zero-mean conditions imposed on the     DESCRIPTION         
satellite bias estimates. In this file, just GPS C1W-C2W    DESCRIPTION         
satellite and station bias values are included. The         DESCRIPTION         
complete set of GNSS code bias results is provided in an    DESCRIPTION         
additional Bias-SINEX file as pseudo-absolute values        DESCRIPTION         
specific to each observable.                                DESCRIPTION         
Contact address: code(at)aiub.unibe.ch                      DESCRIPTION         
Data archive:    ftp.aiub.unibe.ch/CODE/                    DESCRIPTION         
                 www.aiub.unibe.ch/download/CODE/           DESCRIPTION         
  2023    12     8     0     0     0                        EPOCH OF FIRST MAP  
  2023    12     9     0     0     0                        EPOCH OF LAST MAP   
  3600                                                      INTERVAL            
    25                                                      # OF MAPS IN FILE   
  NONE                                                      MAPPING FUNCTION    
    10.0                                                    ELEVATION CUTOFF    
One-way carrier phase leveled to code                       OBSERVABLES USED    
  6371.0                                                    BASE RADIUS         
     2                                                      MAP DIMENSION       
   450.0 450.0   0.0                                        HGT1 / HGT2 / DHGT  
    87.5 -87.5  -2.5                                        LAT1 / LAT2 / DLAT  
  -180.0 180.0   5.0                                        LON1 / LON2 / DLON  
    -1                                                      EXPONENT            
TEC/RMS values in 0.1 TECU; 9999, if no value available     COMMENT             
                                                            END OF HEADER       
[from data line 9009]
    22                                                      START OF TEC MAP    
  2023    12     8    21     0     0                        EPOCH OF CURRENT MAP
    87.5-180.0 180.0   5.0 450.0                            LAT/LON1/LON2/DLON/H
   74   75   75   76   77   78   80   81   82   83   84   85   86   87   88   88
   89   89   89   89   89   89   89   89   88   88   87   86   86   85   84   83
   82   82   81   80   79   79   78   77   77   76   76   76   76   75   75   75
   75   75   75   75   75   75   75   75   75   75   74   74   74   74   73   73
   73   73   72   72   73   73   73   73   74
    85.0-180.0 180.0   5.0 450.0                            LAT/LON1/LON2/DLON/H
   59   61   63   65   68   71   74   78   81   85   88   91   93   95   97   98
   99  100  100   99   99   98   97   96   95   94   92   91   89   88   86   85
   83   81   80   78   76   75   73   72   71   70   70   69   69   69   70   70
   71   72   73   74   74   75   75   75   75   74   74   73   71   70   68   66
   64   62   61   59   58   58   58   58   59
    82.5-180.0 180.0   5.0 450.0                            LAT/LON1/LON2/DLON/H
   38   41   44   49   54   60   67   74   81   87   93   99  103  106  108  110
  110  110  109  107  105  104  102  100   98   97   95   94   93   91   89   88
   86   83   81   78   76   73   71   69   67   65   64   64   64   64   65   67
   69   71   73   76   78   79   80   81   81   80   78   75   72   69   64   60
   56   51   47   43   40   38   37   37   38
    80.0-180.0 180.0   5.0 450.0                            LAT/LON1/LON2/DLON/H
   17   21   26   33   41   51   62   73   84   94  103  111  116  120  122  122
  120  117  114  110  106  103  100   98   97   96   96   95   95   95   95   94
   92   90   87   84   81   77   73   70   67   64   62   61   61   62   64   66
   69   73   76   80   83   86   88   89   89   87   85   81   76   70   64   56
   49   42   35   29   23   19   17   16   17
    77.5-180.0 180.0   5.0 450.0                            LAT/LON1/LON2/DLON/H
    5    8   15   24   35   48   63   78   93  107  119  129  135  138  138  135
  130  123  116  108  102   97   93   91   91   91   93   95   98  100  101  102
  101  100   97   94   90   86   81   76   72   68   65   63   62   63   65   68
   71   76   81   85   89   93   95   96   96   94   91   86   80   73   64   55
   46   37   28   20   13    8    5    3    5
    75.0-180.0 180.0   5.0 450.0                            LAT/LON1/LON2/DLON/H
    6   10   17   27   40   56   73   92  110  128  142  153  159  161  158  150
  140  128  116  104   95   87   83   81   82   85   89   94   98  102  106  108
  109  108  106  103  100   95   90   85   80   75   71   68   67   67   68   71
   75   80   84   89   93   96   98   99   98   96   92   87   81   74   65   56
   47   38   29   21   14    9    6    5    6
    72.5-180.0 180.0   5.0 450.0                            LAT/LON1/LON2/DLON/H
   24   28   35   45   58   74   93  113  134  154  170  182  188  187  181  169
  153  135  118  102   88   79   74   72   74   78   83   89   96  101  105  108
  109  109  108  106  103   99   95   90   86   81   77   74   72   72   73   75
   78   82   86   89   92   94   95   94   93   91   87   83   78   72   65   58
   51   44   37   31   27   24   22   22   24
    70.0-180.0 180.0   5.0 450.0                            LAT/LON1/LON2/DLON/H
   56   60   66   75   86  101  119  139  161  182  200  213  218  216  207  191
  170  147  125  105   88   77   70   67   68   72   77   83   88   93   96   99
  100   99   99   97   95   93   91   89   86   83   80   78   76   76   76   77
   79   82   84   86   86   86   85   83   81   78   76   73   70   67   63   60
   56   52   50   48   48   48   50   52   56
    67.5-180.0 180.0   5.0 450.0                            LAT/LON1/LON2/DLON/H
   94   99  105  111  119  131  146  166  187  209  227  241  247  245  234  216
  192  166  140  117   97   83   74   69   68   69   71   74   77   79   80   80
   80   79   78   77   77   77   77   78   78   78   78   77   76   75   75   76
   77   78   78   77   76   73   69   66   63   61   60   59   59   59   59   59
   59   60   62   65   70   76   82   89   94
    65.0-180.0 180.0   5.0 450.0                            LAT/LON1/LON2/DLON/H
  130  137  142  146  151  159  171  188  208  229  249  264  272  271  260  242
  218  191  164  139  117  100   87   79   73   69   67   65   64   62   60   57
   55   52   50   49   50   52   56   60   64   67   70   71   71   71   71   71
   71   70   69   66   62   57   52   47   44   42   43   45   48   51   53   56
   59   63   69   77   87   98  110  121  130
    62.5-180.0 180.0   5.0 450.0                            LAT/LON1/LON2/DLON/H
  157  166  172  175  178  183  192  205  223  243  263  279  289  291  283  268
  246  221  194  169  146  125  108   94   82   72   64   57   52   47   42   37
   32   28   24   22   23   26   32   39   46   53   58   61   63   63   62   62
   61   60   57   53   48   42   35   30   28   27   30   34   39   43   47   51
   54   60   68   79   94  111  128  144  157
    60.0-180.0 180.0   5.0 450.0                            LAT/LON1/LON2/DLON/H
  171  184  191  196  198  201  207  218  233  252  271  287  299  304  300  290
  273  251  227  203  179  156  134  114   95   79   65   54   46   39   32   26
   20   14    8    4    4    6   12   21   31   40   47   52   54   54   53   52
   50   49   46   42   36   30   24   20   18   19   23   28   34   39   42   44
   47   52   61   74   91  111  133  153  171
    57.5-180.0 180.0   5.0 450.0                            LAT/LON1/LON2/DLON/H
  173  190  202  208  212  216  221  230  242  258  274  290  303  310  312  307
  296  279  259  236  212  186  160  134  110   89   71   58   48   41   35   29
   22   15    7    1    0    0    4   13   23   33   42   47   48   47   45   43
   41   39   37   34   29   24   20   17   17   20   24   30   35   38   39   39
   40   43   50   63   81  103  128  152  173
    55.0-180.0 180.0   5.0 450.0                            LAT/LON1/LON2/DLON/H
  171  191  207  218  226  232  238  246  255  267  280  292  304  313  318  318
  312  301  285  264  240  213  184  155  127  102   82   68   59   54   49   45
   38   30   20   12    7    5    8   15   25   35   43   47   47   45   41   37
   35   34   33   31   28   25   23   22   24   28   33   37   40   41   39   36
   34   35   41   54   72   94  120  146  171
    52.5-180.0 180.0   5.0 450.0                            LAT/LON1/LON2/DLON/H
  170  194  214  231  243  253  262  269  276  283  290  298  306  314  321  325
  324  317  304  285  262  235  205  174  145  119   98   85   77   72   70   66
   60   52   42   33   26   22   23   28   36   45   51   53   52   47   42   37
   35   34   34   33   33   32   32   34   37   41   46   49   49   46   41   36
   32   33   39   51   70   92  118  144  170
    50.0-180.0 180.0   5.0 450.0                            LAT/LON1/LON2/DLON/H
  179  204  228  249  267  281  293  301  306  308  309  310  313  319  325  330
  330  326  315  299  278  253  224  194  164  138  117  103   95   91   88   84
   79   71   62   54   48   44   44   47   52   59   63   64   61   54   47   42
   39   39   40   41   42   43   45   48   52   57   60   60   58   53   46   39
   35   37   45   59   79  102  126  152  179
    47.5-180.0 180.0   5.0 450.0                            LAT/LON1/LON2/DLON/H
  198  224  249  274  296  314  329  339  342  340  334  329  327  328  332  335
  336  331  322  308  290  268  242  214  186  159  136  119  108  101   96   91
   86   79   73   68   65   63   62   64   68   73   76   75   70   63   55   50
   48   48   49   51   53   55   58   62   67   70   71   70   65   58   50   44
   42   47   59   78  100  124  148  172  198
    45.0-180.0 180.0   5.0 450.0                            LAT/LON1/LON2/DLON/H
  225  250  276  302  326  347  365  376  379  373  363  353  345  343  344  344
  342  337  328  316  302  284  262  236  207  178  151  129  113  101   92   84
   77   73   71   71   72   74   75   77   80   83   84   83   78   70   63   58
   57   58   60   62   63   66   69   73   77   79   78   75   70   63   55   50
   51   60   78  102  128  154  178  201  225
    42.5-180.0 180.0   5.0 450.0                            LAT/LON1/LON2/DLON/H
  256  279  303  328  351  373  392  404  408  402  389  376  367  362  360  357
  352  345  336  326  315  301  282  257  227  193  161  132  108   90   77   67
   60   58   60   66   73   78   81   83   85   87   88   86   80   74   67   64
   64   66   68   70   71   72   75   78   81   82   80   77   72   65   59   56
   60   74   97  126  157  185  210  233  256
    40.0-180.0 180.0   5.0 450.0                            LAT/LON1/LON2/DLON/H
  282  304  325  346  366  387  405  419  423  419  407  395  386  381  378  372
  365  355  347  340  332  320  302  276  242  203  164  129  100   78   62   52
   46   47   53   63   73   81   84   86   86   86   86   84   79   73   68   67
   68   71   73   74   74   74   76   78   79   79   77   75   71   67   64   63
   69   85  112  145  180  211  237  260  282
    37.5-180.0 180.0   5.0 450.0                            LAT/LON1/LON2/DLON/H
  299  319  338  354  369  386  402  416  423  421  413  404  399  396  394  387
  378  368  361  355  349  339  319  290  252  208  164  125   95   75   62   55
   52   55   63   74   83   89   91   89   87   86   84   81   76   71   67   66
   68   72   74   74   72   72   72   73   73   72   71   70   70   69   68   69
   76   94  122  158  194  227  254  277  299
    35.0-180.0 180.0   5.0 450.0                            LAT/LON1/LON2/DLON/H
  305  325  341  352  362  374  387  401  409  410  407  403  403  405  405  399
  390  381  375  371  366  354  331  298  256  210  166  130  105   93   89   89
   92   96  103  109  113  112  107  100   94   90   86   82   76   69   65   64
   66   69   71   70   68   67   66   65   64   63   63   65   69   72   73   75
   82  100  129  164  200  232  260  284  305
    32.5-180.0 180.0   5.0 450.0                            LAT/LON1/LON2/DLON/H
  306  325  339  347  352  358  368  380  390  394  395  396  402  408  410  406
  398  390  386  384  378  362  336  300  258  214  176  150  138  139  149  160
  169  175  175  172  163  150  135  121  110  103   97   90   82   73   67   64
   65   66   66   65   63   61   60   58   55   54   56   61   69   75   79   82
   90  107  134  168  202  233  259  283  306
    30.0-180.0 180.0   5.0 450.0                            LAT/LON1/LON2/DLON/H
  305  326  339  345  347  349  357  367  376  381  385  390  399  408  412  409
  402  396  394  392  383  365  336  301  263  228  202  190  195  214  239  263
  278  281  274  256  231  202  175  152  137  126  118  108   97   85   76   70
   67   66   64   62   60   58   56   53   50   48   51   59   70   79   85   90
  100  117  144  176  206  234  259  282  305
    27.5-180.0 180.0   5.0 450.0                            LAT/LON1/LON2/DLON/H
  312  334  348  355  356  358  363  371  379  384  387  393  402  411  414  411
  404  399  397  394  384  363  335  305  278  258  248  253  274  308  347  379
  398  398  379  345  302  257  218  189  170  158  147  135  121  106   92   83
   76   71   67   64   62   60   58   53   48   46   49   59   71   83   91   99
  112  133  160  191  219  243  265  288  312
    25.0-180.0 180.0   5.0 450.0                            LAT/LON1/LON2/DLON/H
  330  354  372  382  386  389  394  401  407  410  411  414  420  425  424  417
  408  403  400  395  382  361  339  320  309  306  312  331  363  405  449  485
  503  498  468  420  361  303  256  223  203  191  180  167  151  133  116  103
   92   84   78   73   71   69   65   59   52   48   51   61   74   86   97  108
  126  152  184  214  241  262  283  305  330
    22.5-180.0 180.0   5.0 450.0                            LAT/LON1/LON2/DLON/H
  361  387  410  427  436  443  449  456  461  462  460  458  458  455  447  434
  422  413  407  399  384  366  353  350  357  371  390  415  447  485  524  555
  569  557  520  462  394  329  279  247  230  220  211  198  181  162  144  129
  116  104   96   90   86   83   78   70   61   56   58   66   78   90  101  117
  141  174  211  245  271  292  312  334  361
    20.0-180.0 180.0   5.0 450.0                            LAT/LON1/LON2/DLON/H
  400  431  460  483  501  514  523  531  535  535  531  525  516  505  488  467
  449  435  424  412  396  383  382  396  421  449  473  492  511  533  555  574
  579  563  523  462  393  330  284  258  246  240  233  222  206  189  172  157
  143  130  120  112  107  102   95   85   74   67   68   75   84   93  105  124
  155  196  239  277  305  327  348  372  400
    17.5-180.0 180.0   5.0 450.0                            LAT/LON1/LON2/DLON/H
  442  477  512  545  571  590  604  613  619  620  616  607  592  571  545  516
  491  471  454  438  422  416  427  457  495  529  548  552  546  540  538  538
  534  517  479  425  363  310  274  257  252  250  245  235  222  209  196  183
  171  158  147  138  132  124  115  102   90   83   82   86   92   98  109  130
  166  214  263  305  336  361  384  411  442
    15.0-180.0 180.0   5.0 450.0                            LAT/LON1/LON2/DLON/H
  479  518  560  600  635  660  677  689  698  703  702  692  674  647  613  578
  547  521  499  478  463  462  484  525  570  601  606  585  549  511  481  462
  450  435  406  364  317  279  257  250  250  251  246  238  228  219  212  204
  196  186  175  165  157  147  135  121  108  100   98  100  102  105  114  136
  175  226  279  323  358  386  414  444  479
    12.5-180.0 180.0   5.0 450.0                            LAT/LON1/LON2/DLON/H
  505  548  595  642  684  714  733  746  759  769  774  768  750  720  684  646
  611  581  554  531  516  519  547  591  633  654  640  593  527  459  404  371
  355  345  329  304  275  254  245  246  249  249  243  235  227  223  221  220
  216  209  200  190  180  168  154  139  126  118  115  115  115  115  121  143
  182  233  286  332  369  401  433  467  505
    10.0-180.0 180.0   5.0 450.0                            LAT/LON1/LON2/DLON/H
  518  564  615  667  712  744  764  778  793  810  822  822  808  780  745  709
  674  644  615  590  575  580  607  647  679  683  649  580  492  404  335  294
  279  277  275  267  255  249  251  256  257  252  242  231  224  222  225  229
  231  228  221  211  199  186  171  156  143  135  132  130  128  126  132  151
  188  237  288  332  370  405  441  478  518
     7.5-180.0 180.0   5.0 450.0                            LAT/LON1/LON2/DLON/H
  520  566  619  674  721  753  771  784  800  822  841  848  840  818  789  758
  728  701  673  649  634  637  658  687  703  690  640  559  461  368  296  257
  247  254  264  268  270  273  280  283  279  266  248  233  224  224  229  236
  242  242  237  227  215  200  185  170  158  150  146  144  141  139  145  163
  197  241  287  328  365  402  440  479  520
     5.0-180.0 180.0   5.0 450.0                            LAT/LON1/LON2/DLON/H
  514  560  613  668  715  745  759  770  786  809  832  845  844  830  809  788
  766  745  722  700  686  685  696  709  708  679  621  540  448  364  302  271
  270  284  300  310  318  325  331  329  316  292  266  245  233  231  236  244
  250  252  248  239  226  211  196  182  171  163  158  155  153  152  159  177
  208  247  287  325  360  396  434  473  514
     2.5-180.0 180.0   5.0 450.0                            LAT/LON1/LON2/DLON/H
  504  548  601  655  701  729  740  747  761  783  806  822  825  819  808  797
  786  773  757  740  726  720  720  717  699  662  604  534  460  396  352  334
  339  356  372  382  388  393  394  385  362  329  296  269  253  247  248  254
  259  260  256  247  234  219  205  191  181  172  167  163  162  165  174  194
  222  257  292  326  359  393  429  466  504
