static/ion/2023-12-27.23i
     1.0            IONOSPHERE MAPS     GNSS                IONEX VERSION / TYPE
IONINX V5.5         AIUB                26-DEC-23 07:40     PGM / RUN BY / DATE 
CODE'S 2-DAY PREDICTED IONOSPHERE MAPS FOR DAY 361, 2023    COMMENT             
Global ionosphere maps (GIM) are generated on a daily basis DESCRIPTION         
at CODE using data from about 120 GNSS sites of the IGS and DESCRIPTION         
other institutions. The vertical total electron content     DESCRIPTION         
(VTEC) is modeled in a solar-geomagnetic reference frame    DESCRIPTION         
using a spherical harmonics expansion up to degree and      DESCRIPTION         
order 15. Piece-wise linear functions are used for          DESCRIPTION         
representation in the time domain. The time spacing of      DESCRIPTION         
their vertices is 1 hour, conforming with the epochs of the DESCRIPTION         
VTEC maps.                                                  DESCRIPTION         
To convert line-of-sight TEC into vertical TEC, a modified  DESCRIPTION         
single-layer model mapping function approximating the JPL   DESCRIPTION         
extended slab model mapping function is adopted. The        DESCRIPTION         
mapping function is evaluated at geodetic satellite         DESCRIPTION         
elevation angles. For the computation of the ionospheric    DESCRIPTION         
pierce points, a spherical layer with a radius of 6821 km   DESCRIPTION         
is assumed, implying geocentric, not geodetic IONEX         DESCRIPTION         
latitudes.                                                  DESCRIPTION         
Instrumental biases with respect to each involved GNSS code DESCRIPTION         
observable are estimated as constant values for each        DESCRIPTION         
day. They are modeled with one set of bias parameters for   DESCRIPTION         
each satellite and each station in case of GPS and for each DESCRIPTION         
satellite-station link in case of GLONASS. The code bias    DESCRIPTION         
datum is defined by zero-mean conditions imposed on the     DESCRIPTION         
satellite bias estimates. In this file, just GPS C1W-C2W    DESCRIPTION         
satellite and station bias values are included. The         DESCRIPTION         
complete set of GNSS code bias results is provided in an    DESCRIPTION         
additional Bias-SINEX file as pseudo-absolute values        DESCRIPTION         
specific to each observable.                                DESCRIPTION         
Contact address: code(at)aiub.unibe.ch                      DESCRIPTION         
Data archive:    ftp.aiub.unibe.ch/CODE/                    DESCRIPTION         
                 www.aiub.unibe.ch/download/CODE/           DESCRIPTION         
  2023    12    27     0     0     0                        EPOCH OF FIRST MAP  
  2023    12    28     0     0     0                        EPOCH OF LAST MAP   
  3600                                                      INTERVAL            
    25                                                      # OF MAPS IN FILE   
  NONE                                                      MAPPING FUNCTION    
    10.0                                                    ELEVATION CUTOFF    
One-way carrier phase leveled to code                       OBSERVABLES USED    
  6371.0                                                    BASE RADIUS         
     2                                                      MAP DIMENSION       
   450.0 450.0   0.0                                        HGT1 / HGT2 / DHGT  
    87.5 -87.5  -2.5                                        LAT1 / LAT2 / DLAT  
  -180.0 180.0   5.0                                        LON1 / LON2 / DLON  
    -1                                                      EXPONENT            
TEC/RMS values in 0.1 TECU; 9999, if no value available     COMMENT             
                                                            END OF HEADER       
[from data line 3861]
    10                                                      START OF TEC MAP    
  2023    12    27     9     0     0                        EPOCH OF CURRENT MAP
    87.5-180.0 180.0   5.0 450.0                            LAT/LON1/LON2/DLON/H
   42   43   44   45   46   47   48   50   51   52   54   55   56   57   58   60
   61   61   62   63   64   64   65   65   65   65   65   65   65   65   64   64
   64   63   62   62   61   60   59   59   58   57   56   55   54   53   52   51
   50   49   48   47   46   45   44   43   43   42   41   41   40   40   39   39
   39   39   39   39   39   40   40   41   42
    85.0-180.0 180.0   5.0 450.0                            LAT/LON1/LON2/DLON/H
   36   37   39   40   42   45   47   50   52   55   57   60   62   64   67   68
   70   72   73   74   75   76   76   76   77   77   77   76   76   76   75   75
   74   73   73   72   71   70   69   68   66   65   64   63   61   60   58   57
   56   54   53   52   50   49   48   46   45   43   42   41   40   38   37   36
   35   35   34   34   34   34   34   35   36
    82.5-180.0 180.0   5.0 450.0                            LAT/LON1/LON2/DLON/H
   35   35   37   39   41   44   47   50   53   57   60   63   67   69   72   74
   76   77   79   80   80   81   81   81   81   81   81   81   81   81   81   81
   80   80   80   79   79   79   78   77   77   76   75   75   74   73   72   72
   71   70   69   68   67   66   64   63   61   60   58   56   53   51   49   47
   44   42   40   38   37   35   35   34   35
    80.0-180.0 180.0   5.0 450.0                            LAT/LON1/LON2/DLON/H
   40   39   39   40   41   44   47   50   54   57   61   64   68   70   73   75
   76   77   78   78   79   79   79   79   79   79   79   80   80   80   81   82
   82   83   84   85   86   86   87   88   89   90   90   91   92   93   93   94
   95   95   95   95   95   95   94   93   91   89   87   84   81   78   74   70
   66   62   58   53   50   46   43   41   40
    77.5-180.0 180.0   5.0 450.0                            LAT/LON1/LON2/DLON/H
   50   47   45   44   44   45   47   50   53   57   60   63   65   68   69   71
   72   72   72   73   73   73   73   73   73   73   74   74   75   76   78   79
   81   83   85   88   90   93   96   99  102  105  108  111  114  118  121  123
  126  128  130  131  132  132  132  131  130  128  125  122  118  113  108  102
   96   90   83   77   71   64   59   54   50
    75.0-180.0 180.0   5.0 450.0                            LAT/LON1/LON2/DLON/H
   64   58   54   51   49   49   50   51   53   55   57   59   61   62   63   64
   65   65   65   65   65   66   66   66   67   68   68   69   70   72   73   76
   78   82   85   90   94   99  104  110  116  122  128  134  140  146  152  157
  161  165  168  170  172  172  172  172  170  167  164  160  154  148  141  134
  127  119  111  102   94   86   78   70   64
    72.5-180.0 180.0   5.0 450.0                            LAT/LON1/LON2/DLON/H
   77   70   63   59   55   54   53   53   54   55   55   56   56   57   57   58
   58   59   59   60   61   62   63   64   65   66   67   67   68   69   70   72
   76   80   85   91   98  105  113  121  130  139  149  158  167  176  184  191
  197  202  205  207  208  208  207  206  203  199  195  189  182  174  166  157
  148  140  131  122  113  104   95   86   77
    70.0-180.0 180.0   5.0 450.0                            LAT/LON1/LON2/DLON/H
   87   78   71   66   62   59   58   57   56   56   55   54   53   53   53   53
   54   56   57   59   61   63   65   67   69   69   69   69   68   68   68   70
   74   79   85   93  102  112  123  134  145  158  170  183  195  206  216  225
  231  235  237  238  237  235  232  228  224  218  211  203  194  184  173  163
  154  145  137  130  122  114  105   96   87
    67.5-180.0 180.0   5.0 450.0                            LAT/LON1/LON2/DLON/H
   89   82   75   70   67   65   63   62   60   58   56   54   52   51   52   53
   55   57   60   63   66   69   72   74   76   76   75   73   71   69   68   69
   73   79   87   97  109  121  134  147  162  177  192  207  222  235  246  255
  260  263  262  260  256  251  245  238  231  222  213  202  189  176  163  152
  141  133  127  122  117  111  105   97   89
    65.0-180.0 180.0   5.0 450.0                            LAT/LON1/LON2/DLON/H
   84   78   74   70   69   68   68   67   65   62   59   56   54   53   54   56
   59   62   66   69   73   76   79   82   83   83   81   77   73   69   67   68
   72   80   91  104  118  133  148  163  180  197  214  231  248  262  273  281
  285  285  281  274  266  257  247  237  227  216  204  189  173  157  140  126
  114  106  102  100   99   97   94   89   84
    62.5-180.0 180.0   5.0 450.0                            LAT/LON1/LON2/DLON/H
   72   69   67   66   67   69   70   70   69   66   62   59   57   57   58   62
   65   69   73   75   78   81   83   86   87   86   83   78   72   67   64   67
   74   85   99  115  132  149  165  182  199  217  236  254  271  286  297  303
  305  302  294  284  271  258  245  232  220  206  191  174  154  133  112   94
   81   72   69   70   72   75   75   74   72
    60.0-180.0 180.0   5.0 450.0                            LAT/LON1/LON2/DLON/H
   56   56   57   59   62   66   70   71   70   68   65   62   60   61   64   68
   72   76   78   79   80   81   82   84   85   84   80   74   67   62   61   66
   77   92  111  131  150  168  186  203  220  238  257  276  293  307  317  322
  322  316  306  292  277  260  244  229  215  200  183  164  141  116   90   68
   51   42   39   41   46   51   55   56   56
    57.5-180.0 180.0   5.0 450.0                            LAT/LON1/LON2/DLON/H
   42   44   47   51   57   63   67   70   70   68   66   64   64   66   70   74
   78   81   81   80   78   76   76   78   78   77   73   67   60   56   58   67
   83  104  128  151  172  191  208  225  242  259  277  295  311  324  334  338
  336  329  318  303  285  267  250  234  218  203  185  165  139  111   82   56
   35   23   19   21   27   33   38   41   42
    55.0-180.0 180.0   5.0 450.0                            LAT/LON1/LON2/DLON/H
   34   36   41   47   54   60   65   68   68   67   66   65   67   70   74   79
   83   84   82   78   73   70   68   69   70   69   65   59   53   52   58   72
   94  121  149  174  197  216  232  247  263  279  296  312  327  338  347  350
  348  342  331  316  299  281  263  246  230  215  197  176  150  120   89   59
   36   21   15   16   21   26   30   32   34
    52.5-180.0 180.0   5.0 450.0                            LAT/LON1/LON2/DLON/H
   34   36   41   48   55   62   65   67   66   66   65   66   69   73   78   83
   86   85   82   76   70   65   63   63   63   62   59   53   49   51   61   81
  109  141  172  199  221  239  254  269  283  297  312  326  338  349  356  359
  358  353  344  332  316  299  281  264  247  232  215  194  169  139  107   76
   51   34   26   25   27   30   32   33   34
    50.0-180.0 180.0   5.0 450.0                            LAT/LON1/LON2/DLON/H
   41   44   49   57   63   68   70   69   67   66   67   69   73   77   82   86
   88   87   83   77   71   66   63   63   63   62   58   53   51   55   70   95
  128  163  195  222  243  260  274  287  300  313  326  337  347  355  361  364
  365  362  356  346  334  318  300  282  264  247  230  211  187  158  127   97
   73   55   46   43   42   42   42   41   41
    47.5-180.0 180.0   5.0 450.0                            LAT/LON1/LON2/DLON/H
   53   56   63   71   77   80   79   76   73   71   71   74   78   82   86   89
   91   90   88   83   78   74   72   72   71   69   65   60   58   65   83  112
  147  184  216  241  260  276  289  303  316  327  338  346  353  359  364  367
  368  367  364  358  348  333  316  296  276  256  238  218  195  169  141  114
   92   75   66   61   59   57   55   53   53
    45.0-180.0 180.0   5.0 450.0                            LAT/LON1/LON2/DLON/H
   64   69   78   87   93   95   92   87   82   79   79   82   86   89   92   94
   96   97   96   95   93   90   89   88   86   82   77   71   70   79   99  130
  166  202  232  255  272  287  301  316  329  340  349  354  358  362  365  368
  370  370  369  365  357  344  325  303  280  257  235  214  191  167  142  119
  100   86   78   73   70   68   65   63   64
    42.5-180.0 180.0   5.0 450.0                            LAT/LON1/LON2/DLON/H
   71   78   88   99  107  110  107  100   94   90   90   92   95   98  100  101
  103  105  108  110  111  111  110  108  104   98   91   85   84   94  116  147
  182  216  243  263  279  294  311  327  342  353  360  363  364  366  368  370
  372  372  372  369  362  350  331  307  280  252  227  202  178  155  132  112
   97   85   78   74   72   70   68   68   71
    40.0-180.0 180.0   5.0 450.0                            LAT/LON1/LON2/DLON/H
   71   80   92  105  115  119  117  111  105  101  101  103  106  107  108  109
  111  116  121  127  130  131  130  126  121  113  104   97   97  108  130  161
  195  225  249  268  284  300  320  339  356  367  373  374  374  375  376  378
  378  378  377  374  369  357  338  313  283  252  222  193  166  141  119  101
   86   76   70   67   65   65   65   67   71
    37.5-180.0 180.0   5.0 450.0                            LAT/LON1/LON2/DLON/H
   67   75   88  102  114  121  121  117  112  109  109  112  114  116  117  118
  121  127  134  141  146  147  144  139  132  122  113  106  107  120  143  173
  204  232  254  271  289  308  330  353  371  383  389  390  389  390  392  393
  393  392  390  388  383  373  355  330  300  267  233  200  169  141  116   96
   81   69   61   57   56   57   59   62   67
    35.0-180.0 180.0   5.0 450.0                            LAT/LON1/LON2/DLON/H
   64   69   79   91  104  113  116  115  113  112  113  116  120  123  125  127
  131  136  144  151  155  155  151  144  135  125  116  111  114  129  153  183
  213  239  260  278  298  320  344  369  389  402  408  410  412  414  418  420
  421  419  417  415  411  403  389  367  339  306  270  234  199  166  138  113
   93   77   65   58   56   57   59   61   64
    32.5-180.0 180.0   5.0 450.0                            LAT/LON1/LON2/DLON/H
   69   68   71   79   90   99  104  106  107  108  111  115  121  127  131  135
  139  144  150  155  157  155  149  141  132  122  115  112  119  137  163  194
  224  249  271  291  313  337  363  387  408  422  431  437  442  448  454  459
  461  461  460  459  457  453  443  426  402  373  339  302  264  227  192  161
  134  110   91   79   74   73   73   71   69
    30.0-180.0 180.0   5.0 450.0                            LAT/LON1/LON2/DLON/H
   89   79   73   73   78   84   90   94   96   99  104  110  119  127  135  140
  144  148  152  154  153  149  142  134  126  117  111  112  123  145  176  209
  239  265  289  311  335  360  385  409  429  445  458  468  478  489  500  508
  514  516  518  519  520  519  514  504  487  464  434  399  360  320  280  242
  206  173  146  128  117  112  107  100   89
    27.5-180.0 180.0   5.0 450.0                            LAT/LON1/LON2/DLON/H
  129  108   91   80   76   77   80   83   86   90   96  104  114  125  135  143
  147  150  151  150  147  141  134  127  119  113  109  113  129  156  191  227
  260  288  313  338  363  388  411  432  451  470  488  505  521  536  551  563
  573  580  585  590  594  596  596  592  583  567  543  512  475  435  392  347
  303  262  227  201  185  174  163  148  129
    25.0-180.0 180.0   5.0 450.0                            LAT/LON1/LON2/DLON/H
  186  156  128  106   91   84   81   81   83   86   92  100  110  122  134  142
  147  149  148  146  141  134  128  122  116  111  109  116  136  169  209  249
  284  314  342  369  395  418  438  456  475  497  520  544  565  585  603  619
  633  644  653  661  667  672  675  675  673  665  648  624  591  553  509  461
  412  364  323  291  269  252  235  213  186
    22.5-180.0 180.0   5.0 450.0                            LAT/LON1/LON2/DLON/H
  253  217  181  150  125  108   97   92   91   93   96  102  111  122  133  141
  146  147  146  142  137  131  126  122  118  113  112  121  146  184  229  273
  311  343  372  401  426  447  464  480  500  525  554  583  609  631  651  669
  686  701  714  723  730  735  738  742  744  741  732  714  687  654  612  564
  512  461  417  383  356  334  312  285  253
    20.0-180.0 180.0   5.0 450.0                            LAT/LON1/LON2/DLON/H
  318  281  243  206  174  148  129  118  113  112  112  113  118  125  133  139
  143  145  144  141  136  132  128  126  122  117  116  127  155  198  248  296
  336  370  400  429  455  475  489  504  525  553  587  620  648  670  690  708
  727  744  758  768  773  776  778  781  785  785  781  769  749  721  683  637
  586  537  493  458  430  405  379  351  318
    17.5-180.0 180.0   5.0 450.0                            LAT/LON1/LON2/DLON/H
  368  336  302  265  229  197  173  157  148  143  138  134  132  133  136  139
  142  143  143  142  139  135  133  130  126  120  119  132  164  211  265  315
  356  391  422  452  478  497  512  528  550  581  617  651  679  700  717  734
  752  769  782  790  792  792  791  791  794  795  793  785  770  747  714  672
  624  578  537  505  477  451  425  398  368
    15.0-180.0 180.0   5.0 450.0                            LAT/LON1/LON2/DLON/H
  395  372  345  314  280  247  220  201  189  181  172  162  153  147  143  142
  142  143  145  144  142  139  137  133  127  120  119  134  170  221  277  328
  370  405  437  467  494  515  532  550  574  606  642  675  700  717  732  747
  764  778  788  792  791  786  781  778  778  777  774  767  756  736  707  668
  624  581  546  516  490  465  440  416  395
    12.5-180.0 180.0   5.0 450.0                            LAT/LON1/LON2/DLON/H
  392  380  365  343  316  286  260  241  229  219  207  192  177  163  154  147
  145  145  147  147  145  141  137  132  124  116  117  135  174  227  285  336
  377  412  444  475  504  528  549  569  595  627  660  689  710  725  737  750
  764  776  782  782  776  767  759  753  749  746  740  732  720  702  674  636
  594  555  522  496  472  447  424  406  392
    10.0-180.0 180.0   5.0 450.0                            LAT/LON1/LON2/DLON/H
  364  362  358  347  328  306  285  269  259  249  235  218  199  181  166  156
  151  150  150  150  146  140  134  126  117  110  113  135  177  232  289  338
  378  413  445  477  509  537  562  586  612  642  671  695  711  723  735  748
  761  770  772  768  759  748  739  731  724  716  706  695  680  661  632  593
  551  512  481  456  432  408  386  371  364
     7.5-180.0 180.0   5.0 450.0                            LAT/LON1/LON2/DLON/H
  320  323  328  326  318  304  290  279  271  263  251  234  215  195  178  166
  158  155  154  151  145  137  128  118  108  103  111  137  182  237  291  338
  376  409  442  475  509  541  571  598  624  650  673  692  705  717  730  745
  759  767  767  760  751  740  731  723  714  702  688  672  653  630  598  556
  511  469  436  410  385  360  337  323  320
     5.0-180.0 180.0   5.0 450.0                            LAT/LON1/LON2/DLON/H
  274  278  286  290  289  283  276  270  266  261  252  238  221  204  188  175
  166  161  157  152  144  133  121  110  101   99  112  143  190  243  293  336
  371  404  437  472  507  543  576  605  630  651  670  684  696  710  727  747
  763  772  772  766  757  750  742  734  724  710  692  671  647  620  583  538
  488  442  404  374  346  319  295  279  274
     2.5-180.0 180.0   5.0 450.0                            LAT/LON1/LON2/DLON/H
  241  241  246  251  254  253  250  247  245  243  238  229  218  206  193  181
  171  165  159  152  142  130  117  106   98  101  118  154  201  251  296  334
  367  399  432  467  504  541  577  606  630  648  663  675  688  705  728  753
  775  786  788  785  780  776  771  764  753  737  715  690  663  631  591  541
  487  436  393  358  327  297  271  251  241
