static/ion/2023-12-11.23i
     1.0            IONOSPHERE MAPS     GNSS                IONEX VERSION / TYPE
IONINX V5.5         AIUB                10-DEC-23 07:37     PGM / RUN BY / DATE 
CODE'S 2-DAY PREDICTED IONOSPHERE MAPS FOR DAY 345, 2023    COMMENT             
Global ionosphere maps (GIM) are generated on a daily basis DESCRIPTION         
at CODE using data from about 120 GNSS sites of the IGS and DESCRIPTION         
other institutions. The vertical total electron content     DESCRIPTION         
(VTEC) is modeled in a solar-geomagnetic reference frame    DESCRIPTION         
using a spherical harmonics expansion up to degree and      DESCRIPTION         
order 15. Piece-wise linear functions are used for          DESCRIPTION         
representation in the time domain. The time spacing of      DESCRIPTION         
their vertices is 1 hour, conforming with the epochs of the DESCRIPTION         
VTEC maps.                                                  DESCRIPTION         
To convert line-of-sight TEC into vertical TEC, a modified  DESCRIPTION         
single-layer model mapping function approximating the JPL   DESCRIPTION         
extended slab model mapping function is adopted. The        DESCRIPTION         
mapping function is evaluated at geodetic satellite         DESCRIPTION         
elevation angles. For the computation of the ionospheric    DESCRIPTION         
pierce points, a spherical layer with a radius of 6821 km   DESCRIPTION         
is assumed, implying geocentric, not geodetic IONEX         DESCRIPTION         
latitudes.                                                  DESCRIPTION         
Instrumental biases with respect to each involved GNSS code DESCRIPTION         
observable are estimated as constant values for each        DESCRIPTION         
day. They are modeled with one set of bias parameters for   DESCRIPTION         
each satellite and each station in case of GPS and for each DESCRIPTION         
satellite-station link in case of GLONASS. The code bias    DESCRIPTION         
datum is defined by zero-mean conditions imposed on the     DESCRIPTION         
satellite bias estimates. In this file, just GPS C1W-C2W    DESCRIPTION         
satellite and station bias values are included. The         DESCRIPTION         
complete set of GNSS code bias results is provided in an    DESCRIPTION         
additional Bias-SINEX file as pseudo-absolute values        DESCRIPTION         
specific to each observable.                                DESCRIPTION         
Contact address: code(at)aiub.unibe.ch                      DESCRIPTION         
Data archive:    ftp.aiub.unibe.ch/CODE/                    DESCRIPTION         
                 www.aiub.unibe.ch/download/CODE/           DESCRIPTION         
  2023    12    11     0     0     0                        EPOCH OF FIRST MAP  
  2023    12    12     0     0     0                        EPOCH OF LAST MAP   
  3600                                                      INTERVAL            
    25                                                      # OF MAPS IN FILE   
  NONE                                                      MAPPING FUNCTION    
    10.0                                                    ELEVATION CUTOFF    
One-way carrier phase leveled to code                       OBSERVABLES USED    
  6371.0                                                    BASE RADIUS         
     2                                                      MAP DIMENSION       
   450.0 450.0   0.0                                        HGT1 / HGT2 / DHGT  
    87.5 -87.5  -2.5                                        LAT1 / LAT2 / DLAT  
  -180.0 180.0   5.0                                        LON1 / LON2 / DLON  
    -1                                                      EXPONENT            
TEC/RMS values in 0.1 TECU; 9999, if no value available     COMMENT             
                                                            END OF HEADER       
[from data line 4719]
    12                                                      START OF TEC MAP    
  2023    12    11    11     0     0                        EPOCH OF CURRENT MAP
    87.5-180.0 180.0   5.0 450.0                            LAT/LON1/LON2/DLON/H
   44   45   46   47   48   49   50   51   53   54   55   56   57   57   58   59
   59   60   60   60   61   61   60   60   60   59   58   58   57   56   55   54
   52   51   50   48   47   46   44   43   41   40   39   38   37   36   35   34
   34   33   33   32   32   32   32   32   33   33   33   34   34   35   35   36
   36   37   38   39   40   41   41   42   44
    85.0-180.0 180.0   5.0 450.0                            LAT/LON1/LON2/DLON/H
   39   41   42   44   46   48   50   52   54   56   58   59   61   63   65   66
   67   68   69   70   70   70   70   70   69   68   67   66   65   63   61   59
   57   55   53   50   48   45   43   40   38   35   33   31   29   28   26   25
   25   24   24   24   24   25   25   26   27   27   28   29   30   30   31   32
   32   33   34   34   35   36   37   38   39
    82.5-180.0 180.0   5.0 450.0                            LAT/LON1/LON2/DLON/H
   35   36   37   39   40   42   45   47   49   52   54   57   59   61   63   65
   67   68   70   71   71   72   72   72   71   71   70   69   68   66   65   63
   61   59   56   54   51   48   45   42   39   36   33   30   28   27   25   25
   24   25   25   26   27   29   30   32   33   34   36   36   37   37   38   37
   37   37   36   36   35   35   35   35   35
    80.0-180.0 180.0   5.0 450.0                            LAT/LON1/LON2/DLON/H
   34   33   33   34   35   36   38   40   42   44   46   48   51   53   55   57
   59   61   62   63   64   65   66   66   66   66   66   66   65   65   65   64
   64   63   62   60   59   57   54   51   48   45   43   40   38   37   36   35
   36   37   38   40   43   45   47   50   52   54   55   56   56   55   54   53
   51   48   46   43   41   38   36   35   34
    77.5-180.0 180.0   5.0 450.0                            LAT/LON1/LON2/DLON/H
   36   34   33   32   32   32   33   34   35   36   37   39   40   42   44   45
   47   49   50   52   53   54   55   55   56   56   57   58   59   61   63   65
   67   69   71   73   73   73   72   71   69   67   64   62   60   59   58   58
   59   61   63   65   68   71   74   77   79   81   82   82   81   80   77   74
   70   66   61   56   51   47   42   39   36
    75.0-180.0 180.0   5.0 450.0                            LAT/LON1/LON2/DLON/H
   43   40   37   35   34   33   32   32   32   31   31   31   32   33   33   35
   36   38   39   41   42   43   44   45   45   46   47   49   52   56   61   67
   73   79   85   90   95   98   99  100   99   98   96   95   93   92   91   91
   92   93   94   96   98  101  103  105  106  107  108  107  106  103   99   95
   90   84   77   71   65   58   53   48   43
    72.5-180.0 180.0   5.0 450.0                            LAT/LON1/LON2/DLON/H
   55   50   47   44   42   40   38   36   34   33   31   29   28   28   28   29
   30   32   33   35   36   37   37   37   38   38   40   42   47   53   61   70
   80   92  102  113  121  128  133  136  137  137  136  134  132  131  129  128
  128  127  127  126  126  126  126  126  125  125  124  122  120  117  113  108
  102   96   90   84   77   71   65   60   55
    70.0-180.0 180.0   5.0 450.0                            LAT/LON1/LON2/DLON/H
   67   63   60   57   54   52   49   46   43   39   36   33   31   30   30   30
   31   33   34   35   36   36   36   36   35   35   36   39   44   52   63   76
   91  107  123  137  150  161  169  174  177  178  177  176  173  171  168  165
  161  158  154  149  145  140  136  133  130  127  124  121  118  115  111  107
  103   98   94   90   85   80   76   71   67
    67.5-180.0 180.0   5.0 450.0                            LAT/LON1/LON2/DLON/H
   78   75   72   70   68   65   62   59   55   50   46   42   40   38   37   38
   39   40   41   41   41   41   40   39   37   36   37   40   45   55   68   84
  103  123  144  163  179  193  204  211  215  216  215  213  210  206  201  195
  188  180  172  162  152  142  133  125  118  112  107  103   99   96   93   90
   89   87   87   86   85   84   82   80   78
    65.0-180.0 180.0   5.0 450.0                            LAT/LON1/LON2/DLON/H
   83   83   81   80   78   76   74   70   66   62   57   53   50   49   49   49
   50   51   51   50   49   48   46   44   42   40   41   43   50   60   76   95
  117  141  165  187  206  221  233  241  246  247  246  243  239  233  225  216
  206  194  180  164  148  133  118  105   94   85   78   72   68   64   62   62
   63   65   69   73   77   81   83   84   83
    62.5-180.0 180.0   5.0 450.0                            LAT/LON1/LON2/DLON/H
   83   84   84   84   83   82   81   78   74   70   66   62   60   60   60   61
   61   61   60   58   56   53   51   48   46   45   45   49   56   69   86  108
  133  159  185  208  227  243  255  263  268  270  268  265  258  250  240  229
  215  199  180  160  139  118   99   82   68   56   47   39   33   29   28   28
   32   38   45   54   63   71   77   81   83
    60.0-180.0 180.0   5.0 450.0                            LAT/LON1/LON2/DLON/H
   78   80   81   81   82   82   81   80   77   73   70   68   67   68   69   70
   70   69   66   63   59   55   52   50   48   48   50   56   65   80  100  124
  151  178  204  226  244  259  269  277  282  283  282  277  269  260  248  234
  218  199  178  154  130  105   83   63   47   33   22   13    6    1    0    0
    4   12   23   35   47   58   67   74   78
    57.5-180.0 180.0   5.0 450.0                            LAT/LON1/LON2/DLON/H
   70   73   74   75   75   76   77   76   74   72   69   68   69   71   73   74
   74   72   68   63   58   53   50   48   48   50   55   63   75   93  116  142
  170  198  222  242  257  269  278  284  288  290  288  283  275  264  250  235
  218  199  177  152  127  101   77   56   39   24   12    2    0    0    0    0
    0    0    7   20   34   47   57   65   70
    55.0-180.0 180.0   5.0 450.0                            LAT/LON1/LON2/DLON/H
   63   66   66   67   67   69   69   69   68   66   65   65   67   70   73   75
   74   72   67   61   54   49   46   45   47   52   60   72   88  108  134  162
  191  217  239  255  267  275  281  287  291  293  291  286  277  266  252  237
  220  202  181  157  132  107   84   63   45   31   19    9    0    0    0    0
    0    0    4   15   28   40   51   58   63
    52.5-180.0 180.0   5.0 450.0                            LAT/LON1/LON2/DLON/H
   60   62   62   62   62   62   63   63   62   61   60   61   63   66   70   72
   72   70   65   58   52   46   43   43   48   56   68   83  102  125  152  182
  210  235  255  268  275  279  283  287  291  294  293  289  280  268  255  241
  226  209  190  169  145  121   99   79   62   49   37   28   20   13    8    5
    5    8   13   21   30   40   49   56   60
    50.0-180.0 180.0   5.0 450.0                            LAT/LON1/LON2/DLON/H
   62   63   63   62   61   61   61   61   60   58   58   58   61   64   67   69
   70   68   65   59   53   47   44   45   52   63   78   97  118  143  171  200
  227  251  268  278  282  283  285  288  292  295  296  293  285  273  261  247
  234  219  202  183  161  138  117   97   81   68   58   51   44   39   35   32
   30   30   31   34   39   46   53   59   62
    47.5-180.0 180.0   5.0 450.0                            LAT/LON1/LON2/DLON/H
   69   70   69   68   67   66   66   64   63   61   60   60   62   64   66   68
   69   70   68   65   59   53   50   52   60   75   93  114  136  161  187  214
  240  262  278  286  289  288  288  290  295  299  301  299  292  281  269  257
  244  230  214  196  174  152  130  110   94   81   73   67   64   62   60   59
   56   53   51   50   52   55   61   66   69
    45.0-180.0 180.0   5.0 450.0                            LAT/LON1/LON2/DLON/H
   77   78   78   77   77   76   75   73   71   69   67   67   68   68   69   70
   72   75   76   75   70   64   61   63   73   90  111  133  155  177  199  223
  247  268  283  293  296  296  295  297  301  305  308  307  302  292  281  268
  255  240  223  204  182  158  135  113   95   82   75   72   72   74   76   76
   74   71   67   63   62   64   68   73   77
    42.5-180.0 180.0   5.0 450.0                            LAT/LON1/LON2/DLON/H
   82   85   87   87   88   88   87   85   82   80   79   78   78   77   75   75
   78   82   86   87   84   78   74   77   89  109  132  154  174  191  209  228
  249  269  287  299  305  306  307  308  311  315  318  318  314  306  294  281
  266  249  230  208  183  157  131  107   86   72   65   64   67   72   77   80
   80   77   73   69   67   68   72   77   82
    40.0-180.0 180.0   5.0 450.0                            LAT/LON1/LON2/DLON/H
   83   87   91   94   96   97   97   96   94   92   91   91   90   88   84   83
   85   90   97   99   97   90   87   91  105  128  152  174  191  203  215  230
  248  269  289  306  317  323  324  325  327  330  332  333  330  322  311  297
  279  258  236  211  184  156  127  100   76   59   51   51   56   63   70   74
   75   73   70   66   65   67   71   77   83
    37.5-180.0 180.0   5.0 450.0                            LAT/LON1/LON2/DLON/H
   78   84   89   93   98  101  103  103  102  102  102  103  102   99   94   91
   92   98  105  108  106  100   96  103  120  145  172  193  206  214  222  232
  249  271  296  318  335  345  349  350  350  351  352  352  350  343  332  316
  296  272  246  219  192  163  133  104   77   58   47   46   51   57   62   65
   65   64   61   59   59   61   66   72   78
    35.0-180.0 180.0   5.0 450.0                            LAT/LON1/LON2/DLON/H
   70   75   80   87   93   98  102  103  104  106  109  111  112  109  103   98
   98  103  110  113  110  104  103  112  132  161  188  209  221  226  231  240
  257  281  310  338  361  376  382  382  380  378  378  377  376  370  360  343
  321  296  268  241  215  188  160  130  102   80   67   63   64   67   67   65
   62   59   56   55   55   57   60   65   70
    32.5-180.0 180.0   5.0 450.0                            LAT/LON1/LON2/DLON/H
   62   65   70   76   83   90   95   98  101  104  109  114  117  115  109  104
  102  105  111  113  110  105  106  119  143  174  202  223  235  241  247  257
  275  302  335  368  396  414  422  422  418  414  411  410  409  404  395  379
  357  332  306  282  260  238  214  186  158  134  118  110  106  102   95   86
   77   69   63   60   59   58   59   61   62
    30.0-180.0 180.0   5.0 450.0                            LAT/LON1/LON2/DLON/H
   61   60   61   66   73   79   85   89   93   98  105  112  117  117  113  107
  105  106  110  111  108  105  109  126  153  185  214  235  249  260  270  285
  307  337  372  407  437  458  468  468  463  457  452  450  448  445  437  424
  404  382  360  341  326  312  294  271  244  219  200  188  178  166  150  132
  115  100   90   82   76   72   68   64   61
    27.5-180.0 180.0   5.0 450.0                            LAT/LON1/LON2/DLON/H
   70   64   61   62   66   71   76   81   85   91   98  106  113  116  114  109
  107  107  109  109  107  106  114  134  164  196  224  247  266  283  303  325
  352  383  419  454  484  505  516  516  511  504  498  495  494  491  486  475
  460  443  426  415  408  402  392  373  349  323  302  285  270  251  228  201
  176  154  136  122  109   99   88   79   70
    25.0-180.0 180.0   5.0 450.0                            LAT/LON1/LON2/DLON/H
   91   80   72   69   69   70   73   76   80   85   91   99  107  112  112  110
  108  108  109  109  108  111  123  146  176  207  234  259  284  311  341  373
  405  437  471  503  531  551  562  564  559  552  546  542  541  540  537  531
  521  509  499  494  494  495  491  477  455  429  406  386  366  343  315  283
  251  222  197  175  155  137  121  105   91
    22.5-180.0 180.0   5.0 450.0                            LAT/LON1/LON2/DLON/H
  123  108   95   87   81   78   77   78   80   83   87   93  101  107  110  110
  109  109  110  111  112  119  134  160  190  219  245  272  304  342  384  424
  460  492  522  550  574  592  603  606  603  597  592  588  587  586  586  584
  579  573  568  567  570  575  574  564  543  516  491  468  447  423  394  361
  327  294  263  234  207  183  161  141  123
    20.0-180.0 180.0   5.0 450.0                            LAT/LON1/LON2/DLON/H
  160  143  127  114  103   95   90   88   87   87   88   91   96  102  106  108
  109  110  112  114  118  128  148  175  204  231  257  286  325  373  425  472
  511  541  566  588  608  624  634  639  639  635  631  628  627  628  629  631
  630  627  624  624  627  631  629  618  596  569  541  517  495  473  448  419
  388  355  321  287  255  226  201  180  160
    17.5-180.0 180.0   5.0 450.0                            LAT/LON1/LON2/DLON/H
  196  179  162  146  131  118  109  104  100   97   93   92   94   98  103  106
  108  111  114  118  124  137  159  188  218  244  270  303  348  403  461  511
  549  577  597  614  630  644  656  663  666  665  662  660  659  661  664  667
  668  667  663  660  658  656  650  635  611  580  549  523  502  485  467  446
  421  392  359  324  290  260  235  215  196
    15.0-180.0 180.0   5.0 450.0                            LAT/LON1/LON2/DLON/H
  224  209  193  176  159  143  130  122  116  109  102   96   94   95   99  102
  105  109  114  119  128  143  168  198  229  257  286  322  370  429  488  537
  573  597  613  627  640  654  667  677  683  685  684  683  683  685  688  692
  694  691  685  675  665  654  641  620  591  556  521  492  472  459  449  437
  421  398  369  337  306  278  256  239  224
    12.5-180.0 180.0   5.0 450.0                            LAT/LON1/LON2/DLON/H
  238  228  215  199  181  163  149  139  131  122  112  102   95   93   95   98
  101  106  111  118  128  145  171  204  239  271  303  342  392  449  505  549
  580  600  614  627  640  655  670  683  693  697  698  698  698  700  704  707
  707  703  692  676  657  636  614  587  552  512  472  438  416  405  402  399
  391  376  354  328  302  279  262  249  238
    10.0-180.0 180.0   5.0 450.0                            LAT/LON1/LON2/DLON/H
  239  233  224  211  194  177  162  151  142  132  120  107   97   92   91   93
   96  100  106  113  123  142  171  208  248  285  323  364  412  464  511  548
  573  590  604  618  634  651  669  686  698  705  708  708  709  710  713  714
  713  706  692  670  644  616  586  553  514  469  422  382  356  344  343  345
  343  334  320  301  282  266  254  245  239
     7.5-180.0 180.0   5.0 450.0                            LAT/LON1/LON2/DLON/H
  229  226  221  212  198  182  168  157  148  137  124  111   99   92   89   88
   90   93   98  105  117  138  170  211  257  301  343  385  429  472  508  537
  557  573  588  605  624  645  667  687  702  711  715  716  717  717  718  717
  714  706  690  668  638  606  572  535  493  444  392  344  311  294  291  292
  292  287  278  267  256  245  237  232  229
     5.0-180.0 180.0   5.0 450.0                            LAT/LON1/LON2/DLON/H
  213  213  211  205  194  181  168  157  148  138  125  112  100   92   87   85
   85   87   91   98  111  134  170  217  268  318  363  404  440  473  500  520
  537  554  573  593  616  641  666  689  707  718  723  724  724  723  721  718
  714  706  693  673  646  614  580  543  501  450  392  337  295  271  261  257
  254  248  243  237  232  225  219  215  213
     2.5-180.0 180.0   5.0 450.0                            LAT/LON1/LON2/DLON/H
  200  200  199  196  187  176  164  154  145  135  124  112  101   93   87   84
   82   82   85   93  108  135  175  226  282  335  380  416  446  469  487  503
  520  539  561  586  612  640  667  693  713  726  732  732  730  727  723  718
  714  708  701  688  667  640  609  575  535  484  424  363  313  280  261  249
  238  229  224  221  219  214  208  203  200
