static/ion/2023-12-06.23i
     1.0            IONOSPHERE MAPS     GNSS                IONEX VERSION / TYPE
IONINX V5.5         AIUB                05-DEC-23 07:41     PGM / RUN BY / DATE 
CODE'S 2-DAY PREDICTED IONOSPHERE MAPS FOR DAY 340, 2023    COMMENT             
Global ionosphere maps (GIM) are generated on a daily basis DESCRIPTION         
at CODE using data from about 120 GNSS sites of the IGS and DESCRIPTION         
other institutions. The vertical total electron content     DESCRIPTION         
(VTEC) is modeled in a solar-geomagnetic reference frame    DESCRIPTION         
using a spherical harmonics expansion up to degree and      DESCRIPTION         
order 15. Piece-wise linear functions are used for          DESCRIPTION         
representation in the time domain. The time spacing of      DESCRIPTION         
their vertices is 1 hour, conforming with the epochs of the DESCRIPTION         
VTEC maps.                                                  DESCRIPTION         
To convert line-of-sight TEC into vertical TEC, a modified  DESCRIPTION         
single-layer model mapping function approximating the JPL   DESCRIPTION         
extended slab model mapping function is adopted. The        DESCRIPTION         
mapping function is evaluated at geodetic satellite         DESCRIPTION         
elevation angles. For the computation of the ionospheric    DESCRIPTION         
pierce points, a spherical layer with a radius of 6821 km   DESCRIPTION         
is assumed, implying geocentric, not geodetic IONEX         DESCRIPTION         
latitudes.                                                  DESCRIPTION         
Instrumental biases with respect to each involved GNSS code DESCRIPTION         
observable are estimated as constant values for each        DESCRIPTION         
day. They are modeled with one set of bias parameters for   DESCRIPTION         
each satellite and each station in case of GPS and for each DESCRIPTION         
satellite-station link in case of GLONASS. The code bias    DESCRIPTION         
datum is defined by zero-mean conditions imposed on the     DESCRIPTION         
satellite bias estimates. In this file, just GPS C1W-C2W    DESCRIPTION         
satellite and station bias values are included. The         DESCRIPTION         
complete set of GNSS code bias results is provided in an    DESCRIPTION         
additional Bias-SINEX file as pseudo-absolute values        DESCRIPTION         
specific to each observable.                                DESCRIPTION         
Contact address: code(at)aiub.unibe.ch                      DESCRIPTION         
Data archive:    ftp.aiub.unibe.ch/CODE/                    DESCRIPTION         
                 www.aiub.unibe.ch/download/CODE/           DESCRIPTION         
  2023    12     6     0     0     0                        EPOCH OF FIRST MAP  
  2023    12     7     0     0     0                        EPOCH OF LAST MAP   
  3600                                                      INTERVAL            
    25                                                      # OF MAPS IN FILE   
  NONE                                                      MAPPING FUNCTION    
    10.0                                                    ELEVATION CUTOFF    
One-way carrier phase leveled to code                       OBSERVABLES USED    
  6371.0                                                    BASE RADIUS         
     2                                                      MAP DIMENSION       
   450.0 450.0   0.0                                        HGT1 / HGT2 / DHGT  
    87.5 -87.5  -2.5                                        LAT1 / LAT2 / DLAT  
  -180.0 180.0   5.0                                        LON1 / LON2 / DLON  
    -1                                                      EXPONENT            
TEC/RMS values in 0.1 TECU; 9999, if no value available     COMMENT             
                                                            END OF HEADER       
[from data line 3003]
     8                                                      START OF TEC MAP    
  2023    12     6     7     0     0                        EPOCH OF CURRENT MAP
    87.5-180.0 180.0   5.0 450.0                            LAT/LON1/LON2/DLON/H
   61   61   61   61   62   62   63   64   65   66   67   68   69   70   71   72
   73   74   75   76   77   78   78   79   80   80   80   81   81   81   82   82
   82   82   82   83   83   83   83   83   84   84   84   84   84   84   84   83
   83   83   82   82   81   80   80   79   78   76   75   74   73   71   70   69
   68   66   65   64   63   62   62   61   61
    85.0-180.0 180.0   5.0 450.0                            LAT/LON1/LON2/DLON/H
   49   48   48   48   49   51   52   54   57   59   62   64   67   70   72   75
   77   79   80   82   83   83   84   84   85   85   85   85   85   85   85   85
   85   85   86   86   87   88   88   89   90   91   93   94   95   96   97   98
   99   99   99   99   99   98   97   95   93   91   88   85   82   79   75   72
   68   65   62   58   56   53   51   50   49
    82.5-180.0 180.0   5.0 450.0                            LAT/LON1/LON2/DLON/H
   40   38   38   38   39   41   43   46   50   54   58   63   67   71   75   78
   81   83   85   86   86   87   86   86   85   85   84   83   82   82   82   82
   82   83   83   85   86   88   90   92   95   97  100  104  107  110  114  117
  120  122  124  126  126  126  126  124  122  119  115  110  105   99   93   87
   80   74   67   61   56   51   46   43   40
    80.0-180.0 180.0   5.0 450.0                            LAT/LON1/LON2/DLON/H
   39   35   33   32   33   35   37   41   46   51   56   61   66   71   76   79
   82   85   86   87   86   85   84   82   81   79   77   76   75   74   74   74
   75   76   77   79   82   85   88   92   97  102  107  114  120  127  133  140
  146  152  157  161  163  165  165  164  162  158  153  147  140  132  123  113
  104   94   84   74   65   57   50   44   39
    77.5-180.0 180.0   5.0 450.0                            LAT/LON1/LON2/DLON/H
   45   39   35   33   32   34   36   39   44   49   54   60   65   70   75   78
   81   83   84   84   83   81   78   75   72   70   67   66   64   64   64   65
   66   67   70   73   76   80   85   91   98  106  114  124  134  145  156  166
  177  186  194  201  207  210  211  211  209  204  199  191  182  172  161  149
  136  123  110   97   84   72   62   53   45
    75.0-180.0 180.0   5.0 450.0                            LAT/LON1/LON2/DLON/H
   57   49   43   39   38   37   39   41   45   49   53   58   63   67   71   75
   78   80   80   79   78   75   72   68   64   61   59   57   56   56   56   57
   59   61   64   67   72   77   83   91  100  110  122  135  149  164  180  195
  209  223  234  244  251  256  258  258  255  250  244  235  225  213  200  185
  170  155  139  123  108   93   79   68   57
    72.5-180.0 180.0   5.0 450.0                            LAT/LON1/LON2/DLON/H
   71   61   54   49   46   44   45   46   48   50   53   56   60   63   67   70
   73   75   76   76   74   71   67   64   60   57   55   53   53   53   53   54
   56   58   61   64   69   75   82   91  102  115  130  147  165  185  204  224
  242  259  273  284  293  298  300  299  295  289  281  271  260  247  232  217
  200  183  165  147  130  113   97   83   71
    70.0-180.0 180.0   5.0 450.0                            LAT/LON1/LON2/DLON/H
   81   70   62   56   53   51   51   51   52   53   54   55   57   59   63   66
   70   73   75   75   73   71   67   64   61   58   56   55   55   55   56   56
   57   58   60   63   67   74   82   93  106  122  140  161  183  206  229  252
  273  292  307  319  327  332  332  330  324  316  307  295  283  268  253  237
  219  201  183  164  145  127  110   95   81
    67.5-180.0 180.0   5.0 450.0                            LAT/LON1/LON2/DLON/H
   84   72   64   58   55   54   55   55   55   55   55   54   55   57   60   64
   69   73   76   77   77   75   71   68   66   64   63   62   62   62   62   61
   60   60   61   63   67   74   84   97  112  131  152  176  201  227  253  278
  300  320  335  346  352  355  353  348  340  331  319  306  293  277  261  244
  226  207  188  169  150  131  114   98   84
    65.0-180.0 180.0   5.0 450.0                            LAT/LON1/LON2/DLON/H
   77   65   57   52   51   51   53   54   55   56   55   54   54   56   60   65
   71   76   80   83   82   80   77   74   72   71   71   71   71   70   69   66
   63   61   61   63   67   75   87  102  120  142  166  192  220  247  275  300
  322  341  354  363  367  367  363  356  346  335  322  308  293  277  260  241
  222  203  183  164  144  126  108   91   77
    62.5-180.0 180.0   5.0 450.0                            LAT/LON1/LON2/DLON/H
   63   51   43   39   39   41   45   48   51   53   53   53   54   56   61   67
   74   81   86   88   88   85   82   79   78   77   78   78   78   76   73   69
   64   61   60   62   67   77   91  109  130  154  180  208  237  266  293  317
  338  354  366  372  374  371  365  356  346  333  320  306  290  273  254  235
  214  193  173  152  133  113   95   78   63
    60.0-180.0 180.0   5.0 450.0                            LAT/LON1/LON2/DLON/H
   48   35   26   22   22   26   32   38   43   47   49   51   53   56   62   69
   78   85   90   92   91   87   83   80   79   79   80   81   80   78   73   68
   62   58   58   60   68   80   97  117  141  167  195  224  253  281  307  329
  348  361  369  373  373  369  363  354  344  332  319  305  290  272  252  230
  207  185  162  141  121  101   82   64   48
    57.5-180.0 180.0   5.0 450.0                            LAT/LON1/LON2/DLON/H
   38   23   13    8    8   11   18   25   33   39   44   47   51   55   62   70
   79   87   92   93   90   85   80   76   75   76   78   79   78   75   69   63
   58   55   55   60   70   85  104  126  152  179  208  237  266  293  317  336
  352  362  368  369  368  365  359  352  343  334  323  310  295  277  256  233
  208  182  158  136  114   94   74   55   38
    55.0-180.0 180.0   5.0 450.0                            LAT/LON1/LON2/DLON/H
   37   22   10    3    1    3    8   16   24   31   38   43   48   53   60   69
   78   85   90   90   85   79   73   69   69   70   72   73   72   68   62   56
   52   51   54   62   75   92  112  136  162  190  219  248  276  301  323  340
  351  359  362  363  362  359  356  351  345  338  330  320  306  289  268  243
  215  188  162  138  116   95   75   55   37
    52.5-180.0 180.0   5.0 450.0                            LAT/LON1/LON2/DLON/H
   48   32   20   11    7    6    8   13   20   27   34   40   45   51   57   65
   74   81   85   84   79   72   66   63   63   65   67   68   66   61   55   50
   47   49   55   66   82  100  122  147  173  200  228  256  283  306  326  340
  349  354  355  355  354  354  352  350  347  343  337  330  319  303  282  256
  228  199  172  147  125  105   85   66   48
    50.0-180.0 180.0   5.0 450.0                            LAT/LON1/LON2/DLON/H
   67   53   42   33   26   22   21   22   25   30   36   41   45   50   55   61
   69   76   80   79   75   68   62   60   60   63   65   65   62   56   50   45
   45   49   59   73   91  111  133  157  182  208  235  262  288  310  328  340
  347  349  348  348  348  348  349  349  347  345  341  335  326  312  292  267
  239  210  182  158  137  118  100   83   67
    47.5-180.0 180.0   5.0 450.0                            LAT/LON1/LON2/DLON/H
   88   78   70   63   57   50   44   41   40   41   44   48   50   52   55   59
   66   72   77   78   74   69   65   63   65   67   69   67   62   54   47   43
   44   51   64   81  101  122  145  168  192  217  243  268  293  315  331  342
  346  346  344  342  342  343  344  344  343  340  336  331  324  312  294  271
  243  215  188  165  145  128  113   99   88
    45.0-180.0 180.0   5.0 450.0                            LAT/LON1/LON2/DLON/H
  102   99   97   94   89   82   74   67   62   60   60   61   61   60   60   62
   67   73   79   82   81   77   74   74   75   77   77   74   66   57   48   44
   45   54   69   88  111  134  157  180  203  227  251  276  300  320  336  345
  348  346  342  339  339  340  340  338  335  330  324  319  312  302  286  264
  238  211  185  163  144  129  117  108  102
    42.5-180.0 180.0   5.0 450.0                            LAT/LON1/LON2/DLON/H
  105  108  112  115  115  110  102   93   86   81   79   78   76   73   70   70
   74   81   88   93   93   91   89   89   90   91   89   83   73   62   51   45
   46   55   72   94  119  145  169  193  216  239  263  286  308  328  343  351
  352  349  345  341  340  340  338  335  328  320  312  304  296  286  272  252
  228  201  176  153  135  120  110  105  105
    40.0-180.0 180.0   5.0 450.0                            LAT/LON1/LON2/DLON/H
   94  102  112  121  126  125  120  112  105  100   97   95   93   89   85   83
   86   94  102  109  110  109  106  105  105  105  101   93   81   68   55   47
   46   55   72   97  126  155  182  208  232  255  277  299  319  337  351  359
  361  358  353  350  348  347  345  339  330  318  307  297  287  277  262  243
  219  192  166  142  121  105   94   91   94
    37.5-180.0 180.0   5.0 450.0                            LAT/LON1/LON2/DLON/H
   74   84   97  110  119  123  122  118  113  109  108  108  108  105  101   99
  102  110  119  126  128  126  122  119  117  115  110  101   88   74   60   50
   47   54   72  100  133  166  196  224  250  273  294  314  332  348  361  369
  372  371  369  367  367  366  364  358  348  335  322  309  297  284  268  248
  223  195  166  138  112   91   77   71   74
    35.0-180.0 180.0   5.0 450.0                            LAT/LON1/LON2/DLON/H
   57   64   75   87   98  105  109  109  107  107  109  112  115  116  114  114
  118  126  136  142  143  140  134  129  124  120  114  105   94   80   66   54
   48   54   73  103  140  177  212  242  269  292  312  329  345  359  372  382
  388  391  392  395  398  400  400  396  389  378  364  350  336  320  301  278
  251  220  187  152  119   90   69   58   57
    32.5-180.0 180.0   5.0 450.0                            LAT/LON1/LON2/DLON/H
   54   54   58   64   72   79   85   89   90   92   98  106  114  119  121  123
  128  137  147  153  153  147  140  132  126  121  114  107   98   87   74   61
   54   57   76  109  149  190  228  260  288  311  330  345  358  371  385  398
  408  417  425  433  441  448  453  455  453  447  436  422  406  387  364  339
  308  274  235  193  151  113   83   63   54
    30.0-180.0 180.0   5.0 450.0                            LAT/LON1/LON2/DLON/H
   77   66   60   56   56   59   63   66   68   71   79   90  103  113  119  124
  131  141  150  156  155  148  140  132  125  119  113  107  102   96   85   73
   64   66   84  119  162  205  244  277  306  329  346  360  373  386  401  418
  435  450  466  481  495  508  520  529  535  536  531  519  502  480  455  426
  393  355  311  263  212  164  124   95   77
    27.5-180.0 180.0   5.0 450.0                            LAT/LON1/LON2/DLON/H
  131  110   91   75   63   57   56   55   53   53   59   72   87  101  110  118
  126  137  146  152  151  145  137  130  124  118  113  110  109  107  100   88
   78   79   98  133  177  222  260  293  321  344  363  377  389  404  423  445
  468  491  513  535  555  574  593  610  625  635  636  627  611  588  561  530
  495  455  408  355  298  242  194  158  131
    25.0-180.0 180.0   5.0 450.0                            LAT/LON1/LON2/DLON/H
  212  184  155  126  102   85   73   64   55   49   50   60   75   89   99  107
  116  127  137  143  143  139  135  131  127  122  118  116  118  120  116  106
   96   96  114  150  194  238  275  307  335  359  379  395  411  429  452  478
  507  535  564  590  615  638  661  685  707  725  732  728  714  691  664  633
  598  559  512  457  396  337  285  244  212
    22.5-180.0 180.0   5.0 450.0                            LAT/LON1/LON2/DLON/H
  310  280  245  208  172  143  121  101   82   66   59   62   73   84   92   98
  106  116  127  133  136  135  135  135  134  131  127  126  129  133  132  124
  114  114  132  168  212  254  289  320  348  375  399  418  438  460  487  518
  550  582  613  641  666  691  715  742  769  791  804  804  792  772  746  717
  686  649  605  553  493  434  383  342  310
    20.0-180.0 180.0   5.0 450.0                            LAT/LON1/LON2/DLON/H
  409  382  347  306  264  227  195  164  134  108   91   86   89   93   96   98
  102  111  120  127  131  135  139  144  146  143  139  137  140  144  144  137
  128  129  148  184  227  268  302  332  363  393  422  446  470  497  527  560
  593  626  655  682  705  726  749  774  801  824  839  842  834  817  795  771
  744  713  675  627  573  518  471  436  409
    17.5-180.0 180.0   5.0 450.0                            LAT/LON1/LON2/DLON/H
  490  470  442  404  361  321  283  245  206  171  145  131  125  120  115  110
  110  115  122  128  133  139  147  155  160  158  152  147  148  150  150  143
  136  139  160  197  241  280  314  345  379  414  448  479  507  536  568  601
  633  662  688  710  727  743  760  780  802  822  835  840  835  823  807  787
  767  743  712  672  625  577  537  509  490
    15.0-180.0 180.0   5.0 450.0                            LAT/LON1/LON2/DLON/H
  540  530  511  481  444  405  367  327  285  244  212  191  176  163  149  136
  130  131  134  137  140  146  156  166  171  169  162  154  151  150  148  142
  138  144  168  207  251  291  326  359  397  438  477  512  544  575  606  637
  664  688  708  723  735  743  753  764  778  792  801  806  804  797  786  772
  758  740  718  686  647  606  572  551  540
    12.5-180.0 180.0   5.0 450.0                            LAT/LON1/LON2/DLON/H
  555  552  543  523  495  464  431  394  354  314  280  256  236  215  193  174
  162  157  155  153  151  155  163  173  178  175  166  156  148  144  140  135
  134  145  172  214  259  300  337  374  416  461  504  542  575  606  635  662
  685  702  716  726  731  733  735  738  742  747  751  754  755  753  747  738
  728  717  700  676  643  608  578  561  555
    10.0-180.0 180.0   5.0 450.0                            LAT/LON1/LON2/DLON/H
  538  538  535  524  506  485  461  432  399  365  335  312  290  266  240  216
  199  189  180  172  164  162  167  174  178  174  164  152  142  135  129  125
  128  144  176  220  266  308  346  386  432  480  526  564  597  626  653  675
  693  706  715  721  722  721  718  713  709  705  703  704  706  708  706  701
  694  686  673  654  625  593  563  545  538
     7.5-180.0 180.0   5.0 450.0                            LAT/LON1/LON2/DLON/H
  501  497  494  488  478  466  453  435  412  387  365  347  329  305  278  252
  233  219  205  189  175  167  167  170  172  168  158  146  134  125  118  117
  124  146  181  226  272  314  353  395  443  492  538  576  607  633  657  676
  691  701  709  714  716  714  709  701  690  679  671  670  674  678  679  676
  669  661  650  633  606  573  540  515  501
     5.0-180.0 180.0   5.0 450.0                            LAT/LON1/LON2/DLON/H
  460  445  437  430  424  419  413  405  393  379  366  356  343  324  300  276
  256  240  222  201  181  168  163  163  162  159  151  140  128  118  112  114
  126  152  190  234  278  318  356  399  446  495  539  574  603  628  650  668
  682  693  702  710  715  717  714  705  691  676  666  663  667  672  674  670
  662  653  641  623  597  561  522  486  460
     2.5-180.0 180.0   5.0 450.0                            LAT/LON1/LON2/DLON/H
  430  401  382  369  362  358  357  356  351  345  341  338  333  320  301  281
  264  247  228  205  182  166  158  155  154  151  145  137  127  117  113  117
  134  164  202  244  283  319  356  397  443  489  530  563  591  615  637  656
  672  685  698  710  721  729  732  726  713  697  685  681  684  689  690  684
  674  662  648  629  601  563  517  470  430
