static/ion/2023-12-09.23i
     1.0            IONOSPHERE MAPS     GNSS                IONEX VERSION / TYPE
IONINX V5.5         AIUB                08-DEC-23 07:49     PGM / RUN BY / DATE 
CODE'S 2-DAY PREDICTED IONOSPHERE MAPS FOR DAY 343, 2023    COMMENT             
Global ionosphere maps (GIM) are generated on a daily basis DESCRIPTION         
at CODE using data from about 120 GNSS sites of the IGS and DESCRIPTION         
other institutions. The vertical total electron content     DESCRIPTION         
(VTEC) is modeled in a solar-geomagnetic reference frame    DESCRIPTION         
using a spherical harmonics expansion up to degree and      DESCRIPTION         
order 15. Piece-wise linear functions are used for          DESCRIPTION         
representation in the time domain. The time spacing of      DESCRIPTION         
their vertices is 1 hour, conforming with the epochs of the DESCRIPTION         
VTEC maps.                                                  DESCRIPTION         
To convert line-of-sight TEC into vertical TEC, a modified  DESCRIPTION         
single-layer model mapping function approximating the JPL   DESCRIPTION         
extended slab model mapping function is adopted. The        DESCRIPTION         
mapping function is evaluated at geodetic satellite         DESCRIPTION         
elevation angles. For the computation of the ionospheric    DESCRIPTION         
pierce points, a spherical layer with a radius of 6821 km   DESCRIPTION         
is assumed, implying geocentric, not geodetic IONEX         DESCRIPTION         
latitudes.                                                  DESCRIPTION         
Instrumental biases with respect to each involved GNSS code DESCRIPTION         
observable are estimated as constant values for each        DESCRIPTION         
day. They are modeled with one set of bias parameters for   DESCRIPTION         
each satellite and each station in case of GPS and for each DESCRIPTION         
satellite-station link in case of GLONASS. The code bias    DESCRIPTION         
datum is defined by zero-mean conditions imposed on the     DESCRIPTION         
satellite bias estimates. In this file, just GPS C1W-C2W    DESCRIPTION         
satellite and station bias values are included. The         DESCRIPTION         
complete set of GNSS code bias results is provided in an    DESCRIPTION         
additional Bias-SINEX file as pseudo-absolute values        DESCRIPTION         
specific to each observable.                                DESCRIPTION         
Contact address: code(at)aiub.unibe.ch                      DESCRIPTION         
Data archive:    ftp.aiub.unibe.ch/CODE/                    DESCRIPTION         
                 www.aiub.unibe.ch/download/CODE/           DESCRIPTION         
  2023    12     9     0     0     0                        EPOCH OF FIRST MAP  
  2023    12    10     0     0     0                        EPOCH OF LAST MAP   
  3600                                                      INTERVAL            
    25                                                      # OF MAPS IN FILE   
  NONE                                                      MAPPING FUNCTION    
    10.0                                                    ELEVATION CUTOFF    
One-way carrier phase leveled to code                       OBSERVABLES USED    
  6371.0                                                    BASE RADIUS         
     2                                                      MAP DIMENSION       
   450.0 450.0   0.0                                        HGT1 / HGT2 / DHGT  
    87.5 -87.5  -2.5                                        LAT1 / LAT2 / DLAT  
  -180.0 180.0   5.0                                        LON1 / LON2 / DLON  
    -1                                                      EXPONENT            
TEC/RMS values in 0.1 TECU; 9999, if no value available     COMMENT             
                                                            END OF HEADER       
[from data line 4719]
    12                                                      START OF TEC MAP    
  2023    12     9    11     0     0                        EPOCH OF CURRENT MAP
    87.5-180.0 180.0   5.0 450.0                            LAT/LON1/LON2/DLON/H
   59   60   61   61   62   63   63   64   65   66   66   67   68   68   69   69
   70   70   71   71   71   72   72   72   72   72   72   72   72   71   71   71
   70   70   69   68   68   67   66   65   64   63   62   61   61   60   59   58
   57   57   56   56   55   55   55   55   54   54   54   54   55   55   55   55
   55   56   56   57   57   58   58   59   59
    85.0-180.0 180.0   5.0 450.0                            LAT/LON1/LON2/DLON/H
   56   56   57   58   59   61   62   63   64   65   66   68   69   70   71   71
   72   73   74   74   75   75   76   76   77   77   77   78   78   78   78   78
   77   77   76   75   74   72   71   69   67   65   63   62   60   58   56   55
   54   53   52   51   51   51   50   50   50   51   51   51   51   51   52   52
   52   52   53   53   53   54   54   55   56
    82.5-180.0 180.0   5.0 450.0                            LAT/LON1/LON2/DLON/H
   53   53   54   55   56   57   58   59   61   62   64   65   66   67   68   69
   69   70   70   71   72   72   73   74   75   76   78   79   80   82   83   84
   85   85   85   84   83   82   80   78   75   72   69   67   64   62   59   58
   56   55   54   54   54   54   54   55   55   56   56   57   57   57   57   56
   56   55   55   54   54   53   53   53   53
    80.0-180.0 180.0   5.0 450.0                            LAT/LON1/LON2/DLON/H
   53   52   52   52   53   53   54   56   57   58   59   60   61   62   62   63
   63   63   63   64   64   65   66   67   69   71   73   76   80   83   86   90
   93   95   97   98   98   97   95   92   89   86   82   79   76   73   70   68
   67   66   66   66   66   67   68   69   70   71   71   71   71   71   70   69
   67   65   63   61   59   57   55   54   53
    77.5-180.0 180.0   5.0 450.0                            LAT/LON1/LON2/DLON/H
   56   54   53   52   52   52   53   54   55   55   56   57   57   57   57   57
   56   56   56   56   56   56   57   59   61   64   68   72   78   83   90   96
  102  108  112  115  117  117  116  114  110  107  103   99   95   92   89   87
   86   85   85   86   87   88   89   90   91   91   91   91   91   89   88   85
   83   79   76   72   68   65   61   58   56
    75.0-180.0 180.0   5.0 450.0                            LAT/LON1/LON2/DLON/H
   63   60   58   56   55   55   55   55   56   56   56   56   56   55   55   54
   53   53   52   52   51   52   52   54   56   59   64   69   76   85   94  104
  113  122  130  136  140  142  142  140  137  133  129  124  120  117  115  113
  112  111  111  111  111  111  111  111  111  111  110  109  108  106  104  101
   97   93   89   84   79   75   70   66   63
    72.5-180.0 180.0   5.0 450.0                            LAT/LON1/LON2/DLON/H
   71   68   65   63   62   61   61   61   61   61   60   60   59   58   57   56
   55   54   54   53   53   53   54   55   56   59   63   70   78   88   99  112
  125  138  149  158  165  168  169  168  166  162  158  153  150  146  144  142
  140  138  136  134  132  130  128  126  124  122  120  118  116  114  111  108
  105  101   97   93   88   83   79   75   71
    70.0-180.0 180.0   5.0 450.0                            LAT/LON1/LON2/DLON/H
   78   76   73   72   71   70   69   69   69   68   68   67   66   65   63   62
   61   61   60   60   60   60   60   61   62   64   68   73   82   93  106  122
  138  154  168  180  189  194  196  196  194  190  186  182  179  176  173  169
  166  162  158  153  147  141  135  129  124  119  115  112  109  106  104  102
  100   98   96   93   90   87   84   81   78
    67.5-180.0 180.0   5.0 450.0                            LAT/LON1/LON2/DLON/H
   81   80   79   78   77   77   77   77   77   76   76   75   74   73   72   71
   70   69   69   69   69   70   70   70   71   72   74   79   87   99  114  131
  151  169  186  200  211  217  220  220  218  215  212  209  206  202  198  193
  187  180  172  162  152  141  131  121  111  103   97   91   87   84   83   82
   82   82   82   83   83   83   83   82   81
    65.0-180.0 180.0   5.0 450.0                            LAT/LON1/LON2/DLON/H
   78   79   79   79   79   80   81   81   82   82   82   82   81   80   79   78
   77   76   75   75   76   76   77   78   78   79   81   85   93  105  122  141
  163  184  203  218  229  236  239  239  238  236  234  231  228  224  218  211
  202  191  178  164  149  133  118  103   90   78   69   61   56   52   51   51
   52   55   59   63   67   71   74   76   78
    62.5-180.0 180.0   5.0 450.0                            LAT/LON1/LON2/DLON/H
   68   70   72   74   75   76   78   80   82   83   84   85   85   84   83   81
   79   77   76   75   75   76   78   80   81   82   85   90   98  112  130  152
  176  199  219  235  245  251  254  254  254  253  252  250  246  241  234  224
  211  197  180  162  142  122  103   84   67   53   40   31   23   19   16   17
   19   23   30   37   44   52   59   64   68
    60.0-180.0 180.0   5.0 450.0                            LAT/LON1/LON2/DLON/H
   54   58   60   62   64   67   70   73   76   79   81   83   84   84   83   80
   77   73   70   68   67   68   70   73   76   80   84   91  102  118  139  164
  190  215  235  250  259  264  265  266  266  266  266  265  262  255  246  233
  218  200  180  159  137  114   92   71   52   35   21    9    0    0    0    0
    0    0    3   11   21   31   40   48   54
    57.5-180.0 180.0   5.0 450.0                            LAT/LON1/LON2/DLON/H
   39   44   47   49   51   54   58   62   66   70   74   77   79   80   79   76
   71   65   59   55   52   53   55   60   66   72   81   91  106  126  151  179
  207  233  253  266  273  275  275  275  276  278  279  279  276  268  257  242
  225  205  184  161  138  114   92   70   50   32   17    3    0    0    0    0
    0    0    0    0    3   14   24   33   39
    55.0-180.0 180.0   5.0 450.0                            LAT/LON1/LON2/DLON/H
   30   34   36   38   40   43   46   51   56   61   66   70   73   75   74   70
   64   57   48   41   36   35   37   43   52   63   76   91  111  135  164  195
  225  251  270  281  285  285  284  284  285  289  291  292  289  280  268  252
  234  213  192  170  147  124  102   80   61   43   27   14    3    0    0    0
    0    0    0    0    0    5   15   23   30
    52.5-180.0 180.0   5.0 450.0                            LAT/LON1/LON2/DLON/H
   28   32   33   34   35   37   40   44   49   55   60   65   69   71   70   67
   61   52   42   32   24   20   22   28   40   55   73   94  118  147  178  212
  243  269  286  295  297  295  292  291  294  298  302  304  301  292  280  263
  245  225  204  183  162  140  119   98   79   62   48   35   25   15    8    1
    0    0    0    0    0    8   16   23   28
    50.0-180.0 180.0   5.0 450.0                            LAT/LON1/LON2/DLON/H
   36   39   39   39   39   40   42   45   49   54   59   64   68   70   71   68
   62   54   43   31   21   14   14   20   34   52   75  101  129  160  193  226
  257  282  299  306  306  302  299  298  301  306  311  314  311  303  291  275
  257  239  219  199  178  157  136  116   98   82   69   58   50   42   36   29
   22   17   13   13   15   20   26   32   36
    47.5-180.0 180.0   5.0 450.0                            LAT/LON1/LON2/DLON/H
   51   53   54   53   52   52   53   54   57   61   65   69   72   75   76   74
   70   63   53   41   28   18   15   21   36   58   84  112  142  173  205  237
  266  289  305  311  311  307  304  304  307  313  318  321  319  312  300  286
  269  251  232  212  191  169  147  126  107   92   81   73   68   64   60   55
   49   43   38   35   35   38   43   48   51
    45.0-180.0 180.0   5.0 450.0                            LAT/LON1/LON2/DLON/H
   69   71   72   72   71   70   70   70   71   73   76   79   82   84   85   84
   83   78   70   58   44   32   27   31   46   70   99  128  157  185  213  241
  267  289  304  312  313  311  309  309  312  317  323  325  323  317  307  294
  279  262  242  221  198  174  149  126  106   90   80   75   73   74   74   72
   68   63   58   54   53   56   60   65   69
    42.5-180.0 180.0   5.0 450.0                            LAT/LON1/LON2/DLON/H
   83   86   89   90   90   90   89   88   88   88   90   92   94   95   96   96
   96   95   89   79   65   51   44   48   63   89  118  147  172  195  217  239
  261  281  298  308  313  315  314  315  318  322  326  328  327  322  314  302
  287  270  249  226  201  173  145  119   96   79   69   66   67   71   75   77
   76   72   68   66   65   68   73   78   83
    40.0-180.0 180.0   5.0 450.0                            LAT/LON1/LON2/DLON/H
   89   94   98  101  103  104  104  103  103  103  104  105  106  106  106  106
  108  109  106   98   84   70   62   66   83  110  139  165  187  203  218  234
  252  271  290  305  316  321  324  326  328  330  332  333  332  329  322  312
  297  279  257  232  205  175  144  115   89   69   58   55   58   63   69   72
   73   72   69   68   69   73   78   84   89
    37.5-180.0 180.0   5.0 450.0                            LAT/LON1/LON2/DLON/H
   87   92   97  102  107  109  111  111  111  112  113  115  116  115  113  113
  115  117  116  110   98   85   78   84  103  130  159  183  200  210  219  230
  245  265  287  308  324  335  340  343  344  344  345  345  344  341  336  327
  313  295  273  247  219  189  158  126   98   76   62   57   57   61   66   68
   68   67   66   65   67   71   76   81   87
    35.0-180.0 180.0   5.0 450.0                            LAT/LON1/LON2/DLON/H
   78   82   87   93   99  104  107  109  111  114  117  119  121  119  117  115
  116  118  118  114  103   93   89   98  120  149  178  199  212  219  224  232
  247  268  294  320  342  358  366  369  369  368  367  366  365  364  360  353
  341  323  302  278  253  226  196  165  136  111   94   84   80   80   79   77
   73   69   66   64   65   67   71   74   78
    32.5-180.0 180.0   5.0 450.0                            LAT/LON1/LON2/DLON/H
   68   69   73   78   84   90   95   99  103  107  113  117  120  120  117  114
  113  114  114  110  102   95   96  109  134  165  193  214  225  232  237  247
  263  287  316  347  373  391  401  405  404  402  400  399  399  399  397  392
  382  367  349  330  311  289  265  238  209  182  160  145  135  127  118  108
   97   87   79   73   70   69   68   68   68
    30.0-180.0 180.0   5.0 450.0                            LAT/LON1/LON2/DLON/H
   64   61   61   63   67   72   77   83   88   95  103  110  115  117  114  110
  107  107  106  103   97   94   99  118  146  178  206  227  240  250  261  275
  295  321  353  386  415  435  445  449  448  446  445  444  445  446  447  444
  438  427  414  402  390  378  361  339  312  284  259  238  220  203  185  165
  145  127  111   99   89   81   74   69   64
    27.5-180.0 180.0   5.0 450.0                            LAT/LON1/LON2/DLON/H
   71   63   58   55   55   57   61   66   73   80   90   99  107  111  110  106
  102  100   98   95   92   92  103  126  158  190  218  240  258  275  294  316
  341  370  403  436  465  484  495  498  498  497  497  498  500  503  506  507
  504  498  491  486  483  480  472  455  431  403  375  349  325  300  273  244
  215  188  163  141  123  108   94   82   71
    25.0-180.0 180.0   5.0 450.0                            LAT/LON1/LON2/DLON/H
   93   80   69   60   54   52   52   55   60   67   76   87   97  103  105  102
   99   96   94   91   90   94  109  136  169  201  229  254  278  306  335  366
  396  426  458  490  516  534  544  548  549  550  551  554  558  563  568  572
  573  572  571  572  576  580  579  568  547  519  489  459  430  401  368  333
  297  261  228  197  170  146  126  108   93
    22.5-180.0 180.0   5.0 450.0                            LAT/LON1/LON2/DLON/H
  127  110   95   80   67   58   53   52   54   59   66   77   88   96  100  100
   98   96   94   92   92   99  118  147  181  213  241  268  300  338  379  418
  452  483  512  540  563  580  588  592  595  598  602  607  612  618  626  632
  637  639  642  647  655  662  664  656  637  608  577  546  515  485  451  414
  375  334  295  257  222  192  166  145  127
    20.0-180.0 180.0   5.0 450.0                            LAT/LON1/LON2/DLON/H
  166  149  131  111   92   76   65   58   56   57   61   69   80   89   95   98
   98   98   98   96   98  107  128  159  193  224  252  283  323  370  420  465
  501  530  556  580  601  615  624  629  633  639  645  651  657  664  672  680
  687  691  695  700  707  713  714  706  686  657  624  592  563  534  504  470
  432  392  350  309  270  235  207  185  166
    17.5-180.0 180.0   5.0 450.0                            LAT/LON1/LON2/DLON/H
  204  188  169  147  124  102   85   73   65   61   61   66   74   83   90   95
   99  101  102  102  105  115  138  169  204  235  265  300  345  399  455  502
  538  564  586  607  626  640  649  655  661  668  676  682  688  694  703  711
  718  723  725  727  728  729  725  712  690  659  624  592  565  541  517  491
  459  423  383  342  303  268  241  220  204
    15.0-180.0 180.0   5.0 450.0                            LAT/LON1/LON2/DLON/H
  232  219  203  181  155  130  108   91   79   71   66   67   72   79   86   92
   98  102  105  106  110  122  146  178  214  247  279  317  365  422  479  525
  558  581  600  619  638  653  663  671  679  687  694  700  705  710  717  725
  731  735  734  730  723  715  703  685  657  623  586  553  527  508  492  474
  452  423  389  352  316  285  261  244  232
    12.5-180.0 180.0   5.0 450.0                            LAT/LON1/LON2/DLON/H
  245  237  224  205  180  154  130  110   95   83   75   71   72   76   82   88
   95  101  105  107  112  126  151  185  223  260  295  335  384  439  492  535
  563  583  601  620  640  657  669  679  688  697  704  708  711  714  719  725
  730  731  727  717  702  685  664  639  607  568  527  491  465  449  439  430
  416  396  371  341  311  284  265  252  245
    10.0-180.0 180.0   5.0 450.0                            LAT/LON1/LON2/DLON/H
  243  239  231  216  194  170  146  126  109   95   84   78   76   77   80   85
   91   97  102  105  112  127  155  192  234  275  314  355  401  450  496  532
  557  575  593  614  636  656  671  683  693  702  707  710  710  710  713  717
  721  721  715  701  680  655  627  596  559  516  470  429  399  384  377  373
  366  354  337  315  292  271  256  247  243
     7.5-180.0 180.0   5.0 450.0                            LAT/LON1/LON2/DLON/H
  231  229  225  215  198  177  156  136  120  106   95   87   82   80   81   83
   88   92   97  101  110  129  160  201  247  293  335  375  415  456  493  523
  545  563  583  606  630  652  670  684  695  704  709  710  708  706  706  708
  711  711  705  690  667  639  608  574  534  487  435  388  353  333  325  323
  319  312  301  286  270  254  241  234  231
     5.0-180.0 180.0   5.0 450.0                            LAT/LON1/LON2/DLON/H
  217  215  213  207  195  178  160  143  128  115  104   96   90   86   84   85
   86   89   92   98  111  134  169  214  264  313  356  394  427  458  487  512
  533  553  575  600  626  649  669  685  698  708  713  712  708  704  702  704
  706  708  705  693  672  645  614  581  541  492  436  382  339  313  300  294
  290  284  276  266  254  241  229  221  217
     2.5-180.0 180.0   5.0 450.0                            LAT/LON1/LON2/DLON/H
  208  205  203  199  191  179  164  149  135  124  114  106  100   95   91   89
   88   88   90   98  114  143  183  232  285  334  376  409  435  457  479  501
  524  547  572  598  624  647  668  685  701  712  718  717  712  708  705  706
  709  713  713  707  692  670  644  615  577  529  470  411  361  327  306  295
  287  279  272  264  253  240  227  215  208
