static/ion/2023-12-26.23i
     1.0            IONOSPHERE MAPS     GNSS                IONEX VERSION / TYPE
IONINX V5.5         AIUB                25-DEC-23 07:46     PGM / RUN BY / DATE 
CODE'S 2-DAY PREDICTED IONOSPHERE MAPS FOR DAY 360, 2023    COMMENT             
Global ionosphere maps (GIM) are generated on a daily basis DESCRIPTION         
at CODE using data from about 120 GNSS sites of the IGS and DESCRIPTION         
other institutions. The vertical total electron content     DESCRIPTION         
(VTEC) is modeled in a solar-geomagnetic reference frame    DESCRIPTION         
using a spherical harmonics expansion up to degree and      DESCRIPTION         
order 15. Piece-wise linear functions are used for          DESCRIPTION         
representation in the time domain. The time spacing of      DESCRIPTION         
their vertices is 1 hour, conforming with the epochs of the DESCRIPTION         
VTEC maps.                                                  DESCRIPTION         
To convert line-of-sight TEC into vertical TEC, a modified  DESCRIPTION         
single-layer model mapping function approximating the JPL   DESCRIPTION         
extended slab model mapping function is adopted. The        DESCRIPTION         
mapping function is evaluated at geodetic satellite         DESCRIPTION         
elevation angles. For the computation of the ionospheric    DESCRIPTION         
pierce points, a spherical layer with a radius of 6821 km   DESCRIPTION         
is assumed, implying geocentric, not geodetic IONEX         DESCRIPTION         
latitudes.                                                  DESCRIPTION         
Instrumental biases with respect to each involved GNSS code DESCRIPTION         
observable are estimated as constant values for each        DESCRIPTION         
day. They are modeled with one set of bias parameters for   DESCRIPTION         
each satellite and each station in case of GPS and for each DESCRIPTION         
satellite-station link in case of GLONASS. The code bias    DESCRIPTION         
datum is defined by zero-mean conditions imposed on the     DESCRIPTION         
satellite bias estimates. In this file, just GPS C1W-C2W    DESCRIPTION         
satellite and station bias values are included. The         DESCRIPTION         
complete set of GNSS code bias results is provided in an    DESCRIPTION         
additional Bias-SINEX file as pseudo-absolute values        DESCRIPTION         
specific to each observable.                                DESCRIPTION         
Contact address: code(at)aiub.unibe.ch                      DESCRIPTION         
Data archive:    ftp.aiub.unibe.ch/CODE/                    DESCRIPTION         
                 www.aiub.unibe.ch/download/CODE/           DESCRIPTION         
  2023    12    26     0     0     0                        EPOCH OF FIRST MAP  
  2023    12    27     0     0     0                        EPOCH OF LAST MAP   
  3600                                                      INTERVAL            
    25                                                      # OF MAPS IN FILE   
  NONE                                                      MAPPING FUNCTION    
    10.0                                                    ELEVATION CUTOFF    
One-way carrier phase leveled to code                       OBSERVABLES USED    
  6371.0                                                    BASE RADIUS         
     2                                                      MAP DIMENSION       
   450.0 450.0   0.0                                        HGT1 / HGT2 / DHGT  
    87.5 -87.5  -2.5                                        LAT1 / LAT2 / DLAT  
  -180.0 180.0   5.0                                        LON1 / LON2 / DLON  
    -1                                                      EXPONENT            
TEC/RMS values in 0.1 TECU; 9999, if no value available     COMMENT             
                                                            END OF HEADER       
[from data line 9009]
    22                                                      START OF TEC MAP    
  2023    12    26    21     0     0                        EPOCH OF CURRENT MAP
    87.5-180.0 180.0   5.0 450.0                            LAT/LON1/LON2/DLON/H
  149  149  150  150  150  150  150  150  150  150  149  149  148  148  147  146
  145  144  143  141  140  139  137  136  135  134  132  131  130  130  129  128
  128  127  127  127  127  127  128  128  129  129  130  131  132  133  134  135
  136  138  139  140  141  142  143  144  145  145  146  146  147  147  148  148
  148  148  148  148  149  149  149  149  149
    85.0-180.0 180.0   5.0 450.0                            LAT/LON1/LON2/DLON/H
  143  144  145  146  148  149  151  152  153  154  155  155  154  153  152  150
  147  145  142  139  136  133  129  126  124  121  119  117  115  113  112  111
  110  110  109  109  110  110  111  112  113  114  116  118  120  122  125  127
  130  133  135  138  140  142  144  145  146  147  148  148  148  147  146  146
  145  144  143  143  142  142  142  142  143
    82.5-180.0 180.0   5.0 450.0                            LAT/LON1/LON2/DLON/H
  125  127  130  133  137  141  146  150  154  157  159  160  161  160  157  154
  150  145  140  135  129  124  119  115  111  107  104  102  101   99   98   98
   97   97   97   96   97   97   98   98  100  101  103  106  109  112  116  120
  124  128  133  136  140  143  145  147  148  148  148  147  145  143  140  137
  134  131  129  127  125  124  123  124  125
    80.0-180.0 180.0   5.0 450.0                            LAT/LON1/LON2/DLON/H
  100  104  108  114  122  129  138  146  154  160  165  169  170  169  165  160
  154  146  138  129  121  114  107  102   98   95   92   91   91   91   91   92
   92   92   92   92   92   92   92   92   92   93   95   98  101  105  109  114
  120  125  130  135  140  143  146  147  148  147  145  143  139  135  130  125
  120  114  110  105  102  100   99   99  100
    77.5-180.0 180.0   5.0 450.0                            LAT/LON1/LON2/DLON/H
   79   83   89   98  108  119  132  144  156  167  175  180  183  181  176  169
  159  148  136  124  113  104   96   91   87   85   85   86   87   89   91   93
   95   96   96   96   95   94   92   91   91   91   92   93   96  100  105  110
  116  122  128  134  138  142  144  145  145  143  140  135  130  124  118  111
  104   98   92   86   82   79   77   77   79
    75.0-180.0 180.0   5.0 450.0                            LAT/LON1/LON2/DLON/H
   69   73   80   90  102  116  132  148  164  178  190  197  200  198  192  181
  167  152  136  121  108   97   89   84   81   81   82   85   89   92   96   99
  101  102  103  102  100   99   96   94   93   92   92   93   95   98  103  108
  114  120  126  131  135  137  139  138  137  134  130  125  119  112  106   99
   92   86   80   75   71   68   67   67   69
    72.5-180.0 180.0   5.0 450.0                            LAT/LON1/LON2/DLON/H
   75   80   86   96  108  123  140  159  178  196  210  219  223  220  212  198
  181  161  142  124  108   96   88   83   81   81   84   87   92   96  100  103
  105  106  106  105  103  101   98   96   94   93   93   93   95   98  102  106
  111  116  121  125  128  129  128  127  124  120  115  110  105   99   94   89
   84   80   77   75   73   72   72   73   75
    70.0-180.0 180.0   5.0 450.0                            LAT/LON1/LON2/DLON/H
   98  102  108  116  127  141  158  177  198  217  234  245  249  246  236  220
  200  177  155  134  117  104   95   89   87   86   88   90   93   96   98  100
  101  101  100   99   97   95   94   93   92   92   92   93   94   97  100  104
  107  111  114  116  117  116  114  111  106  102   97   93   89   86   83   81
   80   80   81   83   85   88   91   94   98
    67.5-180.0 180.0   5.0 450.0                            LAT/LON1/LON2/DLON/H
  131  136  141  147  155  166  181  200  220  240  258  271  277  275  264  247
  224  200  175  153  134  120  109  102   97   94   92   91   91   91   91   90
   89   87   85   84   82   82   82   83   85   86   88   90   92   94   96   99
  101  103  104  104  103  100   96   92   87   83   79   76   74   73   73   74
   77   81   87   94  102  110  118  125  131
    65.0-180.0 180.0   5.0 450.0                            LAT/LON1/LON2/DLON/H
  166  173  178  182  188  196  207  223  242  262  281  296  304  303  294  276
  254  228  202  179  159  143  130  119  110  102   96   90   86   82   79   76
   72   69   65   63   62   63   66   69   74   78   81   84   86   88   89   91
   92   93   92   91   88   84   79   74   69   65   62   61   61   62   64   68
   73   81   91  103  116  130  144  156  166
    62.5-180.0 180.0   5.0 450.0                            LAT/LON1/LON2/DLON/H
  194  205  212  216  219  224  232  245  261  280  300  316  327  329  322  307
  285  260  234  210  189  170  153  138  124  111   99   89   81   75   69   64
   58   52   48   45   44   46   50   56   63   69   74   77   79   80   81   81
   81   81   80   77   74   69   64   59   55   52   51   51   52   54   57   62
   67   76   88  103  121  141  161  179  194
    60.0-180.0 180.0   5.0 450.0                            LAT/LON1/LON2/DLON/H
  210  226  236  242  245  249  254  264  277  295  313  331  344  350  347  335
  316  292  267  242  219  197  177  157  137  119  103   90   80   73   67   60
   54   46   40   35   34   35   40   47   55   63   68   71   72   72   71   70
   70   70   69   66   63   59   54   50   48   46   47   48   49   51   53   56
   60   67   78   95  116  140  165  190  210
    57.5-180.0 180.0   5.0 450.0                            LAT/LON1/LON2/DLON/H
  213  234  250  259  266  270  275  282  292  306  323  341  356  365  367  359
  343  321  296  271  246  222  198  174  150  128  110   97   88   81   76   70
   63   54   46   39   36   37   41   48   55   62   66   68   67   65   63   62
   62   62   62   61   58   55   52   50   49   49   50   52   53   53   53   52
   52   56   65   80  102  129  158  187  213
    55.0-180.0 180.0   5.0 450.0                            LAT/LON1/LON2/DLON/H
  208  234  255  271  281  289  295  301  308  319  332  348  363  375  380  377
  364  344  320  294  269  243  217  190  164  140  122  110  103  100   96   91
   83   73   63   55   51   50   53   57   63   67   70   69   67   63   60   59
   59   60   61   61   60   58   57   56   57   58   60   61   62   60   56   51
   48   47   53   66   87  114  146  178  208
    52.5-180.0 180.0   5.0 450.0                            LAT/LON1/LON2/DLON/H
  202  232  258  279  296  309  318  324  329  334  343  354  368  381  388  388
  378  360  337  312  287  261  234  206  179  156  139  129  124  123  121  116
  108   97   86   77   72   70   71   73   76   78   78   75   71   66   62   61
   62   64   67   68   68   67   67   68   70   72   74   75   74   70   64   56
   49   45   48   59   78  105  136  169  202
    50.0-180.0 180.0   5.0 450.0                            LAT/LON1/LON2/DLON/H
  201  233  263  290  313  332  346  353  356  356  358  363  373  384  392  393
  385  369  348  325  301  277  252  225  199  176  159  149  146  145  142  136
  126  114  104   96   92   90   90   91   91   91   89   85   80   74   71   70
   72   75   78   79   79   80   80   82   84   87   88   89   87   82   74   64
   56   51   53   63   81  106  136  168  201
    47.5-180.0 180.0   5.0 450.0                            LAT/LON1/LON2/DLON/H
  210  241  273  304  333  358  376  386  387  382  377  376  380  387  394  395
  388  374  355  335  315  294  272  247  221  198  179  167  160  156  150  141
  129  118  109  105  104  105  106  106  105  104  102   98   93   87   84   84
   87   90   92   92   92   92   93   95   98  100  101  101   98   93   85   76
   68   64   67   78   97  121  149  179  210
    45.0-180.0 180.0   5.0 450.0                            LAT/LON1/LON2/DLON/H
  227  257  288  321  353  383  405  418  418  410  399  391  388  392  396  395
  389  377  361  346  331  315  295  272  246  219  195  177  164  154  143  130
  117  106  102  103  107  112  115  116  115  115  113  111  107  103  100  101
  103  105  105  104  102  101  102  104  107  109  110  109  107  103   96   88
   82   81   87  102  123  147  173  200  227
    42.5-180.0 180.0   5.0 450.0                            LAT/LON1/LON2/DLON/H
  251  277  306  338  371  402  428  442  444  434  419  406  399  397  398  397
  390  380  369  359  349  337  321  298  269  237  205  178  157  139  123  108
   95   87   87   94  104  114  120  122  123  124  124  123  121  118  116  116
  117  117  115  112  108  106  107  109  112  113  114  114  112  109  104   98
   95   97  109  128  152  178  203  227  251
    40.0-180.0 180.0   5.0 450.0                            LAT/LON1/LON2/DLON/H
  274  297  322  350  381  412  438  454  457  448  433  418  408  404  402  399
  393  386  379  374  369  361  345  321  287  248  208  172  143  121  103   89
   78   74   78   90  105  118  125  129  130  132  134  135  133  130  128  127
  126  124  119  113  108  105  106  109  112  113  114  115  114  113  109  105
  104  110  126  150  178  206  231  253  274
    37.5-180.0 180.0   5.0 450.0                            LAT/LON1/LON2/DLON/H
  293  313  334  357  382  409  434  451  456  450  437  424  415  410  407  403
  398  393  391  391  389  381  364  337  299  253  206  165  133  112   98   89
   84   84   91  105  120  133  139  141  142  143  145  145  143  139  135  132
  129  125  118  110  104  101  102  105  109  111  112  114  115  114  111  108
  109  118  137  165  197  227  252  273  293
    35.0-180.0 180.0   5.0 450.0                            LAT/LON1/LON2/DLON/H
  306  324  341  358  377  397  418  435  443  441  433  424  418  415  412  407
  403  401  403  405  403  394  375  344  303  255  207  166  139  126  123  125
  127  131  138  147  158  165  166  164  160  158  157  155  151  145  138  132
  127  121  112  104   97   96   97  101  105  107  110  112  114  114  112  110
  111  121  143  174  208  239  265  287  306
    32.5-180.0 180.0   5.0 450.0                            LAT/LON1/LON2/DLON/H
  316  333  347  359  370  384  400  415  425  428  425  422  421  420  417  412
  408  408  411  414  411  398  376  344  304  259  217  184  169  171  185  201
  212  217  218  218  217  214  206  196  186  179  173  166  158  148  138  130
  123  115  106   98   93   92   95   99  102  105  108  111  114  115  113  111
  113  124  147  180  215  247  274  296  316
    30.0-180.0 180.0   5.0 450.0                            LAT/LON1/LON2/DLON/H
  328  346  358  366  371  379  390  403  413  419  422  424  426  427  423  417
  412  412  416  418  411  394  369  340  307  272  242  225  227  249  281  310
  328  331  322  307  291  273  254  234  217  202  190  178  165  151  139  128
  119  111  103   96   93   93   96   99  102  105  107  111  115  116  116  115
  118  131  155  188  223  256  283  307  328
    27.5-180.0 180.0   5.0 450.0                            LAT/LON1/LON2/DLON/H
  349  368  381  386  388  392  399  410  421  428  433  437  441  440  434  425
  417  416  418  416  405  385  362  339  318  300  287  289  310  349  395  434
  454  451  428  396  362  329  298  270  245  224  206  190  173  157  142  130
  120  112  105  100   98   99  102  103  105  106  109  113  116  119  120  122
  128  145  171  205  240  272  301  326  349
    25.0-180.0 180.0   5.0 450.0                            LAT/LON1/LON2/DLON/H
  382  404  418  424  426  429  436  446  456  463  467  470  470  465  454  438
  426  420  418  413  398  378  359  348  344  345  352  370  404  453  506  546
  562  549  512  463  412  367  329  295  266  241  220  201  183  166  150  138
  128  120  114  111  110  111  111  111  110  110  112  115  119  122  126  132
  144  166  196  232  267  300  329  357  382
    22.5-180.0 180.0   5.0 450.0                            LAT/LON1/LON2/DLON/H
  427  452  469  479  485  491  501  512  522  527  528  525  518  505  485  462
  442  430  423  413  397  379  370  374  388  408  430  457  495  542  588  619
  625  600  551  489  429  377  337  303  275  250  229  211  194  178  163  151
  141  134  129  126  126  126  124  120  117  116  116  119  122  126  133  145
  164  193  228  267  304  337  368  399  427
    20.0-180.0 180.0   5.0 450.0                            LAT/LON1/LON2/DLON/H
  480  508  529  544  557  571  586  602  612  615  611  600  584  561  531  498
  469  449  435  422  406  395  398  418  449  482  512  538  567  597  623  636
  627  592  536  470  407  357  321  293  270  250  233  219  206  193  180  168
  158  151  146  144  143  141  136  130  125  122  122  123  125  130  140  158
  185  221  262  304  344  380  414  447  480
    17.5-180.0 180.0   5.0 450.0                            LAT/LON1/LON2/DLON/H
  532  563  590  612  633  656  679  700  713  715  707  689  664  630  590  547
  509  481  460  444  431  428  443  477  521  560  587  602  608  610  606  595
  570  529  473  411  355  314  287  270  256  243  233  225  218  209  198  186
  176  168  163  160  158  154  147  139  132  129  128  127  128  133  146  169
  202  245  292  338  381  420  458  496  532
    15.0-180.0 180.0   5.0 450.0                            LAT/LON1/LON2/DLON/H
  575  610  641  669  699  731  762  789  806  810  799  777  745  705  657  606
  560  525  499  480  470  476  502  546  594  630  646  640  618  584  547  509
  471  430  383  333  290  263  250  244  240  235  233  231  229  223  213  202
  191  183  176  172  169  164  156  147  140  136  134  133  132  137  151  177
  215  263  314  363  408  450  492  535  575
    12.5-180.0 180.0   5.0 450.0                            LAT/LON1/LON2/DLON/H
  603  642  676  710  746  784  821  853  874  881  873  851  817  774  723  670
  619  578  548  528  522  534  567  614  659  685  684  654  601  533  465  406
  362  328  296  263  237  224  223  228  232  233  235  238  239  234  225  214
  202  193  186  181  177  171  163  154  147  144  142  139  138  141  155  182
  222  272  325  375  422  467  513  560  603
    10.0-180.0 180.0   5.0 450.0                            LAT/LON1/LON2/DLON/H
  615  656  692  728  767  808  848  881  906  917  914  896  867  828  781  729
  679  636  603  583  578  594  629  673  707  718  698  647  570  478  388  318
  276  255  241  227  215  214  222  232  239  243  245  249  249  244  233  221
  210  201  194  189  184  178  169  161  155  152  150  147  144  147  160  186
  226  274  326  376  423  469  518  568  615
     7.5-180.0 180.0   5.0 450.0                            LAT/LON1/LON2/DLON/H
  612  653  691  728  767  806  842  874  899  914  917  908  888  859  821  777
  732  690  657  637  633  649  680  714  734  730  695  631  542  439  341  272
  239  234  238  239  237  241  251  262  267  266  265  264  261  252  240  227
  216  208  202  197  192  186  178  169  164  161  158  155  152  154  166  190
  228  273  322  370  416  462  512  563  612
     5.0-180.0 180.0   5.0 450.0                            LAT/LON1/LON2/DLON/H
  599  641  678  715  751  784  814  840  861  878  887  887  880  864  840  808
  771  735  704  684  679  691  714  735  741  723  681  615  529  430  340  281
  262  273  290  299  300  303  309  314  311  303  293  285  276  263  247  234
  225  218  213  209  204  197  189  180  173  169  166  163  160  163  174  197
  231  273  318  363  406  451  500  551  599
     2.5-180.0 180.0   5.0 450.0                            LAT/LON1/LON2/DLON/H
  584  626  663  698  731  758  779  795  810  824  836  844  848  846  837  820
  795  766  740  721  714  719  732  740  733  708  666  610  538  456  383  341
  338  360  384  393  390  385  383  379  367  348  329  312  295  277  260  247
  239  234  230  225  220  212  202  192  183  178  173  170  169  173  184  206
  237  276  317  359  399  441  488  537  584
