static/ion/2023-12-11.23i
     1.0            IONOSPHERE MAPS     GNSS                IONEX VERSION / TYPE
IONINX V5.5         AIUB                10-DEC-23 07:37     PGM / RUN BY / DATE 
CODE'S 2-DAY PREDICTED IONOSPHERE MAPS FOR DAY 345, 2023    COMMENT             
Global ionosphere maps (GIM) are generated on a daily basis DESCRIPTION         
at CODE using data from about 120 GNSS sites of the IGS and DESCRIPTION         
other institutions. The vertical total electron content     DESCRIPTION         
(VTEC) is modeled in a solar-geomagnetic reference frame    DESCRIPTION         
using a spherical harmonics expansion up to degree and      DESCRIPTION         
order 15. Piece-wise linear functions are used for          DESCRIPTION         
representation in the time domain. The time spacing of      DESCRIPTION         
their vertices is 1 hour, conforming with the epochs of the DESCRIPTION         
VTEC maps.                                                  DESCRIPTION         
To convert line-of-sight TEC into vertical TEC, a modified  DESCRIPTION         
single-layer model mapping function approximating the JPL   DESCRIPTION         
extended slab model mapping function is adopted. The        DESCRIPTION         
mapping function is evaluated at geodetic satellite         DESCRIPTION         
elevation angles. For the computation of the ionospheric    DESCRIPTION         
pierce points, a spherical layer with a radius of 6821 km   DESCRIPTION         
is assumed, implying geocentric, not geodetic IONEX         DESCRIPTION         
latitudes.                                                  DESCRIPTION         
Instrumental biases with respect to each involved GNSS code DESCRIPTION         
observable are estimated as constant values for each        DESCRIPTION         
day. They are modeled with one set of bias parameters for   DESCRIPTION         
each satellite and each station in case of GPS and for each DESCRIPTION         
satellite-station link in case of GLONASS. The code bias    DESCRIPTION         
datum is defined by zero-mean conditions imposed on the     DESCRIPTION         
satellite bias estimates. In this file, just GPS C1W-C2W    DESCRIPTION         
satellite and station bias values are included. The         DESCRIPTION         
complete set of GNSS code bias results is provided in an    DESCRIPTION         
additional Bias-SINEX file as pseudo-absolute values        DESCRIPTION         
specific to each observable.                                DESCRIPTION         
Contact address: code(at)aiub.unibe.ch                      DESCRIPTION         
Data archive:    ftp.aiub.unibe.ch/CODE/                    DESCRIPTION         
                 www.aiub.unibe.ch/download/CODE/           DESCRIPTION         
  2023    12    11     0     0     0                        EPOCH OF FIRST MAP  
  2023    12    12     0     0     0                        EPOCH OF LAST MAP   
  3600                                                      INTERVAL            
    25                                                      # OF MAPS IN FILE   
  NONE                                                      MAPPING FUNCTION    
    10.0                                                    ELEVATION CUTOFF    
One-way carrier phase leveled to code                       OBSERVABLES USED    
  6371.0                                                    BASE RADIUS         
     2                                                      MAP DIMENSION       
   450.0 450.0   0.0                                        HGT1 / HGT2 / DHGT  
    87.5 -87.5  -2.5                                        LAT1 / LAT2 / DLAT  
  -180.0 180.0   5.0                                        LON1 / LON2 / DLON  
    -1                                                      EXPONENT            
TEC/RMS values in 0.1 TECU; 9999, if no value available     COMMENT             
                                                            END OF HEADER       
[from data line 2145]
     6                                                      START OF TEC MAP    
  2023    12    11     5     0     0                        EPOCH OF CURRENT MAP
    87.5-180.0 180.0   5.0 450.0                            LAT/LON1/LON2/DLON/H
   52   51   51   51   51   51   51   51   51   51   51   51   52   52   52   52
   52   52   52   52   52   51   51   51   51   50   50   49   49   49   49   48
   48   48   48   48   48   49   49   49   50   50   50   51   52   52   53   53
   54   55   55   56   56   57   57   57   58   58   58   58   58   57   57   57
   56   56   55   54   54   53   53   52   52
    85.0-180.0 180.0   5.0 450.0                            LAT/LON1/LON2/DLON/H
   51   50   49   48   48   48   48   49   50   51   52   53   54   55   56   57
   57   57   57   57   56   55   54   52   51   50   48   47   46   45   44   43
   43   42   42   43   43   44   44   45   46   47   49   50   52   54   55   57
   59   61   63   65   67   68   70   71   72   73   73   73   73   72   71   70
   68   66   64   62   60   57   55   53   51
    82.5-180.0 180.0   5.0 450.0                            LAT/LON1/LON2/DLON/H
   53   49   46   44   43   43   44   45   47   49   52   55   57   60   62   63
   64   64   64   63   61   59   56   53   50   47   44   42   39   38   36   35
   35   35   35   36   37   38   39   41   43   45   47   50   53   56   59   63
   66   70   74   78   82   86   90   93   96   98   99  100  100   99   97   94
   91   87   82   77   72   67   62   57   53
    80.0-180.0 180.0   5.0 450.0                            LAT/LON1/LON2/DLON/H
   58   52   46   42   39   38   39   41   43   47   51   55   60   63   67   69
   70   70   69   67   65   61   57   52   47   43   38   35   31   29   27   26
   26   27   28   29   31   33   36   38   41   43   46   50   54   58   63   68
   74   81   88   95  102  109  116  122  127  131  135  136  137  136  134  130
  124  118  110  102   93   84   75   66   58
    77.5-180.0 180.0   5.0 450.0                            LAT/LON1/LON2/DLON/H
   70   59   50   43   38   35   35   36   39   44   49   54   60   64   68   71
   73   73   72   69   66   61   56   50   44   38   33   28   24   22   20   20
   20   22   24   26   29   32   34   37   40   43   46   50   55   60   67   74
   83   92  102  113  124  134  145  154  163  170  175  179  181  180  178  173
  166  157  147  135  122  109   96   82   70
    75.0-180.0 180.0   5.0 450.0                            LAT/LON1/LON2/DLON/H
   88   72   59   48   40   35   33   33   36   40   45   51   57   62   66   69
   71   71   70   67   64   59   54   48   42   36   30   25   22   19   18   18
   19   22   24   27   30   33   36   38   41   43   47   51   56   63   71   81
   92  105  118  132  147  161  175  188  199  209  217  222  225  225  223  217
  210  199  187  173  157  140  122  104   88
    72.5-180.0 180.0   5.0 450.0                            LAT/LON1/LON2/DLON/H
  109   89   72   57   46   38   34   32   34   37   41   46   51   56   59   62
   64   65   64   63   60   57   53   48   43   38   33   29   26   24   23   23
   25   27   29   32   35   37   39   40   42   44   47   51   57   66   76   88
  102  118  135  153  170  187  204  219  233  244  253  260  263  264  262  256
  248  237  224  208  190  171  150  129  109
    70.0-180.0 180.0   5.0 450.0                            LAT/LON1/LON2/DLON/H
  130  107   86   68   54   43   37   34   34   35   38   42   45   48   51   53
   55   56   57   57   56   55   53   51   48   45   41   38   36   34   33   33
   34   36   38   39   41   41   42   42   43   44   47   52   59   69   82   97
  114  133  153  173  192  211  229  245  259  271  281  287  291  292  289  284
  276  265  252  236  218  198  176  153  130
    67.5-180.0 180.0   5.0 450.0                            LAT/LON1/LON2/DLON/H
  148  123  100   79   62   50   41   37   35   36   37   39   40   42   43   45
   46   48   50   52   53   55   56   56   56   55   53   52   50   48   47   46
   46   47   47   47   46   45   44   43   43   44   47   53   62   74   90  108
  128  149  171  192  213  232  249  264  278  289  297  303  306  306  303  297
  290  280  268  253  237  218  196  173  148
    65.0-180.0 180.0   5.0 450.0                            LAT/LON1/LON2/DLON/H
  161  135  110   87   69   54   45   40   37   37   37   37   38   38   39   40
   41   43   46   49   52   56   59   62   64   65   65   65   63   62   60   58
   57   56   54   52   50   47   45   43   42   43   47   54   66   81   99  120
  143  166  189  211  230  248  263  276  288  297  304  308  310  309  305  299
  291  282  271  259  245  228  208  185  161
    62.5-180.0 180.0   5.0 450.0                            LAT/LON1/LON2/DLON/H
  167  141  115   91   71   56   46   41   39   38   38   38   38   38   38   40
   41   44   46   50   53   57   61   66   70   73   74   74   73   72   69   67
   64   61   58   55   51   47   44   41   40   42   48   57   70   88  109  133
  158  183  206  226  244  259  272  282  291  298  304  306  306  304  299  292
  284  275  266  256  244  230  213  192  167
    60.0-180.0 180.0   5.0 450.0                            LAT/LON1/LON2/DLON/H
  170  144  117   92   71   55   45   40   38   38   38   39   40   41   42   44
   46   48   50   52   55   58   62   67   72   75   78   78   77   75   73   70
   67   63   60   55   51   46   42   40   40   43   50   61   76   96  120  146
  172  198  221  240  255  267  277  284  291  296  300  302  301  297  291  283
  274  265  257  249  240  228  213  194  170
    57.5-180.0 180.0   5.0 450.0                            LAT/LON1/LON2/DLON/H
  171  145  118   92   69   53   42   37   35   36   38   40   42   45   48   52
   54   56   56   56   56   57   60   65   69   73   76   76   76   74   71   69
   66   63   59   55   51   46   42   40   41   45   53   66   83  105  130  158
  185  211  233  251  264  274  280  285  289  293  296  297  296  292  285  275
  266  257  249  242  235  225  212  194  171
    55.0-180.0 180.0   5.0 450.0                            LAT/LON1/LON2/DLON/H
  174  148  119   92   69   51   40   34   32   33   35   39   43   48   54   59
   62   63   62   59   56   55   57   60   65   69   71   71   70   68   67   65
   64   62   60   56   52   48   44   43   45   50   59   73   91  114  141  169
  197  223  245  261  272  279  283  285  288  291  294  295  294  290  282  272
  262  252  245  238  232  224  213  196  174
    52.5-180.0 180.0   5.0 450.0                            LAT/LON1/LON2/DLON/H
  178  152  124   97   72   53   41   33   30   30   32   36   42   49   57   63
   67   67   64   60   55   53   54   57   61   65   67   66   65   63   62   63
   63   63   63   60   56   52   49   49   51   57   68   82  101  124  151  180
  208  234  255  271  280  285  287  287  288  290  293  295  294  290  282  271
  261  251  244  238  233  226  215  199  178
    50.0-180.0 180.0   5.0 450.0                            LAT/LON1/LON2/DLON/H
  183  159  132  105   81   62   48   38   33   31   31   35   40   48   57   64
   68   68   64   58   54   52   53   57   61   65   66   65   63   61   61   63
   65   68   68   67   63   60   57   56   60   67   78   94  113  136  163  191
  220  245  266  280  289  293  292  291  290  290  292  293  292  288  280  270
  259  250  243  238  234  227  218  203  183
    47.5-180.0 180.0   5.0 450.0                            LAT/LON1/LON2/DLON/H
  187  165  141  116   94   75   61   50   42   37   35   36   40   48   56   62
   65   65   61   57   54   54   57   62   67   70   71   68   65   64   64   67
   71   74   76   75   72   68   65   65   70   78   91  108  128  151  177  205
  232  257  276  290  298  301  299  295  292  290  290  290  288  283  275  265
  255  247  241  236  232  227  218  205  187
    45.0-180.0 180.0   5.0 450.0                            LAT/LON1/LON2/DLON/H
  186  167  147  127  108   92   78   66   56   48   43   42   44   50   56   61
   63   62   60   58   58   61   66   73   79   81   80   77   72   70   70   73
   78   82   85   84   81   77   74   75   80   91  106  124  145  169  195  221
  246  269  287  300  307  309  306  301  294  289  286  283  280  274  266  256
  247  240  234  230  227  221  213  202  186
    42.5-180.0 180.0   5.0 450.0                            LAT/LON1/LON2/DLON/H
  178  163  147  132  118  107   96   85   74   65   57   54   54   57   60   63
   64   64   63   64   67   73   81   88   93   95   92   87   82   79   78   81
   85   89   92   92   89   84   81   83   91  104  122  143  166  189  214  238
  261  280  296  307  314  316  313  306  298  290  283  278  272  265  257  247
  239  231  226  222  217  211  203  192  178
    40.0-180.0 180.0   5.0 450.0                            LAT/LON1/LON2/DLON/H
  165  151  139  129  122  116  109  101   92   82   74   70   69   69   71   71
   71   71   72   76   82   90   98  104  108  107  103   97   92   88   87   88
   91   94   96   96   93   89   87   90  100  117  139  163  187  211  234  255
  274  289  302  312  319  323  321  315  305  295  285  278  270  263  254  245
  236  228  222  215  208  200  190  178  165
    37.5-180.0 180.0   5.0 450.0                            LAT/LON1/LON2/DLON/H
  149  135  124  118  116  115  114  110  103   96   89   86   85   86   86   85
   84   85   88   94  101  108  114  118  119  116  111  105  100   96   94   94
   94   96   98   98   96   92   91   96  109  130  155  182  208  232  253  270
  284  296  305  315  324  330  332  328  319  309  298  289  282  275  266  258
  248  238  228  218  207  194  180  165  149
    35.0-180.0 180.0   5.0 450.0                            LAT/LON1/LON2/DLON/H
  138  120  107  101  102  105  109  109  106  102   99   99  100  102  102  102
  102  104  108  114  120  125  127  127  125  121  116  111  107  104  101   99
   97   97   97   98   96   94   94  101  117  141  170  200  227  250  269  283
  292  300  308  318  330  341  349  349  344  335  326  319  312  307  300  292
  281  268  253  237  219  201  181  159  138
    32.5-180.0 180.0   5.0 450.0                            LAT/LON1/LON2/DLON/H
  139  113   95   86   85   90   95   98   99   99  100  104  109  113  116  117
  118  122  127  132  136  137  135  131  127  122  118  115  114  113  110  106
  102   99   97   97   97   96   97  105  123  150  182  214  242  265  281  292
  299  304  311  324  341  359  373  381  381  377  371  367  364  361  357  349
  337  320  300  277  252  226  198  169  139
    30.0-180.0 180.0   5.0 450.0                            LAT/LON1/LON2/DLON/H
  159  123   95   79   73   75   79   83   86   88   93  101  109  117  122  125
  130  135  140  144  145  142  137  132  127  123  122  122  124  124  122  117
  109  103  100   99   98   98  100  109  129  158  193  226  254  276  291  301
  306  312  321  337  360  385  408  423  430  431  431  431  433  434  433  427
  413  393  367  337  306  273  237  198  159
    27.5-180.0 180.0   5.0 450.0                            LAT/LON1/LON2/DLON/H
  199  152  114   88   74   69   69   71   73   77   84   93  104  113  120  126
  132  139  145  147  146  141  136  132  129  129  131  134  138  141  138  131
  121  112  106  103  101  100  102  113  134  165  201  235  264  286  301  311
  318  326  338  360  389  421  451  472  486  493  499  504  511  516  519  514
  500  476  446  412  376  338  296  249  199
    25.0-180.0 180.0   5.0 450.0                            LAT/LON1/LON2/DLON/H
  259  203  154  118   94   80   72   69   69   72   79   88   98  107  114  120
  128  135  141  142  141  137  135  136  139  143  148  153  158  160  158  149
  137  124  114  108  105  103  105  115  138  171  208  243  272  295  312  325
  336  348  367  393  427  464  498  525  543  555  565  575  586  595  600  596
  582  558  526  490  453  414  369  316  259
    22.5-180.0 180.0   5.0 450.0                            LAT/LON1/LON2/DLON/H
  331  270  214  168  134  111   95   86   82   83   87   93  100  105  109  115
  121  128  132  134  133  134  139  147  157  166  172  177  181  182  178  168
  153  137  124  115  108  104  106  118  142  177  215  251  282  307  327  345
  361  380  404  435  472  511  545  573  593  608  621  634  647  658  664  661
  648  624  594  561  527  490  445  392  331
    20.0-180.0 180.0   5.0 450.0                            LAT/LON1/LON2/DLON/H
  407  345  287  236  194  162  139  125  117  115  115  117  117  116  115  117
  120  124  127  128  131  137  150  167  184  195  201  203  202  200  194  183
  167  149  133  120  110  105  106  119  146  183  223  261  293  321  346  369
  393  418  447  481  517  554  585  611  630  645  659  672  685  696  701  699
  687  666  640  613  586  555  516  466  407
    17.5-180.0 180.0   5.0 450.0                            LAT/LON1/LON2/DLON/H
  477  420  364  313  267  229  201  182  171  167  165  162  156  147  139  134
  133  133  133  133  138  151  171  195  216  228  230  226  219  212  204  191
  175  156  138  122  110  103  105  120  150  190  233  272  307  338  367  396
  426  457  489  523  557  588  614  634  650  664  676  688  699  707  711  708
  698  681  662  643  625  603  572  529  477
    15.0-180.0 180.0   5.0 450.0                            LAT/LON1/LON2/DLON/H
  533  486  437  389  344  303  271  251  240  235  232  225  214  199  184  172
  164  159  155  153  159  175  200  226  247  256  253  241  227  215  204  191
  176  158  139  122  108  100  104  121  154  197  242  284  321  355  388  422
  457  492  525  557  585  609  628  643  654  665  675  685  692  697  698  694
  685  673  661  651  642  630  609  576  533
    12.5-180.0 180.0   5.0 450.0                            LAT/LON1/LON2/DLON/H
  574  539  500  458  415  374  341  321  311  308  306  298  284  265  245  227
  214  203  194  189  193  208  232  256  272  275  265  246  226  209  195  183
  169  153  135  118  104   97  101  122  158  203  251  294  333  369  405  443
  481  517  549  577  600  617  629  639  648  656  664  671  675  676  674  669
  661  653  647  644  644  640  628  605  574
    10.0-180.0 180.0   5.0 450.0                            LAT/LON1/LON2/DLON/H
  601  577  549  514  474  434  401  381  374  373  373  368  355  335  313  292
  274  259  245  236  235  245  262  278  286  282  265  242  217  196  181  169
  158  145  129  113  100   93  100  123  161  208  256  301  340  378  416  455
  494  529  559  583  601  613  623  630  638  645  652  656  657  655  650  644
  638  633  631  633  638  639  634  620  601
     7.5-180.0 180.0   5.0 450.0                            LAT/LON1/LON2/DLON/H
  617  603  583  555  518  478  445  425  418  419  422  420  411  394  374  353
  334  316  299  285  277  277  283  288  286  275  255  230  205  183  166  154
  145  135  123  109   97   92   99  123  163  210  259  303  342  380  419  458
  496  529  557  578  593  604  614  623  632  641  648  651  650  646  640  633
  628  624  624  628  633  636  634  627  617
     5.0-180.0 180.0   5.0 450.0                            LAT/LON1/LON2/DLON/H
  628  621  607  582  546  505  469  447  438  438  442  444  440  430  414  396
  379  361  342  324  309  299  292  285  275  259  240  217  194  172  155  143
  135  128  119  107   96   92  100  125  163  210  257  300  339  377  414  452
  488  520  545  565  581  595  608  622  636  648  657  661  659  654  647  641
  636  633  632  633  636  638  636  633  628
     2.5-180.0 180.0   5.0 450.0                            LAT/LON1/LON2/DLON/H
  638  635  623  599  561  517  478  450  435  431  433  436  437  433  423  411
  398  383  365  345  325  306  288  271  255  239  224  208  189  170  152  139
  131  125  117  107   98   95  103  127  164  208  253  295  333  369  406  442
  476  506  530  551  570  590  610  632  652  668  680  685  683  678  672  666
  662  658  654  651  649  646  643  640  638
