static/ion/2023-12-09.23i
     1.0            IONOSPHERE MAPS     GNSS                IONEX VERSION / TYPE
IONINX V5.5         AIUB                08-DEC-23 07:49     PGM / RUN BY / DATE 
CODE'S 2-DAY PREDICTED IONOSPHERE MAPS FOR DAY 343, 2023    COMMENT             
Global ionosphere maps (GIM) are generated on a daily basis DESCRIPTION         
at CODE using data from about 120 GNSS sites of the IGS and DESCRIPTION         
other institutions. The vertical total electron content     DESCRIPTION         
(VTEC) is modeled in a solar-geomagnetic reference frame    DESCRIPTION         
using a spherical harmonics expansion up to degree and      DESCRIPTION         
order 15. Piece-wise linear functions are used for          DESCRIPTION         
representation in the time domain. The time spacing of      DESCRIPTION         
their vertices is 1 hour, conforming with the epochs of the DESCRIPTION         
VTEC maps.                                                  DESCRIPTION         
To convert line-of-sight TEC into vertical TEC, a modified  DESCRIPTION         
single-layer model mapping function approximating the JPL   DESCRIPTION         
extended slab model mapping function is adopted. The        DESCRIPTION         
mapping function is evaluated at geodetic satellite         DESCRIPTION         
elevation angles. For the computation of the ionospheric    DESCRIPTION         
pierce points, a spherical layer with a radius of 6821 km   DESCRIPTION         
is assumed, implying geocentric, not geodetic IONEX         DESCRIPTION         
latitudes.                                                  DESCRIPTION         
Instrumental biases with respect to each involved GNSS code DESCRIPTION         
observable are estimated as constant values for each        DESCRIPTION         
day. They are modeled with one set of bias parameters for   DESCRIPTION         
each satellite and each station in case of GPS and for each DESCRIPTION         
satellite-station link in case of GLONASS. The code bias    DESCRIPTION         
datum is defined by zero-mean conditions imposed on the     DESCRIPTION         
satellite bias estimates. In this file, just GPS C1W-C2W    DESCRIPTION         
satellite and station bias values are included. The         DESCRIPTION         
complete set of GNSS code bias results is provided in an    DESCRIPTION         
additional Bias-SINEX file as pseudo-absolute values        DESCRIPTION         
specific to each observable.                                DESCRIPTION         
Contact address: code(at)aiub.unibe.ch                      DESCRIPTION         
Data archive:    ftp.aiub.unibe.ch/CODE/                    DESCRIPTION         
                 www.aiub.unibe.ch/download/CODE/           DESCRIPTION         
  2023    12     9     0     0     0                        EPOCH OF FIRST MAP  
  2023    12    10     0     0     0                        EPOCH OF LAST MAP   
  3600                                                      INTERVAL            
    25                                                      # OF MAPS IN FILE   
  NONE                                                      MAPPING FUNCTION    
    10.0                                                    ELEVATION CUTOFF    
One-way carrier phase leveled to code                       OBSERVABLES USED    
  6371.0                                                    BASE RADIUS         
     2                                                      MAP DIMENSION       
   450.0 450.0   0.0                                        HGT1 / HGT2 / DHGT  
    87.5 -87.5  -2.5                                        LAT1 / LAT2 / DLAT  
  -180.0 180.0   5.0                                        LON1 / LON2 / DLON  
    -1                                                      EXPONENT            
TEC/RMS values in 0.1 TECU; 9999, if no value available     COMMENT             
                                                            END OF HEADER       
[from data line 9009]
    22                                                      START OF TEC MAP    
  2023    12     9    21     0     0                        EPOCH OF CURRENT MAP
    87.5-180.0 180.0   5.0 450.0                            LAT/LON1/LON2/DLON/H
   75   75   76   77   77   78   79   80   80   81   81   82   82   82   82   82
   82   81   80   80   79   78   76   75   74   73   71   70   69   67   66   65
   64   63   62   61   61   60   60   59   59   59   60   60   60   61   61   62
   63   64   64   65   66   67   67   68   69   69   70   70   70   71   71   71
   71   72   72   72   73   73   73   74   75
    85.0-180.0 180.0   5.0 450.0                            LAT/LON1/LON2/DLON/H
   67   68   70   72   75   78   80   83   86   88   90   92   94   95   95   95
   94   93   92   90   88   85   83   80   77   74   71   68   66   63   60   58
   56   54   52   50   49   48   47   47   47   47   48   49   51   53   54   56
   59   61   63   65   67   68   70   71   72   72   72   72   72   71   70   69
   68   67   66   65   65   65   65   66   67
    82.5-180.0 180.0   5.0 450.0                            LAT/LON1/LON2/DLON/H
   49   52   55   59   64   70   76   82   88   93   98  102  105  107  108  108
  106  104  102   98   95   91   87   83   79   76   72   69   65   62   59   56
   53   50   47   45   43   41   40   40   40   40   42   43   46   49   52   56
   60   63   67   70   73   76   78   79   80   79   78   77   75   72   69   65
   62   58   55   52   50   49   48   48   49
    80.0-180.0 180.0   5.0 450.0                            LAT/LON1/LON2/DLON/H
   28   31   36   42   50   59   68   78   88   97  106  112  117  119  120  119
  116  112  108  103   97   92   88   83   80   77   74   71   69   66   63   61
   58   54   51   48   45   43   41   40   40   40   42   44   47   51   56   60
   65   70   75   80   83   86   88   89   89   88   86   82   78   73   68   62
   55   49   43   38   33   30   28   27   28
    77.5-180.0 180.0   5.0 450.0                            LAT/LON1/LON2/DLON/H
   12   15   20   28   38   50   63   77   91  104  115  124  130  132  132  129
  124  117  109  102   95   89   84   81   79   77   77   76   76   75   74   72
   69   66   63   59   56   52   50   48   47   47   48   51   54   58   63   69
   74   80   85   89   93   96   97   98   97   94   91   86   81   74   67   59
   51   43   35   28   22   17   13   11   12
    75.0-180.0 180.0   5.0 450.0                            LAT/LON1/LON2/DLON/H
    9   11   16   24   35   49   65   82   99  115  129  139  145  147  145  139
  130  120  109   99   90   84   79   77   77   78   80   82   84   85   85   84
   82   79   76   72   68   64   61   59   57   57   58   61   64   68   73   78
   83   88   92   96   99  100  101  100   98   95   91   86   80   73   66   58
   50   42   34   27   21   15   11    9    9
    72.5-180.0 180.0   5.0 450.0                            LAT/LON1/LON2/DLON/H
   23   24   29   36   46   60   77   95  114  132  148  159  165  166  161  151
  138  124  109   97   86   79   75   74   76   79   82   86   89   92   92   92
   90   87   83   79   75   71   68   66   66   66   67   69   72   76   80   84
   88   92   95   97   98   98   97   95   92   88   84   80   75   70   64   58
   53   47   42   36   32   28   25   23   23
    70.0-180.0 180.0   5.0 450.0                            LAT/LON1/LON2/DLON/H
   52   54   57   62   70   83   98  116  136  155  171  183  189  188  181  168
  151  133  116  101   89   81   76   75   77   80   83   86   89   91   91   90
   87   83   79   75   71   68   67   66   67   68   71   73   76   79   83   86
   88   90   91   92   91   89   86   83   79   76   72   69   66   64   61   59
   57   55   54   53   52   52   52   52   52
    67.5-180.0 180.0   5.0 450.0                            LAT/LON1/LON2/DLON/H
   92   94   96   99  104  113  126  142  161  180  196  209  214  213  204  190
  171  151  131  114  100   91   85   82   81   81   81   82   82   81   79   76
   72   68   63   59   56   55   55   56   59   63   67   70   74   76   78   80
   81   82   81   80   77   74   70   66   62   59   57   56   56   56   57   58
   60   63   66   71   76   81   85   89   92
    65.0-180.0 180.0   5.0 450.0                            LAT/LON1/LON2/DLON/H
  131  135  137  138  141  147  156  169  186  204  220  233  239  238  230  216
  197  177  156  138  122  110  101   94   88   83   78   73   69   65   60   56
   50   45   40   36   33   33   35   39   45   51   57   61   65   67   68   69
   69   68   67   64   61   57   52   48   45   43   42   43   45   48   51   55
   60   66   74   84   94  105  116  124  131
    62.5-180.0 180.0   5.0 450.0                            LAT/LON1/LON2/DLON/H
  161  168  172  174  175  178  184  194  208  224  239  252  260  261  255  244
  227  208  188  170  153  138  124  111   98   86   75   64   55   48   41   35
   29   22   17   12   10   10   14   20   28   36   43   49   52   54   54   54
   53   52   51   48   45   41   37   34   32   31   32   35   38   42   46   50
   56   64   74   87  102  119  135  150  161
    60.0-180.0 180.0   5.0 450.0                            LAT/LON1/LON2/DLON/H
  177  189  197  201  203  205  208  216  226  239  253  265  274  278  276  269
  257  241  223  205  187  169  150  131  111   92   74   59   47   37   29   23
   16    9    2    0    0    0    0    6   15   24   32   37   40   40   40   39
   38   37   37   35   34   31   28   26   26   27   29   32   35   39   41   44
   49   55   66   80   98  119  140  160  177
    57.5-180.0 180.0   5.0 450.0                            LAT/LON1/LON2/DLON/H
  179  197  210  218  223  226  229  234  241  251  261  272  281  287  290  288
  281  270  256  238  219  199  176  152  126  102   80   61   47   38   30   24
   17   10    2    0    0    0    0    1   10   19   26   31   32   31   29   27
   27   27   28   28   28   28   27   27   28   30   33   36   38   40   40   39
   40   45   53   67   86  109  133  157  179
    55.0-180.0 180.0   5.0 450.0                            LAT/LON1/LON2/DLON/H
  173  196  215  229  238  244  249  253  257  262  268  275  283  291  297  300
  299  292  280  264  245  223  199  172  144  116   92   73   60   51   44   39
   32   24   15    8    2    0    2    7   15   22   28   31   31   28   25   23
   22   24   26   28   30   32   34   36   38   41   44   46   47   45   41   37
   35   35   42   54   73   95  121  147  173
    52.5-180.0 180.0   5.0 450.0                            LAT/LON1/LON2/DLON/H
  166  193  217  237  253  264  271  275  276  276  277  279  283  291  299  306
  308  304  295  281  263  242  218  191  163  135  111   93   81   73   67   61
   54   45   36   28   22   19   19   22   28   33   37   38   36   33   29   26
   26   28   31   35   39   42   46   50   53   57   59   60   58   53   47   39
   34   32   37   48   65   87  112  139  166
    50.0-180.0 180.0   5.0 450.0                            LAT/LON1/LON2/DLON/H
  165  194  223  249  270  287  297  302  301  297  291  286  286  291  300  307
  311  309  301  288  272  254  233  209  183  157  134  117  105   97   90   82
   73   63   54   47   42   40   39   41   44   48   50   50   47   42   38   36
   36   39   42   47   51   55   60   66   70   74   75   74   71   64   55   45
   38   36   41   52   69   90  113  138  165
    47.5-180.0 180.0   5.0 450.0                            LAT/LON1/LON2/DLON/H
  176  205  235  265  292  313  327  333  331  323  311  300  295  296  302  308
  311  308  301  290  277  263  247  227  203  179  156  138  125  114  103   92
   80   70   62   58   56   56   56   58   59   62   63   62   59   55   52   50
   51   53   57   60   64   69   74   80   85   88   89   87   82   74   64   55
   48   47   53   67   86  106  127  150  176
    45.0-180.0 180.0   5.0 450.0                            LAT/LON1/LON2/DLON/H
  196  224  255  287  315  339  356  363  362  351  335  320  310  307  310  313
  313  308  300  291  282  272  261  244  222  197  173  151  134  118  103   88
   73   62   57   58   61   65   67   69   70   72   73   73   71   68   66   65
   66   68   70   73   76   80   85   91   96   99   99   96   90   83   73   64
   59   61   71   89  111  132  153  173  196
    42.5-180.0 180.0   5.0 450.0                            LAT/LON1/LON2/DLON/H
  223  248  278  308  337  361  379  388  387  377  360  342  329  324  323  323
  319  312  302  295  289  284  275  260  237  208  179  153  131  111   91   72
   57   47   46   52   61   68   73   75   77   79   81   82   81   79   78   78
   79   81   82   82   83   86   91   97  102  104  103  100   95   88   80   73
   69   74   89  112  138  163  183  202  223
    40.0-180.0 180.0   5.0 450.0                            LAT/LON1/LON2/DLON/H
  249  272  299  326  352  374  390  401  402  393  378  361  349  343  340  337
  330  320  310  304  301  298  290  273  245  211  176  145  119   98   77   58
   44   38   41   51   64   74   79   81   83   84   87   88   88   87   87   87
   88   89   88   86   86   88   92   97  101  103  102   99   96   91   85   79
   77   84  102  130  161  189  211  230  249
    37.5-180.0 180.0   5.0 450.0                            LAT/LON1/LON2/DLON/H
  269  290  314  337  358  375  389  399  403  398  387  374  365  361  358  353
  343  332  323  318  317  313  303  280  247  206  167  134  109   91   75   62
   52   50   57   69   82   90   93   93   92   93   95   96   96   94   93   93
   93   92   90   87   85   86   89   94   97   98   97   96   94   91   86   81
   80   88  109  141  176  207  232  250  269
    35.0-180.0 180.0   5.0 450.0                            LAT/LON1/LON2/DLON/H
  281  301  322  341  355  367  377  386  392  391  385  378  374  373  372  367
  356  345  337  333  332  326  310  282  243  199  159  129  112  104   99   96
   95   98  106  116  123  124  120  114  110  108  108  108  105  102   99   97
   95   93   89   85   82   82   84   87   90   91   90   90   90   89   86   82
   81   90  111  145  182  216  242  262  281
    32.5-180.0 180.0   5.0 450.0                            LAT/LON1/LON2/DLON/H
  287  307  326  341  350  355  361  368  375  377  375  374  376  380  380  376
  366  356  349  346  343  333  312  279  238  195  161  141  138  146  158  168
  177  184  190  192  187  176  161  147  137  132  129  125  119  112  105  100
   96   92   87   82   79   78   79   81   83   83   83   84   86   87   86   83
   83   92  113  146  184  219  247  268  287
    30.0-180.0 180.0   5.0 450.0                            LAT/LON1/LON2/DLON/H
  293  313  332  344  349  349  351  356  362  365  367  369  375  381  384  380
  371  362  357  354  348  334  309  276  238  203  181  177  191  218  247  272
  290  299  299  288  267  239  210  186  171  162  155  147  137  125  115  107
  100   94   88   83   79   77   77   77   77   77   78   80   83   86   87   86
   88   98  120  152  189  223  250  272  293
    27.5-180.0 180.0   5.0 450.0                            LAT/LON1/LON2/DLON/H
  303  325  344  356  359  358  357  359  363  366  368  371  378  385  386  382
  373  365  361  356  347  330  306  277  250  230  224  237  269  311  355  391
  414  421  411  385  345  299  257  225  205  193  183  172  158  143  129  117
  108  100   93   88   84   81   78   76   75   75   76   78   82   85   89   92
   99  112  135  166  200  233  259  282  303
    25.0-180.0 180.0   5.0 450.0                            LAT/LON1/LON2/DLON/H
  323  347  368  382  387  386  385  386  388  389  388  389  393  397  395  388
  377  369  364  357  345  327  307  290  280  278  290  317  359  410  459  498
  520  522  502  459  403  342  291  254  232  219  208  195  179  162  146  132
  121  111  103   98   94   90   85   80   77   76   78   80   83   87   93  101
  115  134  159  190  223  253  278  301  323
    22.5-180.0 180.0   5.0 450.0                            LAT/LON1/LON2/DLON/H
  353  379  404  422  432  435  436  437  437  436  432  429  427  424  417  404
  391  380  372  361  346  331  320  319  329  346  371  404  446  492  535  568
  584  578  547  493  425  357  302  266  246  236  226  213  197  180  165  150
  138  127  119  113  108  102   95   88   83   82   84   85   87   90   98  112
  134  161  191  223  254  282  307  330  353
    20.0-180.0 180.0   5.0 450.0                            LAT/LON1/LON2/DLON/H
  391  419  448  473  490  499  503  506  507  504  498  490  482  471  456  437
  418  403  390  376  359  348  349  366  395  426  456  485  513  542  566  584
  588  574  536  477  407  339  289  259  246  240  233  222  209  195  182  169
  157  145  137  131  125  118  108   99   94   93   94   94   93   94  103  123
  154  189  225  259  290  317  342  366  391
    17.5-180.0 180.0   5.0 450.0                            LAT/LON1/LON2/DLON/H
  430  461  495  527  552  568  578  584  586  585  578  568  554  536  513  487
  462  442  424  405  388  382  395  429  471  508  533  545  549  548  546  543
  534  513  475  419  355  298  259  240  236  235  232  225  216  206  197  187
  175  164  155  149  143  134  123  113  107  106  106  104  101  100  109  133
  171  214  255  292  323  350  377  403  430
    15.0-180.0 180.0   5.0 450.0                            LAT/LON1/LON2/DLON/H
  464  498  536  575  608  631  646  655  662  664  661  651  635  611  582  551
  521  496  473  450  432  432  455  499  547  580  590  577  549  516  484  459
  438  416  383  338  289  249  226  220  224  228  228  223  218  213  208  201
  192  181  172  165  158  149  137  127  121  120  120  116  109  106  115  141
  183  231  277  315  347  376  405  434  464
    12.5-180.0 180.0   5.0 450.0                            LAT/LON1/LON2/DLON/H
  488  524  566  610  650  678  697  710  720  729  732  726  711  686  654  620
  589  560  533  507  490  493  522  568  612  633  621  581  521  457  400  359
  332  313  292  263  234  213  206  212  222  227  227  223  219  218  216  212
  204  195  186  179  171  161  150  140  134  133  132  127  118  113  120  147
  191  241  288  326  359  391  423  455  488
    10.0-180.0 180.0   5.0 450.0                            LAT/LON1/LON2/DLON/H
  500  538  582  630  674  706  726  740  754  769  779  781  770  748  718  685
  654  625  596  570  553  557  586  627  658  661  627  562  480  396  324  275
  249  238  231  222  212  208  215  228  238  240  235  229  224  223  223  221
  214  206  197  189  181  171  160  151  146  144  142  135  126  120  127  153
  196  244  289  327  360  394  430  465  500
     7.5-180.0 180.0   5.0 450.0                            LAT/LON1/LON2/DLON/H
  501  540  585  636  682  714  732  745  761  781  799  809  804  788  763  735
  708  682  655  629  613  616  639  668  683  666  613  534  442  353  280  234
  215  216  224  229  235  244  258  270  275  270  257  244  236  233  231  229
  223  215  206  197  188  179  169  161  156  153  149  141  132  128  135  160
  199  245  286  322  356  391  429  466  501
     5.0-180.0 180.0   5.0 450.0                            LAT/LON1/LON2/DLON/H
  496  534  580  632  678  709  724  734  748  770  794  809  811  801  784  763
  743  723  700  678  663  664  677  691  687  654  592  512  425  345  283  249
  243  255  272  288  302  316  329  336  331  314  291  270  256  248  243  238
  232  224  215  205  195  185  176  168  163  158  152  145  138  136  146  169
  205  245  283  317  350  386  424  461  496
     2.5-180.0 180.0   5.0 450.0                            LAT/LON1/LON2/DLON/H
  489  525  571  623  669  698  710  715  726  747  771  789  795  791  781  770
  758  745  729  712  699  696  699  697  678  635  575  505  437  378  336  317
  323  342  365  383  397  408  415  413  395  366  333  304  282  269  259  252
  244  235  225  214  203  192  183  175  168  161  154  147  143  146  158  181
  213  249  284  316  348  383  421  456  489
