static/ion/2023-12-13.23i
     1.0            IONOSPHERE MAPS     GNSS                IONEX VERSION / TYPE
IONINX V5.5         AIUB                12-DEC-23 07:37     PGM / RUN BY / DATE 
CODE'S 2-DAY PREDICTED IONOSPHERE MAPS FOR DAY 347, 2023    COMMENT             
Global ionosphere maps (GIM) are generated on a daily basis DESCRIPTION         
at CODE using data from about 120 GNSS sites of the IGS and DESCRIPTION         
other institutions. The vertical total electron content     DESCRIPTION         
(VTEC) is modeled in a solar-geomagnetic reference frame    DESCRIPTION         
using a spherical harmonics expansion up to degree and      DESCRIPTION         
order 15. Piece-wise linear functions are used for          DESCRIPTION         
representation in the time domain. The time spacing of      DESCRIPTION         
their vertices is 1 hour, conforming with the epochs of the DESCRIPTION         
VTEC maps.                                                  DESCRIPTION         
To convert line-of-sight TEC into vertical TEC, a modified  DESCRIPTION         
single-layer model mapping function approximating the JPL   DESCRIPTION         
extended slab model mapping function is adopted. The        DESCRIPTION         
mapping function is evaluated at geodetic satellite         DESCRIPTION         
elevation angles. For the computation of the ionospheric    DESCRIPTION         
pierce points, a spherical layer with a radius of 6821 km   DESCRIPTION         
is assumed, implying geocentric, not geodetic IONEX         DESCRIPTION         
latitudes.                                                  DESCRIPTION         
Instrumental biases with respect to each involved GNSS code DESCRIPTION         
observable are estimated as constant values for each        DESCRIPTION         
day. They are modeled with one set of bias parameters for   DESCRIPTION         
each satellite and each station in case of GPS and for each DESCRIPTION         
satellite-station link in case of GLONASS. The code bias    DESCRIPTION         
datum is defined by zero-mean conditions imposed on the     DESCRIPTION         
satellite bias estimates. In this file, just GPS C1W-C2W    DESCRIPTION         
satellite and station bias values are included. The         DESCRIPTION         
complete set of GNSS code bias results is provided in an    DESCRIPTION         
additional Bias-SINEX file as pseudo-absolute values        DESCRIPTION         
specific to each observable.                                DESCRIPTION         
Contact address: code(at)aiub.unibe.ch                      DESCRIPTION         
Data archive:    ftp.aiub.unibe.ch/CODE/                    DESCRIPTION         
                 www.aiub.unibe.ch/download/CODE/           DESCRIPTION         
  2023    12    13     0     0     0                        EPOCH OF FIRST MAP  
  2023    12    14     0     0     0                        EPOCH OF LAST MAP   
  3600                                                      INTERVAL            
    25                                                      # OF MAPS IN FILE   
  NONE                                                      MAPPING FUNCTION    
    10.0                                                    ELEVATION CUTOFF    
One-way carrier phase leveled to code                       OBSERVABLES USED    
  6371.0                                                    BASE RADIUS         
     2                                                      MAP DIMENSION       
   450.0 450.0   0.0                                        HGT1 / HGT2 / DHGT  
    87.5 -87.5  -2.5                                        LAT1 / LAT2 / DLAT  
  -180.0 180.0   5.0                                        LON1 / LON2 / DLON  
    -1                                                      EXPONENT            
TEC/RMS values in 0.1 TECU; 9999, if no value available     COMMENT             
                                                            END OF HEADER       
[from data line 2574]
     7                                                      START OF TEC MAP    
  2023    12    13     6     0     0                        EPOCH OF CURRENT MAP
    87.5-180.0 180.0   5.0 450.0                            LAT/LON1/LON2/DLON/H
   77   77   76   76   76   76   76   76   77   77   77   78   78   79   79   79
   80   80   80   81   81   81   81   82   82   82   82   82   82   82   82   83
   83   83   83   83   83   83   83   84   84   84   84   85   85   85   85   86
   86   86   86   86   86   86   86   86   86   86   85   85   84   84   83   83
   82   81   80   80   79   78   78   77   77
    85.0-180.0 180.0   5.0 450.0                            LAT/LON1/LON2/DLON/H
   70   69   69   68   68   68   69   70   71   72   73   74   75   76   78   79
   79   80   81   81   82   82   82   82   82   82   81   81   81   81   81   81
   81   81   81   81   82   82   82   83   83   84   85   85   86   87   88   90
   91   92   93   94   95   96   97   97   97   97   97   96   94   93   91   89
   87   85   82   80   78   76   74   72   70
    82.5-180.0 180.0   5.0 450.0                            LAT/LON1/LON2/DLON/H
   64   62   60   59   59   60   61   62   64   66   68   70   73   75   76   78
   79   80   80   81   81   80   80   80   79   78   78   77   77   77   77   77
   77   77   77   77   78   78   79   79   80   81   83   84   86   88   91   94
   97  100  103  106  109  112  114  116  117  117  117  116  114  111  108  104
   99   95   90   85   80   75   71   68   64
    80.0-180.0 180.0   5.0 450.0                            LAT/LON1/LON2/DLON/H
   61   57   54   52   51   52   53   55   57   60   63   66   69   72   74   76
   77   78   78   78   78   77   76   75   74   73   72   71   71   71   71   71
   71   72   72   73   73   74   74   75   76   77   79   82   84   88   92   97
  103  108  114  121  126  132  136  140  143  145  145  144  141  138  133  127
  120  112  104   96   88   80   73   67   61
    77.5-180.0 180.0   5.0 450.0                            LAT/LON1/LON2/DLON/H
   62   56   51   48   46   46   47   49   52   55   58   62   65   67   70   71
   73   73   74   74   73   72   71   70   68   67   66   65   65   65   65   66
   67   67   68   69   69   70   70   71   72   73   75   78   82   88   94  101
  109  118  128  137  146  155  162  168  173  176  177  177  174  169  163  155
  145  135  124  113  101   90   80   70   62
    75.0-180.0 180.0   5.0 450.0                            LAT/LON1/LON2/DLON/H
   68   59   52   47   45   44   44   46   48   51   54   56   59   61   63   64
   66   67   68   69   69   68   67   66   65   63   62   61   61   61   62   63
   64   65   66   66   66   66   66   66   67   68   71   75   81   88   96  106
  117  129  142  154  167  178  188  196  203  207  209  208  205  200  193  183
  172  160  146  132  118  104   91   79   68
    72.5-180.0 180.0   5.0 450.0                            LAT/LON1/LON2/DLON/H
   77   66   57   51   46   44   44   45   46   48   50   51   52   53   55   56
   58   60   62   64   66   66   67   66   65   64   63   62   62   62   62   63
   64   64   64   64   64   63   62   62   62   64   68   73   80   89  100  113
  126  141  156  171  186  199  210  220  227  232  234  234  230  225  217  207
  195  181  167  152  136  120  104   90   77
    70.0-180.0 180.0   5.0 450.0                            LAT/LON1/LON2/DLON/H
   87   74   63   55   49   46   45   45   46   47   47   47   46   46   47   48
   50   54   58   62   65   68   70   71   70   70   68   67   66   65   65   65
   65   65   64   63   61   59   58   58   59   61   66   73   83   94  107  122
  137  154  170  186  202  216  227  237  244  248  250  249  245  239  231  221
  210  196  182  167  150  134  117  101   87
    67.5-180.0 180.0   5.0 450.0                            LAT/LON1/LON2/DLON/H
   94   80   67   58   51   48   46   46   46   46   46   44   43   41   41   42
   45   50   55   62   67   72   76   78   78   77   76   74   72   70   69   68
   66   65   63   61   58   55   54   54   56   60   67   77   88  102  117  133
  150  167  183  200  214  227  238  247  252  255  256  254  250  244  236  226
  215  203  190  176  160  144  127  111   94
    65.0-180.0 180.0   5.0 450.0                            LAT/LON1/LON2/DLON/H
   99   83   69   57   50   46   44   45   46   46   45   44   41   39   39   40
   43   49   56   64   71   77   81   84   85   84   82   79   76   74   71   69
   66   64   61   58   54   51   50   50   54   60   70   83   97  113  129  146
  163  180  196  211  224  235  244  251  254  256  255  252  247  241  233  224
  214  203  192  179  165  149  133  116   99
    62.5-180.0 180.0   5.0 450.0                            LAT/LON1/LON2/DLON/H
   99   81   66   53   44   40   39   40   43   45   45   44   43   41   40   42
   46   52   59   67   74   80   84   87   87   86   84   81   77   73   70   67
   64   61   58   55   51   48   47   49   54   63   76   91  108  126  144  161
  178  193  208  221  232  241  247  252  254  253  251  247  242  236  228  219
  210  200  190  178  165  151  135  117   99
    60.0-180.0 180.0   5.0 450.0                            LAT/LON1/LON2/DLON/H
   97   78   60   46   36   31   30   33   37   42   44   46   46   46   46   48
   51   57   63   70   76   80   83   84   84   83   80   77   73   69   65   62
   60   58   56   53   50   47   47   49   57   68   84  102  121  140  159  176
  192  207  219  231  240  246  251  254  254  253  250  246  240  234  226  217
  208  198  188  177  164  150  134  116   97
    57.5-180.0 180.0   5.0 450.0                            LAT/LON1/LON2/DLON/H
   95   74   55   39   27   22   21   25   30   37   42   46   49   51   53   56
   59   63   68   72   75   77   78   77   76   75   72   69   65   62   58   57
   56   56   55   54   52   50   50   54   62   76   93  113  134  154  174  191
  207  220  232  241  249  254  257  259  258  257  254  250  245  238  230  220
  210  199  188  177  164  150  134  115   95
    55.0-180.0 180.0   5.0 450.0                            LAT/LON1/LON2/DLON/H
   94   73   53   35   23   16   14   17   23   31   39   46   51   56   60   63
   66   69   71   72   72   72   70   68   67   65   63   61   57   54   52   52
   54   56   58   59   58   56   57   61   71   85  104  125  147  168  188  206
  221  235  245  254  260  264  266  267  266  265  263  259  254  248  239  228
  217  204  192  179  166  151  134  115   94
    52.5-180.0 180.0   5.0 450.0                            LAT/LON1/LON2/DLON/H
   97   76   56   39   26   17   14   15   20   27   35   43   52   59   64   68
   71   72   72   72   70   67   64   61   59   58   57   55   53   50   49   51
   55   60   65   68   68   67   67   72   81   96  115  137  159  180  201  219
  236  249  260  267  272  275  276  276  275  274  273  270  266  259  250  238
  225  211  197  183  168  153  136  117   97
    50.0-180.0 180.0   5.0 450.0                            LAT/LON1/LON2/DLON/H
  101   83   65   50   37   27   21   20   21   25   32   41   50   59   66   70
   72   73   73   72   69   66   62   59   57   57   57   56   54   52   52   54
   60   68   75   79   80   79   79   84   94  109  128  148  170  192  213  232
  250  264  274  280  284  285  284  283  282  281  279  277  274  267  257  245
  230  214  199  184  168  152  136  118  101
    47.5-180.0 180.0   5.0 450.0                            LAT/LON1/LON2/DLON/H
  103   90   77   65   54   44   37   32   29   29   33   40   49   58   65   69
   71   72   73   73   73   71   68   65   64   64   65   65   63   61   60   63
   69   78   86   91   92   91   92   97  107  122  141  161  181  203  224  244
  262  277  286  291  293  292  289  287  284  282  280  278  274  267  257  244
  228  212  196  180  164  148  132  117  103
    45.0-180.0 180.0   5.0 450.0                            LAT/LON1/LON2/DLON/H
  101   93   86   80   73   65   57   49   43   38   38   42   50   58   64   67
   69   71   74   78   81   82   81   80   79   80   80   80   78   75   73   74
   80   89   97  101  102  101  103  109  120  136  155  173  193  213  234  254
  273  287  295  298  298  295  290  286  281  277  274  271  266  259  249  235
  219  203  186  170  153  137  123  110  101
    42.5-180.0 180.0   5.0 450.0                            LAT/LON1/LON2/DLON/H
   92   89   89   88   86   82   76   67   58   51   47   48   54   60   65   67
   69   72   79   87   94   99  100  100   99   99  100   99   96   91   87   87
   91   97  104  107  107  107  110  119  133  151  169  187  205  223  243  262
  280  293  300  302  299  295  289  283  277  271  266  262  256  248  237  223
  207  191  174  157  139  123  108   98   92
    40.0-180.0 180.0   5.0 450.0                            LAT/LON1/LON2/DLON/H
   77   78   83   87   90   90   87   80   71   63   57   57   61   66   69   70
   72   77   86   99  111  118  121  121  120  119  119  117  113  107  101   98
   99  102  106  107  107  108  114  127  145  165  185  201  217  232  250  267
  283  295  301  302  300  296  290  284  277  270  264  258  251  243  231  217
  200  183  165  146  127  108   92   81   77
    37.5-180.0 180.0   5.0 450.0                            LAT/LON1/LON2/DLON/H
   61   62   68   75   81   84   85   83   77   71   66   66   70   75   77   77
   79   85   97  113  127  137  140  139  137  135  134  132  127  119  112  106
  103  103  104  103  103  106  115  133  156  179  199  215  228  241  255  271
  285  295  302  305  305  303  300  295  289  283  276  270  263  253  241  225
  207  188  168  147  124  101   81   67   61
    35.0-180.0 180.0   5.0 450.0                            LAT/LON1/LON2/DLON/H
   51   48   51   56   61   67   71   74   73   71   70   73   79   84   87   87
   89   96  110  126  141  150  153  151  147  144  142  140  135  127  118  110
  105  101   98   95   95  100  114  137  165  191  213  228  239  250  261  274
  286  297  306  313  318  322  324  323  321  316  311  305  298  288  274  257
  237  216  192  166  138  109   82   62   51
    32.5-180.0 180.0   5.0 450.0                            LAT/LON1/LON2/DLON/H
   56   45   40   38   39   43   49   56   61   64   68   75   84   91   95   96
   99  107  121  137  150  157  158  155  151  147  145  143  138  131  122  112
  104   97   91   87   86   94  113  141  172  202  225  240  250  259  268  279
  291  304  318  331  344  356  364  370  372  372  370  366  359  349  335  316
  293  268  240  209  175  138  104   76   56
    30.0-180.0 180.0   5.0 450.0                            LAT/LON1/LON2/DLON/H
   82   60   44   32   25   23   28   36   45   53   61   72   83   93   99  102
  107  116  129  143  153  157  157  153  149  146  144  141  138  132  123  113
  103   94   85   79   79   90  112  144  179  211  235  251  262  271  280  291
  304  321  341  363  385  405  421  433  441  446  448  447  442  433  418  397
  372  343  311  275  234  191  149  111   82
    27.5-180.0 180.0   5.0 450.0                            LAT/LON1/LON2/DLON/H
  131   99   71   47   28   18   17   24   33   43   54   66   79   91   98  104
  110  120  132  143  149  152  151  149  146  144  142  139  136  131  123  114
  103   91   81   74   75   88  113  148  185  219  244  263  276  287  298  311
  328  350  378  408  438  465  487  504  518  528  535  538  535  527  511  489
  462  431  396  356  312  264  216  170  131
    25.0-180.0 180.0   5.0 450.0                            LAT/LON1/LON2/DLON/H
  202  160  123   87   57   37   28   30   36   44   52   63   75   86   94  101
  109  120  130  138  142  143  144  145  145  144  141  138  135  130  124  115
  104   91   79   71   74   89  117  154  193  227  255  276  293  308  323  339
  361  390  424  462  498  529  554  573  590  604  616  622  622  615  600  578
  550  518  482  441  397  348  297  247  202
    22.5-180.0 180.0   5.0 450.0                            LAT/LON1/LON2/DLON/H
  284  238  194  151  112   83   66   60   59   61   63   68   75   83   89   96
  105  116  126  131  134  136  140  145  148  148  144  139  135  130  124  116
  105   92   79   72   75   93  124  163  202  237  266  291  313  334  354  376
  402  436  476  518  556  587  610  629  646  662  677  686  688  682  668  647
  621  590  556  518  476  430  381  331  284
    20.0-180.0 180.0   5.0 450.0                            LAT/LON1/LON2/DLON/H
  366  321  276  231  187  151  127  114  106   98   92   88   87   88   91   96
  104  114  123  126  128  132  141  150  156  155  149  141  135  129  124  117
  106   92   79   73   79  100  134  174  214  249  281  309  337  364  389  416
  446  484  526  568  604  630  648  663  677  694  709  720  724  719  707  688
  664  637  607  575  540  500  457  411  366
    17.5-180.0 180.0   5.0 450.0                            LAT/LON1/LON2/DLON/H
  435  396  355  312  269  232  205  186  170  155  138  124  114  106  103  104
  110  118  124  127  128  135  147  160  167  164  154  143  133  127  121  115
  105   92   80   75   84  109  145  187  228  264  297  329  362  393  424  454
  487  525  567  605  635  654  664  672  682  696  711  723  727  724  713  697
  677  655  632  607  580  549  514  475  435
    15.0-180.0 180.0   5.0 450.0                            LAT/LON1/LON2/DLON/H
  484  451  418  382  344  310  284  263  244  222  198  174  155  139  128  124
  126  131  135  135  136  144  157  171  176  171  157  142  130  122  116  111
  102   90   80   78   90  119  158  202  243  280  314  349  384  420  454  486
  519  555  593  625  647  657  660  661  667  677  690  701  706  703  694  681
  666  649  631  614  595  574  547  516  484
    12.5-180.0 180.0   5.0 450.0                            LAT/LON1/LON2/DLON/H
  508  482  456  428  399  371  350  331  312  288  260  231  205  183  165  155
  153  154  154  151  151  157  170  181  183  173  155  137  123  114  109  104
   97   87   79   80   97  128  171  216  258  295  330  366  403  440  475  507
  538  570  602  628  643  646  643  640  641  648  659  668  673  672  665  654
  642  629  617  605  593  578  558  534  508
    10.0-180.0 180.0   5.0 450.0                            LAT/LON1/LON2/DLON/H
  510  488  467  446  424  405  390  378  363  341  314  285  256  230  209  195
  188  185  181  174  170  173  181  187  184  169  149  129  115  106  101   97
   91   84   79   84  104  138  182  228  270  307  343  378  415  451  485  516
  544  572  598  618  628  629  625  620  620  625  632  640  645  645  639  630
  620  610  600  591  582  571  555  534  510
     7.5-180.0 180.0   5.0 450.0                            LAT/LON1/LON2/DLON/H
  500  477  457  438  422  409  401  395  386  371  349  324  298  273  251  235
  225  218  210  199  190  188  189  188  178  160  139  120  107   98   94   91
   87   83   81   89  111  147  191  236  277  315  350  384  419  454  487  516
  541  564  585  602  612  615  614  613  614  617  624  630  635  636  632  624
  614  603  593  583  574  563  546  525  500
     5.0-180.0 180.0   5.0 450.0                            LAT/LON1/LON2/DLON/H
  489  461  436  415  399  388  384  383  381  373  359  341  322  302  283  267
  256  247  235  220  207  198  192  183  169  149  129  113  101   93   89   87
   85   83   85   96  119  155  196  239  280  317  351  384  418  452  483  509
  532  552  571  588  601  611  618  624  629  633  638  645  650  651  648  640
  628  615  602  590  577  563  543  517  489
     2.5-180.0 180.0   5.0 450.0                            LAT/LON1/LON2/DLON/H
  485  450  418  390  369  355  350  351  352  350  343  335  324  311  298  286
  276  265  251  234  216  201  189  175  158  139  122  109   99   91   87   86
   85   86   91  104  128  161  199  239  278  314  348  381  414  446  476  502
  524  543  561  580  600  620  638  652  663  670  675  681  686  689  686  676
  663  646  629  611  594  574  550  520  485
