static/ion/2023-12-25.23i
     1.0            IONOSPHERE MAPS     GNSS                IONEX VERSION / TYPE
IONINX V5.5         AIUB                24-DEC-23 07:42     PGM / RUN BY / DATE 
CODE'S 2-DAY PREDICTED IONOSPHERE MAPS FOR DAY 359, 2023    COMMENT             
Global ionosphere maps (GIM) are generated on a daily basis DESCRIPTION         
at CODE using data from about 120 GNSS sites of the IGS and DESCRIPTION         
other institutions. The vertical total electron content     DESCRIPTION         
(VTEC) is modeled in a solar-geomagnetic reference frame    DESCRIPTION         
using a spherical harmonics expansion up to degree and      DESCRIPTION         
order 15. Piece-wise linear functions are used for          DESCRIPTION         
representation in the time domain. The time spacing of      DESCRIPTION         
their vertices is 1 hour, conforming with the epochs of the DESCRIPTION         
VTEC maps.                                                  DESCRIPTION         
To convert line-of-sight TEC into vertical TEC, a modified  DESCRIPTION         
single-layer model mapping function approximating the JPL   DESCRIPTION         
extended slab model mapping function is adopted. The        DESCRIPTION         
mapping function is evaluated at geodetic satellite         DESCRIPTION         
elevation angles. For the computation of the ionospheric    DESCRIPTION         
pierce points, a spherical layer with a radius of 6821 km   DESCRIPTION         
is assumed, implying geocentric, not geodetic IONEX         DESCRIPTION         
latitudes.                                                  DESCRIPTION         
Instrumental biases with respect to each involved GNSS code DESCRIPTION         
observable are estimated as constant values for each        DESCRIPTION         
day. They are modeled with one set of bias parameters for   DESCRIPTION         
each satellite and each station in case of GPS and for each DESCRIPTION         
satellite-station link in case of GLONASS. The code bias    DESCRIPTION         
datum is defined by zero-mean conditions imposed on the     DESCRIPTION         
satellite bias estimates. In this file, just GPS C1W-C2W    DESCRIPTION         
satellite and station bias values are included. The         DESCRIPTION         
complete set of GNSS code bias results is provided in an    DESCRIPTION         
additional Bias-SINEX file as pseudo-absolute values        DESCRIPTION         
specific to each observable.                                DESCRIPTION         
Contact address: code(at)aiub.unibe.ch                      DESCRIPTION         
Data archive:    ftp.aiub.unibe.ch/CODE/                    DESCRIPTION         
                 www.aiub.unibe.ch/download/CODE/           DESCRIPTION         
  2023    12    25     0     0     0                        EPOCH OF FIRST MAP  
  2023    12    26     0     0     0                        EPOCH OF LAST MAP   
  3600                                                      INTERVAL            
    25                                                      # OF MAPS IN FILE   
  NONE                                                      MAPPING FUNCTION    
    10.0                                                    ELEVATION CUTOFF    
One-way carrier phase leveled to code                       OBSERVABLES USED    
  6371.0                                                    BASE RADIUS         
     2                                                      MAP DIMENSION       
   450.0 450.0   0.0                                        HGT1 / HGT2 / DHGT  
    87.5 -87.5  -2.5                                        LAT1 / LAT2 / DLAT  
  -180.0 180.0   5.0                                        LON1 / LON2 / DLON  
    -1                                                      EXPONENT            
TEC/RMS values in 0.1 TECU; 9999, if no value available     COMMENT             
                                                            END OF HEADER       
[from data line 6435]
    16                                                      START OF TEC MAP    
  2023    12    25    15     0     0                        EPOCH OF CURRENT MAP
    87.5-180.0 180.0   5.0 450.0                            LAT/LON1/LON2/DLON/H
  108  109  111  112  114  116  117  119  120  122  123  124  125  126  127  127
  128  128  128  128  128  127  127  126  126  125  124  123  122  121  120  119
  118  117  116  115  114  114  113  112  111  110  110  109  109  108  108  107
  106  106  105  105  104  104  104  103  103  102  102  102  101  101  101  101
  101  102  102  103  104  104  105  107  108
    85.0-180.0 180.0   5.0 450.0                            LAT/LON1/LON2/DLON/H
   92   95   98  102  106  110  113  117  121  124  127  130  132  134  135  136
  136  136  136  135  134  133  131  130  128  126  124  122  120  119  117  115
  113  111  110  108  107  105  104  103  103  102  101  101  101  101  100  100
  100  100   99   99   98   97   96   95   93   92   90   89   87   86   84   83
   83   82   82   83   83   85   87   89   92
    82.5-180.0 180.0   5.0 450.0                            LAT/LON1/LON2/DLON/H
   71   75   81   86   93   99  106  112  118  123  128  131  134  136  138  138
  138  137  136  134  132  130  128  126  124  122  119  117  115  113  110  108
  106  104  101   99   98   96   95   94   94   93   93   94   94   95   96   97
   98   99   99   99   99   98   97   95   92   89   86   83   79   75   72   69
   66   64   62   61   61   62   64   67   71
    80.0-180.0 180.0   5.0 450.0                            LAT/LON1/LON2/DLON/H
   52   57   64   71   79   88   96  104  112  119  125  129  132  134  134  133
  132  130  128  126  124  122  121  119  118  117  115  114  112  110  108  105
  102  100   97   95   92   90   89   88   87   87   88   89   91   93   96   98
  101  103  105  106  107  107  105  103  100   96   91   86   80   74   68   63
   57   53   49   47   45   45   46   48   52
    77.5-180.0 180.0   5.0 450.0                            LAT/LON1/LON2/DLON/H
   43   47   53   61   70   79   88   98  106  114  120  124  126  126  125  123
  121  118  116  114  114  114  114  115  117  118  119  119  118  116  114  111
  108  104  100   97   94   91   89   87   86   86   87   88   91   94   98  102
  106  111  114  117  119  120  119  117  114  109  103   97   90   82   75   68
   61   55   49   45   41   39   39   40   43
    75.0-180.0 180.0   5.0 450.0                            LAT/LON1/LON2/DLON/H
   47   49   54   60   67   76   85   94  103  109  114  117  118  117  114  110
  107  104  103  103  105  109  114  120  125  130  134  136  136  134  132  128
  123  117  112  107  102   98   95   92   90   89   89   90   93   96  101  106
  112  118  123  127  131  132  132  131  128  123  118  111  104   97   89   82
   75   69   63   57   53   49   47   46   47
    72.5-180.0 180.0   5.0 450.0                            LAT/LON1/LON2/DLON/H
   63   63   65   69   74   80   88   95  102  107  110  111  110  107  102   98
   94   92   93   97  104  113  124  136  146  155  161  165  165  163  159  153
  145  138  130  123  116  110  105  101   98   95   94   94   95   98  102  107
  113  120  126  132  136  138  139  138  136  132  127  122  117  112  106  101
   96   91   86   81   76   72   68   65   63
    70.0-180.0 180.0   5.0 450.0                            LAT/LON1/LON2/DLON/H
   89   86   85   85   87   90   95  100  104  107  108  107  104   99   93   88
   85   85   89   98  111  127  145  162  178  190  199  203  202  198  191  182
  171  161  150  141  132  125  119  113  109  104  101   98   97   97  100  104
  109  115  121  127  131  134  135  134  133  130  128  125  122  120  119  117
  116  114  112  109  106  101   97   93   89
    67.5-180.0 180.0   5.0 450.0                            LAT/LON1/LON2/DLON/H
  115  110  106  103  102  103  104  106  108  108  107  104   99   93   87   82
   81   84   93  107  126  149  172  195  214  229  238  242  240  233  223  210
  197  183  170  159  149  140  133  127  120  114  108  102   97   94   94   95
   99  103  108  113  116  118  119  119  118  117  116  116  117  119  121  124
  127  130  132  132  131  128  124  120  115
    65.0-180.0 180.0   5.0 450.0                            LAT/LON1/LON2/DLON/H
  133  127  123  118  115  113  112  111  110  109  106  101   96   89   84   81
   82   89  102  121  146  174  202  228  249  265  273  275  271  263  250  235
  219  203  188  175  164  155  147  140  132  124  115  106   97   90   86   84
   84   86   89   92   94   95   95   95   94   95   96   98  102  107  113  120
  127  133  138  142  143  143  141  137  133
    62.5-180.0 180.0   5.0 450.0                            LAT/LON1/LON2/DLON/H
  137  133  129  125  121  118  115  113  110  107  103   98   92   87   83   83
   88   98  115  139  167  198  228  255  276  290  297  298  293  283  271  255
  238  221  205  191  179  169  161  153  145  135  123  110   98   86   78   72
   70   69   70   71   71   71   70   69   69   70   73   77   82   89   97  105
  114  122  130  135  139  141  141  140  137
    60.0-180.0 180.0   5.0 450.0                            LAT/LON1/LON2/DLON/H
  126  125  123  120  118  115  112  110  107  103   98   93   89   85   84   88
   96  110  131  157  187  218  247  272  291  303  309  308  304  296  285  272
  256  239  222  207  194  184  176  168  159  147  133  117  101   85   73   65
   60   57   56   55   54   52   50   49   49   51   54   58   64   70   78   86
   94  102  109  116  121  124  126  127  126
    57.5-180.0 180.0   5.0 450.0                            LAT/LON1/LON2/DLON/H
  105  107  107  107  107  106  105  103  100   96   92   87   84   83   86   93
  106  124  147  173  203  232  258  280  295  305  309  309  307  303  297  287
  274  258  242  225  212  200  192  183  174  161  145  127  107   89   74   64
   57   54   51   49   46   43   41   40   40   42   45   49   54   58   63   68
   73   79   84   89   94   97  100  103  105
    55.0-180.0 180.0   5.0 450.0                            LAT/LON1/LON2/DLON/H
   81   84   88   91   93   94   95   95   93   90   85   82   80   82   88  100
  117  138  162  189  216  241  264  281  293  300  303  306  307  308  307  302
  292  278  262  245  230  218  209  200  190  176  159  139  117   98   82   71
   64   59   56   53   50   46   44   43   44   46   49   52   55   56   57   58
   60   61   63   65   68   70   74   77   81
    52.5-180.0 180.0   5.0 450.0                            LAT/LON1/LON2/DLON/H
   62   67   72   76   80   84   87   88   88   85   81   77   77   81   91  107
  128  152  177  203  227  250  268  282  291  296  299  303  308  314  317  316
  309  297  281  264  249  236  226  217  206  192  173  152  130  110   94   83
   77   73   70   66   62   58   55   55   56   59   62   64   65   64   62   60
   57   55   53   52   52   53   55   58   62
    50.0-180.0 180.0   5.0 450.0                            LAT/LON1/LON2/DLON/H
   56   60   65   69   74   79   83   86   87   85   80   77   77   83   96  116
  141  167  193  217  240  259  275  287  294  298  301  306  313  321  326  327
  321  310  295  279  265  252  242  232  220  205  187  165  143  124  109   99
   93   90   86   82   77   72   69   69   71   75   78   81   81   79   75   70
   65   60   56   53   50   49   50   52   56
    47.5-180.0 180.0   5.0 450.0                            LAT/LON1/LON2/DLON/H
   64   66   69   73   77   81   86   90   91   89   85   81   81   89  105  128
  155  183  209  233  255  273  289  300  306  310  312  316  321  327  331  331
  325  315  302  289  276  265  255  244  232  216  197  176  155  137  123  114
  109  105  100   95   88   83   80   80   83   87   91   94   95   93   90   85
   80   75   70   66   63   61   61   62   64
    45.0-180.0 180.0   5.0 450.0                            LAT/LON1/LON2/DLON/H
   82   83   84   85   87   90   94   98  100   99   94   90   91   99  117  142
  171  200  227  250  272  291  307  320  327  330  330  330  331  332  330  326
  319  311  302  293  285  277  267  256  242  225  206  185  165  147  135  127
  121  116  110  102   94   88   84   84   87   91   96   99  102  102  101   99
   96   93   90   87   84   83   82   82   82
    42.5-180.0 180.0   5.0 450.0                            LAT/LON1/LON2/DLON/H
  105  105  103  102  101  102  106  109  111  110  106  103  105  114  133  160
  189  219  245  268  290  311  329  344  352  354  351  346  340  333  325  316
  308  302  299  297  294  289  281  268  252  234  214  193  173  157  145  136
  130  123  115  105   96   88   84   83   84   88   92   96  100  103  105  106
  107  107  107  107  106  106  106  106  105
    40.0-180.0 180.0   5.0 450.0                            LAT/LON1/LON2/DLON/H
  124  123  120  117  114  113  115  118  120  120  118  117  121  133  154  181
  210  238  263  286  308  330  351  367  375  376  370  360  348  334  320  307
  299  297  301  307  311  309  300  285  267  246  224  203  183  167  155  146
  139  131  121  110   99   91   85   83   83   84   87   90   94   98  102  107
  111  114  117  120  122  123  124  125  124
    37.5-180.0 180.0   5.0 450.0                            LAT/LON1/LON2/DLON/H
  133  132  129  125  121  119  120  122  124  126  127  130  139  154  177  204
  231  257  280  301  323  345  367  384  392  392  385  371  355  338  321  309
  304  308  319  332  341  341  330  312  290  266  242  219  199  183  170  161
  153  145  135  124  113  105   99   95   91   89   88   88   90   94   98  103
  109  114  119  123  126  129  131  133  133
    35.0-180.0 180.0   5.0 450.0                            LAT/LON1/LON2/DLON/H
  130  129  127  123  119  117  117  119  122  125  131  140  155  176  201  228
  254  276  296  315  334  355  376  392  400  400  393  381  367  352  339  331
  333  344  361  380  390  389  374  351  324  296  270  246  225  208  195  187
  180  173  165  156  147  140  133  126  119  112  105  100   98   98   99  102
  106  111  115  118  122  125  127  129  130
    32.5-180.0 180.0   5.0 450.0                            LAT/LON1/LON2/DLON/H
  117  117  116  113  111  109  108  110  113  119  129  146  169  196  225  252
  276  295  311  327  343  361  378  391  399  401  398  393  388  382  379  381
  391  409  430  450  458  452  432  403  371  339  311  285  263  245  233  227
  223  220  216  211  205  199  192  182  170  157  143  131  122  116  112  110
  110  111  112  112  113  114  115  116  117
    30.0-180.0 180.0   5.0 450.0                            LAT/LON1/LON2/DLON/H
  101  101  101   99   98   97   97   98  101  108  124  148  179  214  246  274
  297  314  327  338  351  364  376  386  394  399  405  413  422  432  444  459
  477  500  522  537  540  527  500  465  428  394  364  336  314  296  285  281
  283  286  288  287  285  279  271  259  242  221  201  181  165  151  140  132
  125  120  116  112  108  105  103  102  101
    27.5-180.0 180.0   5.0 450.0                            LAT/LON1/LON2/DLON/H
   91   90   89   88   87   87   87   87   89   98  117  148  188  229  265  295
  316  332  343  351  359  367  375  382  390  402  420  443  470  499  528  556
  582  606  624  631  625  603  569  530  492  457  425  398  374  357  348  347
  353  363  371  375  375  369  359  343  321  296  269  243  220  200  182  166
  153  142  132  122  113  105   99   94   91
    25.0-180.0 180.0   5.0 450.0                            LAT/LON1/LON2/DLON/H
   92   89   86   85   84   83   83   81   82   91  113  149  195  241  281  312
  335  350  360  367  372  375  378  384  395  415  445  484  529  575  619  658
  688  709  719  717  700  671  633  593  555  521  490  463  439  422  414  416
  427  441  454  460  459  452  438  419  394  364  334  305  278  253  230  209
  191  175  160  145  131  118  107   98   92
    22.5-180.0 180.0   5.0 450.0                            LAT/LON1/LON2/DLON/H
  107  100   96   92   90   89   87   84   83   91  114  153  203  252  295  328
  352  370  381  387  390  390  391  397  412  441  483  535  593  651  704  748
  778  793  793  780  755  721  683  646  612  581  553  526  503  485  476  478
  490  507  521  526  521  509  491  469  441  411  381  353  326  300  275  252
  232  214  195  177  159  143  128  116  107
    20.0-180.0 180.0   5.0 450.0                            LAT/LON1/LON2/DLON/H
  132  123  116  110  106  103  100   96   93   99  122  162  213  264  308  343
  370  391  404  412  413  413  414  422  443  480  531  590  653  714  769  812
  837  843  833  812  782  749  716  685  657  632  607  582  558  538  527  526
  535  549  559  558  546  528  505  481  454  426  400  376  353  331  308  286
  267  250  231  212  192  174  157  143  132
    17.5-180.0 180.0   5.0 450.0                            LAT/LON1/LON2/DLON/H
  160  150  141  134  128  123  119  113  109  114  137  177  227  278  322  359
  390  414  431  440  443  443  446  459  486  529  583  642  701  757  805  840
  858  856  838  813  784  756  731  709  690  670  649  625  601  578  561  552
  554  560  562  552  531  505  478  453  430  408  388  372  357  340  322  305
  290  276  259  241  222  203  187  172  160
    15.0-180.0 180.0   5.0 450.0                            LAT/LON1/LON2/DLON/H
  185  174  165  156  149  143  138  131  128  133  156  195  244  294  338  377
  412  441  461  472  477  479  486  503  535  581  633  685  733  775  811  835
  844  835  815  790  766  748  733  721  710  696  678  656  630  602  576  557
  547  542  532  511  481  448  419  397  378  364  353  345  339  330  319  308
  298  288  275  259  242  225  210  196  185
    12.5-180.0 180.0   5.0 450.0                            LAT/LON1/LON2/DLON/H
  199  190  180  172  164  157  152  146  144  152  177  217  265  312  357  399
  437  470  494  507  513  519  530  551  587  631  677  716  747  772  793  807
  808  797  777  757  742  734  729  727  721  711  696  674  646  613  577  545
  521  502  480  450  412  375  347  329  318  311  308  309  310  308  302  297
  292  287  277  264  249  234  221  209  199
    10.0-180.0 180.0   5.0 450.0                            LAT/LON1/LON2/DLON/H
  200  192  184  176  168  162  157  153  155  168  196  238  286  333  378  422
  465  502  527  542  551  559  574  599  634  675  711  736  748  756  764  770
  768  757  742  729  723  724  727  730  728  720  705  683  652  613  568  524
  486  454  423  386  345  309  285  273  269  269  273  278  284  285  283  281
  279  277  270  259  245  232  220  210  200
     7.5-180.0 180.0   5.0 450.0                            LAT/LON1/LON2/DLON/H
  191  183  175  168  161  155  152  151  158  177  211  257  306  354  401  448
  494  533  560  577  588  599  616  641  675  710  735  745  743  738  738  741
  740  733  723  718  719  725  732  735  734  725  709  685  653  609  557  502
  454  413  377  338  300  269  253  249  251  256  261  268  273  273  271  268
  268  266  260  249  236  223  211  201  191
     5.0-180.0 180.0   5.0 450.0                            LAT/LON1/LON2/DLON/H
  177  167  159  152  146  141  139  142  154  180  221  272  324  374  422  472
  521  562  591  609  621  635  653  678  707  734  750  749  738  728  726  731
  734  732  729  728  732  738  743  744  739  728  710  685  651  606  549  489
  434  391  355  321  290  270  263  266  273  278  282  285  285  281  274  268
  265  262  255  243  229  215  202  189  177
     2.5-180.0 180.0   5.0 450.0                            LAT/LON1/LON2/DLON/H
  167  153  143  136  129  125  123  129  146  179  226  282  338  390  441  493
  543  585  615  635  651  666  684  706  730  750  758  752  738  730  733  744
  753  756  756  755  757  759  758  753  744  730  710  683  650  604  548  487
  433  391  361  337  319  310  313  323  331  334  333  328  321  309  295  283
  276  269  259  245  229  214  198  182  167
