static/ion/2023-12-26.23i
     1.0            IONOSPHERE MAPS     GNSS                IONEX VERSION / TYPE
IONINX V5.5         AIUB                25-DEC-23 07:46     PGM / RUN BY / DATE 
CODE'S 2-DAY PREDICTED IONOSPHERE MAPS FOR DAY 360, 2023    COMMENT             
Global ionosphere maps (GIM) are generated on a daily basis DESCRIPTION         
at CODE using data from about 120 GNSS sites of the IGS and DESCRIPTION         
other institutions. The vertical total electron content     DESCRIPTION         
(VTEC) is modeled in a solar-geomagnetic reference frame    DESCRIPTION         
using a spherical harmonics expansion up to degree and      DESCRIPTION         
order 15. Piece-wise linear functions are used for          DESCRIPTION         
representation in the time domain. The time spacing of      DESCRIPTION         
their vertices is 1 hour, conforming with the epochs of the DESCRIPTION         
VTEC maps.                                                  DESCRIPTION         
To convert line-of-sight TEC into vertical TEC, a modified  DESCRIPTION         
single-layer model mapping function approximating the JPL   DESCRIPTION         
extended slab model mapping function is adopted. The        DESCRIPTION         
mapping function is evaluated at geodetic satellite         DESCRIPTION         
elevation angles. For the computation of the ionospheric    DESCRIPTION         
pierce points, a spherical layer with a radius of 6821 km   DESCRIPTION         
is assumed, implying geocentric, not geodetic IONEX         DESCRIPTION         
latitudes.                                                  DESCRIPTION         
Instrumental biases with respect to each involved GNSS code DESCRIPTION         
observable are estimated as constant values for each        DESCRIPTION         
day. They are modeled with one set of bias parameters for   DESCRIPTION         
each satellite and each station in case of GPS and for each DESCRIPTION         
satellite-station link in case of GLONASS. The code bias    DESCRIPTION         
datum is defined by zero-mean conditions imposed on the     DESCRIPTION         
satellite bias estimates. In this file, just GPS C1W-C2W    DESCRIPTION         
satellite and station bias values are included. The         DESCRIPTION         
complete set of GNSS code bias results is provided in an    DESCRIPTION         
additional Bias-SINEX file as pseudo-absolute values        DESCRIPTION         
specific to each observable.                                DESCRIPTION         
Contact address: code(at)aiub.unibe.ch                      DESCRIPTION         
Data archive:    ftp.aiub.unibe.ch/CODE/                    DESCRIPTION         
                 www.aiub.unibe.ch/download/CODE/           DESCRIPTION         
  2023    12    26     0     0     0                        EPOCH OF FIRST MAP  
  2023    12    27     0     0     0                        EPOCH OF LAST MAP   
  3600                                                      INTERVAL            
    25                                                      # OF MAPS IN FILE   
  NONE                                                      MAPPING FUNCTION    
    10.0                                                    ELEVATION CUTOFF    
One-way carrier phase leveled to code                       OBSERVABLES USED    
  6371.0                                                    BASE RADIUS         
     2                                                      MAP DIMENSION       
   450.0 450.0   0.0                                        HGT1 / HGT2 / DHGT  
    87.5 -87.5  -2.5                                        LAT1 / LAT2 / DLAT  
  -180.0 180.0   5.0                                        LON1 / LON2 / DLON  
    -1                                                      EXPONENT            
TEC/RMS values in 0.1 TECU; 9999, if no value available     COMMENT             
                                                            END OF HEADER       
[from data line 9867]
    24                                                      START OF TEC MAP    
  2023    12    26    23     0     0                        EPOCH OF CURRENT MAP
    87.5-180.0 180.0   5.0 450.0                            LAT/LON1/LON2/DLON/H
  137  138  139  139  140  141  141  141  141  141  141  141  140  140  139  138
  137  136  135  134  133  131  130  129  127  126  125  124  123  122  121  120
  120  119  119  118  118  118  118  118  118  118  118  118  119  119  119  120
  120  121  121  122  122  123  123  124  125  125  126  126  127  128  128  129
  130  131  132  132  133  134  135  136  137
    85.0-180.0 180.0   5.0 450.0                            LAT/LON1/LON2/DLON/H
  138  140  142  145  147  148  150  151  152  152  152  151  150  149  147  145
  142  140  137  134  131  128  125  123  120  118  116  114  112  111  109  108
  107  107  106  106  106  106  106  106  107  107  108  109  110  111  112  113
  114  115  115  116  117  117  118  118  118  119  119  119  120  120  121  122
  123  124  125  127  129  131  133  135  138
    82.5-180.0 180.0   5.0 450.0                            LAT/LON1/LON2/DLON/H
  134  138  142  146  150  154  157  159  161  162  162  161  159  156  152  148
  144  139  134  129  125  121  117  113  110  108  105  103  102  101   99   99
   98   98   98   98   98   98   99   99  100  101  103  104  105  107  108  110
  111  112  113  114  114  114  113  113  112  111  110  110  109  109  109  110
  111  112  114  116  119  122  126  130  134
    80.0-180.0 180.0   5.0 450.0                            LAT/LON1/LON2/DLON/H
  130  136  142  148  154  159  164  168  170  172  171  169  165  160  154  147
  140  133  126  119  114  109  105  102  100   98   97   96   95   95   95   95
   95   96   96   96   97   97   98   99   99  101  102  104  105  107  109  111
  113  114  115  115  114  113  111  109  106  103  101   99   97   96   96   96
   98  100  102  105  109  114  119  124  130
    77.5-180.0 180.0   5.0 450.0                            LAT/LON1/LON2/DLON/H
  131  138  146  153  161  168  174  179  182  183  182  178  171  163  153  143
  132  122  113  106  100   96   93   92   91   92   92   93   94   96   97   98
   99  100  101  101  102  102  103  103  104  104  105  107  109  111  113  115
  117  118  118  117  116  113  109  105  100   95   91   88   85   84   84   86
   88   92   96  101  106  112  118  125  131
    75.0-180.0 180.0   5.0 450.0                            LAT/LON1/LON2/DLON/H
  143  150  158  165  173  181  188  194  197  198  195  189  179  167  152  137
  122  109   99   91   86   84   84   85   87   90   93   95   98  100  102  103
  105  107  108  109  110  110  110  110  110  110  110  111  113  115  117  119
  121  122  122  120  117  112  107  100   93   87   81   77   75   75   77   81
   86   93  100  107  115  122  129  136  143
    72.5-180.0 180.0   5.0 450.0                            LAT/LON1/LON2/DLON/H
  166  172  179  185  192  200  207  213  217  217  213  204  191  173  154  133
  114   98   86   79   75   76   79   83   88   93   96   99  102  104  105  107
  109  111  113  114  115  115  115  114  114  113  113  113  114  116  119  121
  123  124  123  121  116  110  102   94   85   77   71   67   66   69   74   82
   91  102  114  125  135  145  153  160  166
    70.0-180.0 180.0   5.0 450.0                            LAT/LON1/LON2/DLON/H
  198  202  206  211  216  223  229  235  240  240  235  224  207  185  160  135
  111   92   79   72   71   74   80   86   92   97  100  102  103  103  103  104
  105  107  109  111  113  113  114  113  112  111  111  111  112  114  116  118
  120  121  120  117  112  105   96   85   76   67   61   59   60   66   75   88
  103  119  135  151  164  176  185  192  198
    67.5-180.0 180.0   5.0 450.0                            LAT/LON1/LON2/DLON/H
  231  234  236  238  241  245  251  257  262  263  258  247  228  203  174  144
  117   96   81   74   74   79   85   93   98  101  102  100   98   96   94   93
   94   95   97  100  102  103  104  105  104  104  103  104  104  106  108  111
  113  113  113  109  104   96   87   76   66   58   53   52   57   66   80   98
  118  139  159  178  195  209  219  227  231
    65.0-180.0 180.0   5.0 450.0                            LAT/LON1/LON2/DLON/H
  261  263  263  263  263  265  269  275  281  283  281  270  251  225  194  162
  133  109   93   85   84   88   94   99  102  102   99   94   88   83   79   77
   77   77   79   82   85   87   89   91   92   92   92   93   94   95   97   99
  101  101  100   98   93   85   77   67   58   51   48   49   56   69   87  108
  132  156  180  202  220  236  248  256  261
    62.5-180.0 180.0   5.0 450.0                            LAT/LON1/LON2/DLON/H
  282  285  285  283  281  280  283  288  294  299  299  291  275  251  221  188
  157  131  113  103  100  101  103  104  103   99   92   84   77   70   65   62
   60   60   62   64   67   70   73   76   78   79   81   81   82   83   84   86
   86   87   86   84   80   75   68   60   53   48   46   50   59   74   94  118
  143  169  194  216  236  252  266  275  282
    60.0-180.0 180.0   5.0 450.0                            LAT/LON1/LON2/DLON/H
  293  299  300  299  295  293  293  297  303  309  312  308  297  276  249  218
  188  160  139  125  117  113  110  106  100   93   84   75   68   62   57   54
   52   51   51   53   55   58   62   65   68   70   72   73   74   74   74   74
   74   73   73   72   70   66   62   57   52   49   49   54   64   80  101  125
  151  176  200  221  240  257  272  284  293
    57.5-180.0 180.0   5.0 450.0                            LAT/LON1/LON2/DLON/H
  298  308  313  313  310  306  303  304  309  315  320  320  313  298  276  249
  220  192  168  148  134  123  114  105   96   87   79   72   67   64   61   59
   56   54   53   53   54   56   59   63   66   68   69   70   70   69   68   67
   65   64   64   64   64   63   61   59   56   54   55   61   72   88  109  132
  156  180  201  220  238  254  270  285  298
    55.0-180.0 180.0   5.0 450.0                            LAT/LON1/LON2/DLON/H
  301  317  327  331  330  324  318  316  316  320  324  327  324  315  299  277
  250  222  194  169  148  131  116  104   94   85   79   76   76   76   76   75
   72   69   66   64   64   65   67   69   71   73   74   74   73   71   69   66
   64   63   62   63   65   66   66   65   64   63   64   70   80   96  116  139
  161  183  202  219  234  249  266  284  301
    52.5-180.0 180.0   5.0 450.0                            LAT/LON1/LON2/DLON/H
  309  331  347  355  356  350  341  334  329  328  329  331  330  326  316  299
  275  246  215  185  159  137  120  106   96   90   87   89   92   96   98   97
   94   89   85   82   81   81   82   83   84   84   84   83   81   79   76   73
   71   69   69   71   73   75   77   77   75   74   75   79   90  105  125  146
  168  189  206  222  236  250  267  287  309
    50.0-180.0 180.0   5.0 450.0                            LAT/LON1/LON2/DLON/H
  325  350  372  384  387  382  371  360  350  342  338  336  335  333  327  314
  292  264  231  198  169  145  127  113  105  101  102  106  112  116  118  116
  112  107  102  100  100  100  101  101  100   99   97   96   93   91   88   85
   84   83   83   85   87   89   91   90   87   85   84   88   98  114  133  155
  178  198  217  232  246  261  278  300  325
    47.5-180.0 180.0   5.0 450.0                            LAT/LON1/LON2/DLON/H
  346  374  398  414  420  415  404  389  374  361  350  343  339  338  334  323
  303  275  242  209  179  156  139  128  121  118  119  123  126  129  128  124
  118  113  111  111  113  115  116  116  115  113  111  109  106  104  102  101
  100  100  101  102  104  105  105  103   99   95   93   96  106  122  143  166
  189  212  232  250  266  281  298  320  346
    45.0-180.0 180.0   5.0 450.0                            LAT/LON1/LON2/DLON/H
  370  397  421  438  444  441  430  415  398  381  365  353  346  343  339  329
  310  283  251  219  193  173  158  148  141  136  134  133  132  128  122  115
  109  106  107  112  118  123  126  126  125  123  121  120  118  116  116  116
  116  117  118  119  119  119  118  114  108  102   99  103  114  131  153  177
  202  227  251  272  290  307  324  345  370
    42.5-180.0 180.0   5.0 450.0                            LAT/LON1/LON2/DLON/H
  390  413  433  448  453  451  442  430  415  397  379  365  356  351  346  335
  316  290  260  232  210  193  181  170  160  151  142  135  126  116  105   96
   90   90   96  106  116  125  129  131  130  129  128  128  126  126  125  126
  128  129  130  130  129  128  125  120  113  106  104  109  122  141  164  190
  215  242  268  293  314  333  350  369  390
    40.0-180.0 180.0   5.0 450.0                            LAT/LON1/LON2/DLON/H
  403  419  433  442  444  442  436  428  418  404  389  376  366  361  355  343
  323  298  271  248  231  216  203  189  173  158  143  129  115  101   87   76
   72   75   86  100  113  124  129  131  131  132  132  133  132  131  131  131
  133  134  133  132  130  128  125  120  114  108  108  115  131  153  178  203
  228  255  282  309  334  355  372  387  403
    37.5-180.0 180.0   5.0 450.0                            LAT/LON1/LON2/DLON/H
  408  417  423  424  422  417  413  411  407  401  392  383  376  372  365  352
  332  308  286  267  252  238  221  201  179  159  140  124  109   94   81   72
   71   77   90  105  118  127  131  132  132  133  135  136  135  133  131  130
  130  129  127  125  122  120  118  115  111  108  111  123  143  169  195  220
  243  267  293  321  348  370  386  398  408
    35.0-180.0 180.0   5.0 450.0                            LAT/LON1/LON2/DLON/H
  412  414  412  406  397  389  385  386  389  389  387  385  384  382  376  363
  342  320  301  286  272  254  231  204  177  156  140  129  120  111  103   99
  100  108  119  130  138  140  139  137  135  136  138  138  136  132  127  123
  120  117  113  109  106  105  106  106  106  107  115  133  158  187  216  240
  261  281  305  331  358  381  397  407  412
    32.5-180.0 180.0   5.0 450.0                            LAT/LON1/LON2/DLON/H
  422  420  413  401  386  374  367  368  373  378  381  384  388  390  385  371
  352  332  316  302  286  263  233  200  173  157  152  153  157  159  160  162
  166  171  175  177  174  167  157  148  143  142  142  141  137  130  122  115
  108  101   95   89   87   87   91   95   99  106  120  143  175  209  241  265
  284  302  321  345  371  394  410  419  422
    30.0-180.0 180.0   5.0 450.0                            LAT/LON1/LON2/DLON/H
  448  447  440  426  408  390  379  375  376  378  381  385  391  395  390  377
  358  341  327  314  295  266  230  195  174  170  182  202  223  239  250  257
  261  259  253  240  223  202  182  165  155  150  148  145  138  129  117  106
   96   86   77   71   68   70   76   84   93  106  125  155  193  233  269  296
  315  331  348  369  392  415  433  443  448
    27.5-180.0 180.0   5.0 450.0                            LAT/LON1/LON2/DLON/H
  495  500  499  489  472  451  434  421  411  403  397  395  398  399  393  379
  361  347  335  321  299  266  228  198  187  201  234  274  312  340  358  367
  367  357  336  308  274  240  209  185  169  159  154  148  139  128  114  101
   88   76   65   57   54   57   66   77   89  106  131  167  212  258  299  331
  353  369  385  404  427  450  470  485  495
    25.0-180.0 180.0   5.0 450.0                            LAT/LON1/LON2/DLON/H
  563  579  589  590  578  558  535  510  485  459  436  421  413  407  396  380
  363  350  340  326  302  268  234  214  220  253  305  360  408  441  461  468
  461  440  405  362  315  271  232  202  181  168  159  150  141  128  114  100
   86   72   61   53   50   53   62   74   89  109  138  180  230  282  329  367
  394  415  433  452  474  498  522  543  563
    22.5-180.0 180.0   5.0 450.0                            LAT/LON1/LON2/DLON/H
  643  673  699  714  714  698  672  636  594  547  502  467  443  424  404  383
  366  354  345  332  309  280  256  251  273  322  385  445  491  520  533  533
  518  487  442  388  334  285  244  212  189  173  162  152  141  130  117  103
   89   77   65   57   54   56   64   76   92  114  147  192  247  304  357  401
  435  462  484  506  529  555  583  612  643
    20.0-180.0 180.0   5.0 450.0                            LAT/LON1/LON2/DLON/H
  722  767  809  841  855  848  822  780  723  656  590  533  488  453  423  395
  375  363  355  343  325  306  296  307  343  399  460  510  542  556  557  547
  525  487  437  381  328  282  244  215  193  177  164  153  142  132  122  110
   98   87   77   70   66   68   74   84   99  122  157  205  263  323  380  430
  471  506  533  557  583  612  644  681  722
    17.5-180.0 180.0   5.0 450.0                            LAT/LON1/LON2/DLON/H
  785  841  897  944  972  976  957  915  851  771  688  612  549  498  455  420
  396  382  374  364  354  347  353  377  419  469  514  541  548  540  525  506
  480  442  394  344  299  262  234  213  195  180  167  155  145  136  128  119
  109   99   92   86   83   83   87   96  110  133  169  219  278  340  398  451
  499  539  571  599  626  658  694  736  785
    15.0-180.0 180.0   5.0 450.0                            LAT/LON1/LON2/DLON/H
  821  881  945 1001 1040 1055 1047 1012  952  870  780  694  619  555  502  460
  431  414  404  397  395  402  421  452  489  521  537  532  508  477  448  425
  400  369  330  291  260  238  222  210  198  186  173  160  150  142  135  128
  120  112  107  104  101  101  103  110  123  146  183  234  293  354  412  466
  515  559  595  624  653  686  724  768  821
    12.5-180.0 180.0   5.0 450.0                            LAT/LON1/LON2/DLON/H
  824  882  945 1002 1045 1069 1073 1052 1005  935  851  767  689  619  559  512
  479  458  446  441  447  464  491  520  540  543  525  485  434  385  350  329
  313  293  268  245  229  221  217  212  206  196  183  170  158  150  144  137
  129  123  120  118  117  116  119  125  138  161  198  249  307  366  421  473
  522  566  602  632  661  693  731  774  824
    10.0-180.0 180.0   5.0 450.0                            LAT/LON1/LON2/DLON/H
  801  849  901  950  990 1018 1032 1028 1002  953  889  819  748  682  621  572
  536  512  497  493  503  527  554  571  565  535  482  414  346  292  261  250
  249  243  233  223  220  222  225  226  222  213  200  185  171  161  154  146
  139  133  130  129  129  129  132  139  152  176  213  263  320  376  428  476
  522  563  597  626  653  684  719  758  801
     7.5-180.0 180.0   5.0 450.0                            LAT/LON1/LON2/DLON/H
  762  796  831  865  895  919  939  951  948  928  891  843  790  734  680  632
  596  568  551  546  558  581  601  598  563  500  420  339  269  224  209  216
  231  239  240  239  242  248  252  252  247  237  222  204  188  177  168  158
  149  141  138  138  138  138  142  150  165  190  226  275  330  384  432  476
  518  555  586  611  636  665  697  729  762
     5.0-180.0 180.0   5.0 450.0                            LAT/LON1/LON2/DLON/H
  724  742  759  774  788  804  824  846  864  870  862  842  810  770  727  686
  651  622  602  595  605  623  629  602  538  450  358  279  225  203  211  239
  269  287  292  293  295  296  294  287  277  264  247  227  209  196  186  174
  162  152  147  145  144  144  148  158  175  201  237  284  337  388  434  475
  513  547  573  595  618  646  675  702  724
     2.5-180.0 180.0   5.0 450.0                            LAT/LON1/LON2/DLON/H
  700  707  708  706  704  707  722  747  776  802  818  822  812  789  758  726
  695  667  645  636  642  651  639  589  503  402  312  252  226  234  268  314
  354  375  378  373  366  357  344  327  309  291  271  251  232  219  207  194
  179  166  158  153  149  148  152  163  182  208  244  289  339  389  434  474
  510  541  565  585  607  634  662  686  700
