static/ion/2023-12-06.23i
     1.0            IONOSPHERE MAPS     GNSS                IONEX VERSION / TYPE
IONINX V5.5         AIUB                05-DEC-23 07:41     PGM / RUN BY / DATE 
CODE'S 2-DAY PREDICTED IONOSPHERE MAPS FOR DAY 340, 2023    COMMENT             
Global ionosphere maps (GIM) are generated on a daily basis DESCRIPTION         
at CODE using data from about 120 GNSS sites of the IGS and DESCRIPTION         
other institutions. The vertical total electron content     DESCRIPTION         
(VTEC) is modeled in a solar-geomagnetic reference frame    DESCRIPTION         
using a spherical harmonics expansion up to degree and      DESCRIPTION         
order 15. Piece-wise linear functions are used for          DESCRIPTION         
representation in the time domain. The time spacing of      DESCRIPTION         
their vertices is 1 hour, conforming with the epochs of the DESCRIPTION         
VTEC maps.                                                  DESCRIPTION         
To convert line-of-sight TEC into vertical TEC, a modified  DESCRIPTION         
single-layer model mapping function approximating the JPL   DESCRIPTION         
extended slab model mapping function is adopted. The        DESCRIPTION         
mapping function is evaluated at geodetic satellite         DESCRIPTION         
elevation angles. For the computation of the ionospheric    DESCRIPTION         
pierce points, a spherical layer with a radius of 6821 km   DESCRIPTION         
is assumed, implying geocentric, not geodetic IONEX         DESCRIPTION         
latitudes.                                                  DESCRIPTION         
Instrumental biases with respect to each involved GNSS code DESCRIPTION         
observable are estimated as constant values for each        DESCRIPTION         
day. They are modeled with one set of bias parameters for   DESCRIPTION         
each satellite and each station in case of GPS and for each DESCRIPTION         
satellite-station link in case of GLONASS. The code bias    DESCRIPTION         
datum is defined by zero-mean conditions imposed on the     DESCRIPTION         
satellite bias estimates. In this file, just GPS C1W-C2W    DESCRIPTION         
satellite and station bias values are included. The         DESCRIPTION         
complete set of GNSS code bias results is provided in an    DESCRIPTION         
additional Bias-SINEX file as pseudo-absolute values        DESCRIPTION         
specific to each observable.                                DESCRIPTION         
Contact address: code(at)aiub.unibe.ch                      DESCRIPTION         
Data archive:    ftp.aiub.unibe.ch/CODE/                    DESCRIPTION         
                 www.aiub.unibe.ch/download/CODE/           DESCRIPTION         
  2023    12     6     0     0     0                        EPOCH OF FIRST MAP  
  2023    12     7     0     0     0                        EPOCH OF LAST MAP   
  3600                                                      INTERVAL            
    25                                                      # OF MAPS IN FILE   
  NONE                                                      MAPPING FUNCTION    
    10.0                                                    ELEVATION CUTOFF    
One-way carrier phase leveled to code                       OBSERVABLES USED    
  6371.0                                                    BASE RADIUS         
     2                                                      MAP DIMENSION       
   450.0 450.0   0.0                                        HGT1 / HGT2 / DHGT  
    87.5 -87.5  -2.5                                        LAT1 / LAT2 / DLAT  
  -180.0 180.0   5.0                                        LON1 / LON2 / DLON  
    -1                                                      EXPONENT            
TEC/RMS values in 0.1 TECU; 9999, if no value available     COMMENT             
                                                            END OF HEADER       
[from data line 8580]
    21                                                      START OF TEC MAP    
  2023    12     6    20     0     0                        EPOCH OF CURRENT MAP
    87.5-180.0 180.0   5.0 450.0                            LAT/LON1/LON2/DLON/H
  132  132  133  133  134  135  135  136  137  137  138  138  138  138  138  138
  138  137  137  136  135  134  133  132  131  129  128  127  126  124  123  122
  121  120  119  118  118  117  117  116  116  116  116  116  117  117  117  118
  119  119  120  121  122  122  123  124  125  125  126  126  127  127  128  128
  128  129  129  129  130  130  131  131  132
    85.0-180.0 180.0   5.0 450.0                            LAT/LON1/LON2/DLON/H
  120  121  122  124  126  128  130  133  135  138  140  142  143  144  145  145
  144  143  142  140  138  135  133  130  127  125  122  119  117  114  112  110
  108  106  104  103  102  101  100   99   99   99  100  100  101  102  104  105
  107  109  111  113  115  117  119  120  122  123  123  124  124  124  123  123
  122  121  120  120  119  119  119  119  120
    82.5-180.0 180.0   5.0 450.0                            LAT/LON1/LON2/DLON/H
   97   98  100  103  106  111  116  122  127  132  137  142  145  148  149  149
  148  146  144  140  136  132  128  123  119  115  111  108  105  102  100   97
   95   94   92   90   89   88   87   86   85   85   86   87   88   90   92   95
   98  102  106  109  112  116  118  120  122  123  123  123  122  120  118  115
  113  110  106  104  101   99   97   97   97
    80.0-180.0 180.0   5.0 450.0                            LAT/LON1/LON2/DLON/H
   68   69   71   75   81   88   97  106  116  125  133  141  147  151  153  153
  151  148  143  138  131  125  118  112  107  102   98   95   92   91   89   88
   88   87   86   85   84   82   81   80   79   78   78   79   81   83   86   90
   94   99  104  109  113  117  120  123  124  125  124  122  120  117  113  108
  103   97   91   86   80   76   72   70   68
    77.5-180.0 180.0   5.0 450.0                            LAT/LON1/LON2/DLON/H
   44   44   46   51   58   68   80   93  106  120  132  143  152  157  160  159
  156  150  143  134  125  116  107  100   93   88   85   83   82   82   82   84
   85   86   87   87   86   85   84   82   81   80   79   79   80   82   85   89
   94  100  105  111  116  120  123  125  126  125  124  121  117  112  107  101
   94   87   80   72   65   58   52   47   44
    75.0-180.0 180.0   5.0 450.0                            LAT/LON1/LON2/DLON/H
   33   31   32   37   45   56   71   87  104  122  138  152  162  169  172  170
  165  157  147  135  123  111  100   91   83   78   74   73   73   75   78   81
   85   88   91   92   93   93   92   90   88   86   84   83   83   85   88   92
   97  103  108  114  119  122  124  125  124  122  119  115  111  106  101   95
   89   82   75   67   59   50   43   37   33
    72.5-180.0 180.0   5.0 450.0                            LAT/LON1/LON2/DLON/H
   37   34   34   38   47   59   74   93  113  133  152  168  180  188  191  189
  182  171  158  144  129  114  101   90   81   74   70   68   69   71   75   79
   84   89   93   96   98   99   98   96   94   92   90   88   88   88   91   94
   99  105  110  115  118  121  121  120  117  113  109  105  101   97   93   90
   86   82   77   71   64   56   49   42   37
    70.0-180.0 180.0   5.0 450.0                            LAT/LON1/LON2/DLON/H
   55   52   52   56   63   76   92  111  132  153  174  192  205  214  217  215
  207  195  181  164  147  131  115  101   89   80   73   68   67   68   70   75
   80   85   90   94   96   98   98   97   95   93   91   89   88   88   90   93
   97  102  107  111  113  113  112  109  104   99   94   89   86   84   84   84
   85   85   84   81   77   72   66   60   55
    67.5-180.0 180.0   5.0 450.0                            LAT/LON1/LON2/DLON/H
   81   79   80   84   92  104  119  138  159  181  202  220  235  245  249  247
  240  229  214  197  179  160  142  125  109   95   83   74   68   66   66   68
   71   75   80   83   86   88   89   89   88   86   85   83   82   82   83   86
   89   93   97  100  101  101   98   93   87   80   75   71   69   70   73   77
   82   87   90   92   92   90   87   84   81
    65.0-180.0 180.0   5.0 450.0                            LAT/LON1/LON2/DLON/H
  105  107  110  117  125  138  153  171  190  211  231  250  265  276  282  283
  278  268  255  238  220  200  179  158  137  117  100   85   74   67   63   61
   62   64   66   68   70   72   73   73   73   72   71   70   70   69   70   72
   75   78   81   84   85   83   80   74   68   61   56   53   53   55   61   69
   77   85   92   98  101  103  104  104  105
    62.5-180.0 180.0   5.0 450.0                            LAT/LON1/LON2/DLON/H
  120  127  135  145  157  171  186  203  222  241  260  277  293  306  314  317
  316  309  298  283  265  244  221  196  170  145  121  101   85   73   65   60
   57   55   55   54   54   54   54   54   55   55   54   54   53   52   52   53
   55   58   62   64   65   65   62   57   51   45   41   39   40   44   51   60
   69   78   86   93   99  104  109  114  120
    60.0-180.0 180.0   5.0 450.0                            LAT/LON1/LON2/DLON/H
  121  134  149  165  181  198  215  232  250  267  284  300  316  329  340  346
  348  345  336  323  306  285  260  232  203  173  145  121  101   86   75   67
   61   56   51   47   44   41   39   38   38   38   38   38   37   36   35   35
   36   39   42   45   47   48   46   44   40   36   33   32   34   38   44   52
   59   67   73   79   85   92  100  110  121
    57.5-180.0 180.0   5.0 450.0                            LAT/LON1/LON2/DLON/H
  111  131  152  175  197  219  239  257  274  289  304  318  332  346  358  367
  372  371  365  354  338  317  291  262  230  199  169  143  122  106   94   84
   75   66   58   50   43   37   33   30   29   29   29   28   26   24   22   21
   21   23   27   30   33   36   37   36   35   34   33   34   36   39   43   47
   50   53   56   59   63   70   80   94  111
    55.0-180.0 180.0   5.0 450.0                            LAT/LON1/LON2/DLON/H
   95  121  149  178  207  234  258  279  296  309  321  332  344  357  369  379
  385  386  381  371  356  336  311  283  252  220  191  167  147  132  119  108
   97   85   73   62   51   42   36   32   29   28   27   26   24   21   18   15
   15   16   19   23   27   31   34   36   38   39   40   42   43   45   46   46
   44   42   39   38   40   46   57   74   95
    52.5-180.0 180.0   5.0 450.0                            LAT/LON1/LON2/DLON/H
   84  113  146  181  215  247  275  299  317  329  338  346  354  364  375  384
  389  389  384  375  361  344  322  296  267  238  212  189  172  158  146  133
  120  105   91   77   64   54   46   41   38   36   35   33   30   26   22   19
   18   19   21   24   28   33   37   41   45   49   52   54   55   55   53   49
   44   36   29   24   23   28   40   59   84
    50.0-180.0 180.0   5.0 450.0                            LAT/LON1/LON2/DLON/H
   83  115  150  188  225  261  293  320  339  351  357  361  365  371  378  384
  387  385  379  370  359  345  327  305  280  254  230  209  193  178  165  151
  135  118  102   88   76   67   59   54   50   49   48   46   43   39   35   32
   30   30   32   34   37   40   45   50   55   60   64   66   67   66   63   57
   48   38   28   21   19   25   37   57   83
    47.5-180.0 180.0   5.0 450.0                            LAT/LON1/LON2/DLON/H
   98  130  165  202  241  278  313  342  363  374  378  378  377  379  382  385
  384  379  372  363  355  345  332  315  293  269  246  224  206  189  172  154
  136  118  103   91   82   75   70   66   63   62   62   61   59   55   51   48
   47   47   47   48   49   51   55   59   65   70   74   76   76   75   72   66
   57   47   37   31   30   36   51   72   98
    45.0-180.0 180.0   5.0 450.0                            LAT/LON1/LON2/DLON/H
  126  157  190  225  262  299  334  364  386  398  400  397  393  390  390  389
  384  377  368  361  356  350  342  328  309  285  259  233  210  187  166  144
  123  106   93   85   81   79   76   74   73   73   73   74   73   70   67   66
   65   65   65   64   63   63   65   68   72   77   80   82   82   81   79   75
   68   60   53   49   51   61   77  100  126
    42.5-180.0 180.0   5.0 450.0                            LAT/LON1/LON2/DLON/H
  162  190  220  252  285  320  354  384  407  420  421  416  409  405  402  397
  390  381  372  367  365  364  359  347  327  300  269  237  206  177  150  125
  104   88   80   77   79   81   81   80   79   80   81   83   83   82   80   80
   80   80   79   77   74   73   73   75   78   80   82   83   83   83   83   81
   78   74   70   70   76   90  111  135  162
    40.0-180.0 180.0   5.0 450.0                            LAT/LON1/LON2/DLON/H
  196  224  251  279  308  338  370  399  422  435  437  432  425  420  416  411
  402  392  385  382  383  385  382  369  346  315  278  238  200  165  135  110
   92   81   77   80   85   90   91   89   87   86   87   89   90   90   89   90
   91   91   89   86   83   80   79   80   81   82   82   82   81   82   83   85
   85   84   84   87   98  117  142  169  196
    37.5-180.0 180.0   5.0 450.0                            LAT/LON1/LON2/DLON/H
  223  251  277  302  327  352  380  407  430  443  446  442  436  433  430  426
  418  409  403  402  406  408  404  389  363  328  286  241  199  163  134  114
  102   97   99  105  112  115  113  107  100   96   95   96   97   97   97   97
   98   97   95   91   88   85   84   84   84   84   82   81   79   79   82   86
   89   90   91   98  113  136  164  194  223
    35.0-180.0 180.0   5.0 450.0                            LAT/LON1/LON2/DLON/H
  239  268  294  318  340  362  385  409  430  443  447  446  443  442  442  440
  433  425  421  422  426  427  420  403  375  338  296  252  212  180  159  148
  146  149  155  161  165  162  153  138  124  114  110  109  108  107  106  105
  105  103   99   95   92   90   90   89   88   87   85   82   79   78   81   85
   89   91   93  101  118  144  176  208  239
    32.5-180.0 180.0   5.0 450.0                            LAT/LON1/LON2/DLON/H
  246  276  304  328  349  368  387  408  427  440  445  445  445  448  451  450
  445  439  435  436  439  436  426  407  381  348  312  275  244  223  215  218
  227  237  245  247  242  230  209  184  160  143  134  130  127  124  121  118
  115  111  105  100   97   97   98   97   95   93   90   87   83   80   81   85
   88   90   92   99  117  145  179  213  246
    30.0-180.0 180.0   5.0 450.0                            LAT/LON1/LON2/DLON/H
  249  280  310  337  358  375  391  409  425  437  442  444  447  452  457  457
  452  446  442  441  440  433  420  403  382  360  337  314  298  292  300  318
  337  352  357  350  334  308  275  239  207  182  168  160  154  149  144  139
  132  124  115  109  107  108  109  108  105  103  100   96   91   86   85   87
   89   90   91   98  117  145  180  215  249
    27.5-180.0 180.0   5.0 450.0                            LAT/LON1/LON2/DLON/H
  253  286  318  347  370  387  402  417  432  442  447  449  453  458  463  462
  456  448  442  438  432  421  407  395  386  380  374  370  371  381  403  431
  457  471  469  452  422  383  340  295  255  226  207  196  188  181  174  166
  157  145  133  125  122  123  124  121  118  114  112  108  102   96   92   92
   93   93   95  103  122  151  185  220  253
    25.0-180.0 180.0   5.0 450.0                            LAT/LON1/LON2/DLON/H
  265  298  331  363  388  407  422  436  450  460  464  465  468  472  475  471
  461  450  440  431  420  406  395  391  397  410  425  439  455  477  507  538
  563  571  558  528  486  437  387  339  297  265  245  232  223  215  207  198
  186  171  156  146  142  142  141  137  131  127  125  122  116  108  102  100
  100  102  105  116  136  166  200  233  265
    22.5-180.0 180.0   5.0 450.0                            LAT/LON1/LON2/DLON/H
  287  318  352  385  413  434  452  468  482  492  496  496  497  499  497  488
  474  458  443  429  413  399  392  401  424  455  487  515  540  565  592  618
  632  629  604  561  511  458  408  361  322  293  274  262  253  245  237  229
  216  200  183  170  165  164  161  153  145  140  138  136  130  121  113  109
  110  113  121  136  160  192  225  257  287
    20.0-180.0 180.0   5.0 450.0                            LAT/LON1/LON2/DLON/H
  315  345  378  413  444  468  490  509  526  538  542  542  541  539  532  519
  499  478  458  439  420  408  409  430  468  513  555  589  613  632  647  656
  653  634  596  546  492  441  397  360  329  305  290  280  273  266  260  252
  241  225  208  195  188  185  179  168  157  150  148  146  141  131  122  118
  119  126  139  160  189  223  257  287  315
    17.5-180.0 180.0   5.0 450.0                            LAT/LON1/LON2/DLON/H
  346  375  408  443  476  505  531  555  577  592  598  598  596  592  581  563
  540  514  490  467  448  438  448  480  528  579  623  653  668  671  665  650
  626  590  543  490  438  395  363  338  318  302  292  285  279  274  270  265
  257  243  228  215  208  204  195  182  168  158  155  154  148  139  129  124
  126  137  155  182  216  254  289  319  346
    15.0-180.0 180.0   5.0 450.0                            LAT/LON1/LON2/DLON/H
  373  403  436  471  506  539  570  601  628  648  657  659  658  652  640  620
  594  566  539  514  495  490  507  546  597  646  682  700  700  683  651  611
  565  516  464  413  369  338  318  307  298  291  285  280  275  271  269  267
  263  253  241  230  223  218  208  193  176  165  160  157  152  143  132  127
  130  143  166  199  238  278  315  346  373
    12.5-180.0 180.0   5.0 450.0                            LAT/LON1/LON2/DLON/H
  394  425  459  495  532  568  604  640  673  697  711  716  717  713  702  682
  656  628  600  575  558  558  580  621  667  706  727  729  712  674  620  558
  496  439  388  343  310  290  282  281  281  279  276  272  267  263  261  261
  260  255  247  239  234  229  219  202  184  170  162  158  152  143  133  127
  130  145  171  208  250  292  330  364  394
    10.0-180.0 180.0   5.0 450.0                            LAT/LON1/LON2/DLON/H
  405  439  475  513  551  589  628  668  705  734  752  761  765  764  757  741
  718  692  665  642  627  630  654  691  728  750  753  740  709  658  590  513
  442  385  340  306  283  272  271  276  279  279  275  269  262  256  253  254
  256  255  250  245  241  237  227  211  192  176  165  157  150  142  132  126
  129  144  172  210  253  296  336  371  405
     7.5-180.0 180.0   5.0 450.0                            LAT/LON1/LON2/DLON/H
  409  447  486  525  563  603  644  686  725  756  776  788  796  801  799  788
  770  748  724  703  691  696  718  748  770  775  762  738  702  647  574  495
  424  373  340  317  301  294  294  298  299  296  289  279  268  259  254  253
  256  256  254  251  249  244  235  220  201  182  168  157  149  140  132  126
  129  143  172  209  252  294  334  372  409
     5.0-180.0 180.0   5.0 450.0                            LAT/LON1/LON2/DLON/H
  409  451  492  532  572  611  653  694  733  763  783  798  809  819  822  818
  805  788  768  751  741  746  765  785  792  781  758  731  698  649  584  511
  449  410  388  374  363  354  349  346  341  332  319  305  291  278  268  265
  265  266  264  261  258  253  245  230  211  191  173  160  149  141  134  129
  132  147  174  210  250  290  329  368  409
     2.5-180.0 180.0   5.0 450.0                            LAT/LON1/LON2/DLON/H
  408  452  495  537  577  617  657  697  732  759  778  792  806  819  828  828
  821  809  794  780  773  777  790  800  795  774  747  724  702  668  617  558
  509  483  472  465  453  438  424  412  399  383  365  346  328  312  299  291
  287  284  280  276  270  264  255  241  222  201  181  165  154  146  140  137
  141  156  183  217  253  290  326  366  408
