static/ion/2023-12-13.23i
     1.0            IONOSPHERE MAPS     GNSS                IONEX VERSION / TYPE
IONINX V5.5         AIUB                12-DEC-23 07:37     PGM / RUN BY / DATE 
CODE'S 2-DAY PREDICTED IONOSPHERE MAPS FOR DAY 347, 2023    COMMENT             
Global ionosphere maps (GIM) are generated on a daily basis DESCRIPTION         
at CODE using data from about 120 GNSS sites of the IGS and DESCRIPTION         
other institutions. The vertical total electron content     DESCRIPTION         
(VTEC) is modeled in a solar-geomagnetic reference frame    DESCRIPTION         
using a spherical harmonics expansion up to degree and      DESCRIPTION         
order 15. Piece-wise linear functions are used for          DESCRIPTION         
representation in the time domain. The time spacing of      DESCRIPTION         
their vertices is 1 hour, conforming with the epochs of the DESCRIPTION         
VTEC maps.                                                  DESCRIPTION         
To convert line-of-sight TEC into vertical TEC, a modified  DESCRIPTION         
single-layer model mapping function approximating the JPL   DESCRIPTION         
extended slab model mapping function is adopted. The        DESCRIPTION         
mapping function is evaluated at geodetic satellite         DESCRIPTION         
elevation angles. For the computation of the ionospheric    DESCRIPTION         
pierce points, a spherical layer with a radius of 6821 km   DESCRIPTION         
is assumed, implying geocentric, not geodetic IONEX         DESCRIPTION         
latitudes.                                                  DESCRIPTION         
Instrumental biases with respect to each involved GNSS code DESCRIPTION         
observable are estimated as constant values for each        DESCRIPTION         
day. They are modeled with one set of bias parameters for   DESCRIPTION         
each satellite and each station in case of GPS and for each DESCRIPTION         
satellite-station link in case of GLONASS. The code bias    DESCRIPTION         
datum is defined by zero-mean conditions imposed on the     DESCRIPTION         
satellite bias estimates. In this file, just GPS C1W-C2W    DESCRIPTION         
satellite and station bias values are included. The         DESCRIPTION         
complete set of GNSS code bias results is provided in an    DESCRIPTION         
additional Bias-SINEX file as pseudo-absolute values        DESCRIPTION         
specific to each observable.                                DESCRIPTION         
Contact address: code(at)aiub.unibe.ch                      DESCRIPTION         
Data archive:    ftp.aiub.unibe.ch/CODE/                    DESCRIPTION         
                 www.aiub.unibe.ch/download/CODE/           DESCRIPTION         
  2023    12    13     0     0     0                        EPOCH OF FIRST MAP  
  2023    12    14     0     0     0                        EPOCH OF LAST MAP   
  3600                                                      INTERVAL            
    25                                                      # OF MAPS IN FILE   
  NONE                                                      MAPPING FUNCTION    
    10.0                                                    ELEVATION CUTOFF    
One-way carrier phase leveled to code                       OBSERVABLES USED    
  6371.0                                                    BASE RADIUS         
     2                                                      MAP DIMENSION       
   450.0 450.0   0.0                                        HGT1 / HGT2 / DHGT  
    87.5 -87.5  -2.5                                        LAT1 / LAT2 / DLAT  
  -180.0 180.0   5.0                                        LON1 / LON2 / DLON  
    -1                                                      EXPONENT            
TEC/RMS values in 0.1 TECU; 9999, if no value available     COMMENT             
                                                            END OF HEADER       
[from data line 1287]
     4                                                      START OF TEC MAP    
  2023    12    13     3     0     0                        EPOCH OF CURRENT MAP
    87.5-180.0 180.0   5.0 450.0                            LAT/LON1/LON2/DLON/H
  101  100  100   99   99   98   98   98   97   97   97   96   96   96   95   95
   95   95   94   94   94   93   93   92   92   92   91   91   90   90   89   89
   89   88   88   88   88   88   88   88   88   88   88   89   89   90   90   91
   91   92   93   94   95   96   96   97   98   99  100  100  101  101  102  102
  102  103  103  102  102  102  102  101  101
    85.0-180.0 180.0   5.0 450.0                            LAT/LON1/LON2/DLON/H
  106  104  102  101   99   98   97   96   95   95   95   95   95   95   95   95
   95   95   95   94   94   93   93   92   91   90   89   88   86   85   84   83
   83   82   81   81   80   80   80   80   80   80   80   81   81   82   83   84
   86   87   89   91   93   96   98  101  103  105  107  109  111  112  114  114
  114  114  114  113  112  111  109  107  106
    82.5-180.0 180.0   5.0 450.0                            LAT/LON1/LON2/DLON/H
  111  107  103  100   97   94   92   91   90   90   90   90   91   92   93   94
   95   96   96   96   95   95   94   92   90   88   87   85   83   81   79   78
   77   76   75   74   74   74   74   74   74   73   74   74   74   75   76   77
   79   81   84   87   91   95   99  104  109  114  118  122  125  128  130  132
  132  132  130  128  126  122  119  115  111
    80.0-180.0 180.0   5.0 450.0                            LAT/LON1/LON2/DLON/H
  118  111  105   99   94   90   86   84   83   83   83   84   86   88   90   92
   94   95   96   97   97   96   94   92   90   87   84   82   79   77   75   73
   72   71   71   71   71   71   71   71   71   70   70   69   69   69   69   70
   72   74   78   82   88   94  101  108  116  123  131  137  143  148  152  154
  155  154  152  148  144  138  132  125  118
    77.5-180.0 180.0   5.0 450.0                            LAT/LON1/LON2/DLON/H
  129  119  109  101   93   87   82   79   77   76   76   77   79   82   84   87
   90   93   95   96   96   96   95   93   90   86   83   80   76   74   71   70
   69   69   69   69   70   71   72   72   72   71   70   69   67   66   65   65
   66   69   73   78   85   93  102  112  123  134  144  154  162  169  175  178
  180  179  176  171  165  157  148  139  129
    75.0-180.0 180.0   5.0 450.0                            LAT/LON1/LON2/DLON/H
  143  130  118  107   97   89   82   77   74   72   71   71   72   73   76   79
   83   86   90   92   94   94   94   92   90   86   83   79   76   73   71   69
   69   69   70   71   72   74   75   76   75   75   73   71   68   66   64   63
   64   66   70   76   84   94  106  118  131  145  157  170  180  189  196  201
  203  203  201  195  188  179  168  156  143
    72.5-180.0 180.0   5.0 450.0                            LAT/LON1/LON2/DLON/H
  160  145  130  117  105   95   86   80   74   70   67   65   64   64   65   68
   72   76   81   85   89   91   92   91   89   87   84   80   77   75   73   71
   70   71   71   73   75   77   79   80   80   79   77   75   71   68   66   64
   64   66   71   78   87   98  111  126  140  155  170  183  195  206  214  220
  223  224  222  217  210  200  188  174  160
    70.0-180.0 180.0   5.0 450.0                            LAT/LON1/LON2/DLON/H
  177  161  144  129  115  103   93   85   78   72   66   61   57   54   54   55
   58   63   70   76   81   86   88   89   89   87   85   83   80   78   76   74
   73   73   73   74   76   78   81   82   83   83   81   78   75   71   68   67
   67   70   76   84   94  106  120  135  150  165  180  194  206  217  226  232
  237  239  238  234  228  219  207  193  177
    67.5-180.0 180.0   5.0 450.0                            LAT/LON1/LON2/DLON/H
  192  175  157  140  125  112  101   92   84   76   68   60   52   46   43   43
   45   51   58   66   73   79   83   86   87   87   86   85   83   81   79   77
   75   73   73   73   75   77   80   82   83   84   82   80   76   73   70   70
   71   76   83   92  104  117  131  146  161  175  189  202  213  223  232  239
  244  247  248  247  242  234  223  209  192
    65.0-180.0 180.0   5.0 450.0                            LAT/LON1/LON2/DLON/H
  205  186  167  149  132  118  106   97   88   80   70   60   50   42   36   34
   36   41   49   58   66   72   77   80   82   83   84   84   83   82   80   77
   75   72   71   70   71   73   76   79   81   82   81   78   75   72   71   71
   75   81   90  102  115  129  144  158  172  185  197  208  218  226  234  241
  247  252  255  255  252  245  235  221  205
    62.5-180.0 180.0   5.0 450.0                            LAT/LON1/LON2/DLON/H
  215  196  175  154  136  121  109   99   91   83   73   63   51   41   34   30
   32   37   45   53   60   66   70   73   75   76   78   80   80   80   78   75
   72   69   67   66   67   69   72   75   78   78   77   75   72   69   68   70
   76   85   97  111  127  142  157  171  184  195  205  214  222  229  236  243
  250  255  259  261  260  255  245  232  215
    60.0-180.0 180.0   5.0 450.0                            LAT/LON1/LON2/DLON/H
  225  204  182  160  139  122  109   99   91   84   76   65   54   44   36   33
   34   38   45   51   56   60   62   63   65   67   69   72   74   75   74   71
   68   66   64   63   65   67   70   73   75   75   73   70   66   63   62   66
   74   86  102  119  137  154  169  183  195  206  214  221  228  234  240  246
  253  260  265  268  268  263  255  242  225
    57.5-180.0 180.0   5.0 450.0                            LAT/LON1/LON2/DLON/H
  235  215  192  168  145  125  109   98   91   84   77   68   59   50   43   40
   41   44   48   52   54   55   54   53   54   56   60   64   67   68   68   67
   65   64   63   64   66   68   71   73   74   73   70   65   60   56   56   60
   71   86  105  125  145  164  181  196  208  217  225  231  236  241  246  253
  260  267  272  276  276  272  264  252  235
    55.0-180.0 180.0   5.0 450.0                            LAT/LON1/LON2/DLON/H
  248  230  208  183  157  134  115  101   91   84   77   70   63   56   51   49
   49   51   53   54   53   51   47   45   45   48   52   57   60   63   63   64
   64   65   67   70   72   75   77   77   77   74   69   62   55   50   50   55
   68   85  107  130  153  174  192  207  220  230  237  243  247  250  255  261
  267  274  280  283  283  280  273  262  248
    52.5-180.0 180.0   5.0 450.0                            LAT/LON1/LON2/DLON/H
  262  248  229  205  178  151  128  109   96   86   78   72   65   60   57   56
   56   57   57   56   52   48   44   42   42   45   49   54   58   60   62   64
   66   70   75   79   83   85   85   84   82   77   70   61   53   47   47   53
   67   87  111  136  160  183  202  219  233  243  250  255  257  260  263  267
  273  280  285  288  288  285  280  272  262
    50.0-180.0 180.0   5.0 450.0                            LAT/LON1/LON2/DLON/H
  275  267  253  232  205  176  149  125  106   91   81   72   66   62   60   59
   59   59   58   56   52   48   45   44   45   49   53   57   60   62   64   67
   72   78   85   91   95   96   95   92   88   82   74   64   55   49   49   57
   72   93  118  144  169  192  213  230  244  255  262  265  266  267  268  270
  275  280  284  287  286  284  282  279  275
    47.5-180.0 180.0   5.0 450.0                            LAT/LON1/LON2/DLON/H
  281  281  273  258  234  204  174  145  120  100   84   73   66   62   60   59
   58   57   56   55   54   53   53   54   56   60   64   66   68   68   70   73
   79   87   96  103  106  106  103   99   93   87   79   70   62   57   57   66
   82  104  129  154  179  202  222  240  254  265  271  272  271  269  267  268
  270  273  277  278  277  276  277  279  281
    45.0-180.0 180.0   5.0 450.0                            LAT/LON1/LON2/DLON/H
  278  284  284  274  254  227  196  165  136  110   90   75   66   61   58   56
   55   54   55   57   60   63   66   70   73   76   78   79   78   77   77   80
   86   95  103  110  113  111  107  102   97   92   86   79   72   68   70   80
   97  119  143  167  189  210  230  247  261  271  276  276  273  268  263  261
  260  262  263  264  263  262  264  270  278
    42.5-180.0 180.0   5.0 450.0                            LAT/LON1/LON2/DLON/H
  265  274  278  274  259  236  209  178  147  119   95   78   67   61   57   55
   53   53   56   62   70   78   85   90   92   93   93   91   88   85   84   87
   92   99  107  112  114  112  107  103  100   97   93   88   83   80   84   96
  114  136  158  179  198  217  235  251  265  274  278  277  272  265  259  254
  252  251  251  250  248  247  249  255  265
    40.0-180.0 180.0   5.0 450.0                            LAT/LON1/LON2/DLON/H
  246  254  258  255  245  227  205  179  151  123   99   81   70   64   60   57
   55   56   62   73   86   98  106  109  110  108  104  100   96   93   91   92
   96  101  106  110  110  108  104  102  101  101  100   97   93   92   98  111
  130  152  172  189  205  221  237  253  266  275  279  278  273  266  260  255
  251  249  247  245  242  238  237  240  246
    37.5-180.0 180.0   5.0 450.0                            LAT/LON1/LON2/DLON/H
  231  231  228  223  214  201  185  166  143  120   99   84   75   70   67   64
   63   66   75   90  106  118  125  126  122  116  110  105  101   99   98   98
  100  102  104  105  104  102  100  100  102  105  106  104  101  100  107  122
  142  163  182  196  209  223  238  253  267  277  282  282  280  276  273  269
  266  264  262  259  253  246  239  234  231
    35.0-180.0 180.0   5.0 450.0                            LAT/LON1/LON2/DLON/H
  231  216  203  189  176  165  154  142  126  110   95   84   80   79   78   76
   76   80   92  108  125  136  139  135  127  119  112  107  105  105  106  107
  107  105  103  102  100   98   98  100  104  109  110  108  104  103  110  127
  149  170  188  201  212  224  238  255  270  282  290  295  297  300  302  303
  303  302  300  297  289  277  262  246  231
    32.5-180.0 180.0   5.0 450.0                            LAT/LON1/LON2/DLON/H
  255  224  195  169  148  134  124  115  106   95   87   83   84   87   89   89
   90   96  108  124  139  147  145  137  127  118  112  110  111  115  119  120
  118  113  107  102   99   98   98  101  106  111  112  107  101  100  108  126
  151  174  192  205  215  228  243  262  280  296  308  318  327  338  348  356
  361  363  363  360  352  337  314  285  255
    30.0-180.0 180.0   5.0 450.0                            LAT/LON1/LON2/DLON/H
  309  263  218  178  145  122  107   98   90   83   79   80   86   93   98  100
  102  108  120  134  145  149  144  135  124  118  115  118  123  131  137  139
  135  126  117  109  104  102  102  104  108  111  109  103   95   93  102  123
  150  176  196  211  223  237  255  277  299  320  337  352  369  388  408  424
  435  442  445  444  437  419  391  353  309
    27.5-180.0 180.0   5.0 450.0                            LAT/LON1/LON2/DLON/H
  392  336  279  226  180  144  118  101   88   80   77   80   87   96  102  106
  108  114  123  135  143  144  138  131  125  124  127  134  144  154  161  163
  157  145  131  120  113  109  107  107  108  108  104   95   86   84   96  120
  151  181  204  222  237  255  277  303  329  354  376  397  420  447  474  498
  515  526  533  536  532  516  486  443  392
    25.0-180.0 180.0   5.0 450.0                            LAT/LON1/LON2/DLON/H
  492  435  374  313  255  205  164  132  109   93   85   85   91   98  104  107
  108  112  120  128  134  135  133  132  135  142  151  161  172  182  189  189
  180  165  148  134  123  116  111  108  105  102   96   86   77   77   92  120
  156  190  218  240  260  283  309  338  369  398  423  448  474  505  537  566
  587  602  613  620  622  610  584  543  492
    22.5-180.0 180.0   5.0 450.0                            LAT/LON1/LON2/DLON/H
  594  545  489  428  363  300  242  193  154  126  109  101  101  103  106  107
  107  109  113  119  125  129  135  144  157  172  186  196  205  211  215  212
  201  183  163  146  133  122  113  106  100   95   87   77   70   74   93  126
  167  205  237  264  290  317  348  380  414  445  473  498  525  557  589  619
  640  656  670  683  691  687  669  637  594
    20.0-180.0 180.0   5.0 450.0                            LAT/LON1/LON2/DLON/H
  680  646  604  551  486  414  342  276  221  179  150  132  122  117  115  113
  111  110  112  117  125  135  150  170  192  213  227  234  236  237  234  227
  213  194  173  153  138  125  113  102   93   86   79   72   68   76  100  138
  182  224  261  293  324  356  389  424  459  491  519  543  568  595  624  650
  668  683  697  714  728  733  726  707  680
    17.5-180.0 180.0   5.0 450.0                            LAT/LON1/LON2/DLON/H
  734  721  698  659  601  528  448  369  302  247  206  177  157  144  137  132
  128  125  126  131  142  158  181  209  236  258  268  268  261  253  243  231
  215  195  174  155  138  123  110   97   88   80   75   70   70   83  112  154
  201  245  285  321  357  393  428  463  498  529  556  578  598  619  641  659
  671  681  694  712  730  743  747  742  734
    15.0-180.0 180.0   5.0 450.0                            LAT/LON1/LON2/DLON/H
  749  756  754  734  689  622  541  458  383  321  272  234  206  187  176  169
  164  160  161  166  179  200  227  257  283  299  301  290  274  256  240  224
  206  187  167  150  134  120  106   94   85   78   74   72   77   93  126  171
  219  265  306  345  385  423  459  493  526  556  581  600  615  629  643  652
  656  659  667  684  704  722  734  742  749
    12.5-180.0 180.0   5.0 450.0                            LAT/LON1/LON2/DLON/H
  730  751  767  764  736  681  608  529  455  392  340  298  265  243  231  224
  219  216  217  223  236  257  282  307  325  330  320  299  273  248  226  207
  189  172  156  142  129  116  104   94   86   81   78   78   85  105  140  186
  234  279  321  362  404  444  480  511  541  569  592  609  620  630  636  637
  633  628  632  645  664  682  697  712  730
    10.0-180.0 180.0   5.0 450.0                            LAT/LON1/LON2/DLON/H
  690  717  743  754  741  702  642  574  509  452  402  360  328  307  296  292
  290  288  288  294  305  320  337  350  354  344  322  292  261  232  207  187
  170  157  145  135  125  115  106   97   91   87   85   86   95  116  151  197
  244  288  329  371  414  455  489  518  544  569  591  608  619  626  629  625
  615  605  602  611  626  641  654  669  690
     7.5-180.0 180.0   5.0 450.0                            LAT/LON1/LON2/DLON/H
  648  672  699  717  716  691  648  595  543  495  452  414  386  369  363  362
  363  362  363  366  372  378  381  378  365  341  310  276  243  214  190  170
  156  146  139  132  125  118  111  105  100   96   93   94  103  125  160  204
  249  291  331  373  416  457  489  514  537  560  582  600  614  624  627  623
  611  598  592  596  606  615  622  631  648
     5.0-180.0 180.0   5.0 450.0                            LAT/LON1/LON2/DLON/H
  622  638  658  675  679  666  637  599  559  521  486  454  431  419  418  421
  425  425  425  424  422  417  405  385  358  324  289  256  227  202  180  162
  149  142  139  135  130  124  118  113  108  103   99  100  109  131  166  209
  251  291  329  370  413  452  483  505  525  546  569  591  610  625  634  634
  625  614  607  608  613  616  616  616  622
     2.5-180.0 180.0   5.0 450.0                            LAT/LON1/LON2/DLON/H
  627  630  639  649  652  644  624  597  567  536  505  478  458  451  452  458
  462  463  461  456  446  429  404  372  336  300  267  240  218  199  181  164
  153  148  146  143  138  131  125  120  114  108  103  103  114  137  173  214
  254  290  326  366  407  445  473  494  512  532  556  582  608  631  648  656
  655  650  645  645  647  646  639  632  627
