static/ion/2023-12-03.23i
     1.0            IONOSPHERE MAPS     GNSS                IONEX VERSION / TYPE
IONINX V5.5         AIUB                02-DEC-23 07:48     PGM / RUN BY / DATE 
CODE'S 2-DAY PREDICTED IONOSPHERE MAPS FOR DAY 337, 2023    COMMENT             
Global ionosphere maps (GIM) are generated on a daily basis DESCRIPTION         
at CODE using data from about 120 GNSS sites of the IGS and DESCRIPTION         
other institutions. The vertical total electron content     DESCRIPTION         
(VTEC) is modeled in a solar-geomagnetic reference frame    DESCRIPTION         
using a spherical harmonics expansion up to degree and      DESCRIPTION         
order 15. Piece-wise linear functions are used for          DESCRIPTION         
representation in the time domain. The time spacing of      DESCRIPTION         
their vertices is 1 hour, conforming with the epochs of the DESCRIPTION         
VTEC maps.                                                  DESCRIPTION         
To convert line-of-sight TEC into vertical TEC, a modified  DESCRIPTION         
single-layer model mapping function approximating the JPL   DESCRIPTION         
extended slab model mapping function is adopted. The        DESCRIPTION         
mapping function is evaluated at geodetic satellite         DESCRIPTION         
elevation angles. For the computation of the ionospheric    DESCRIPTION         
pierce points, a spherical layer with a radius of 6821 km   DESCRIPTION         
is assumed, implying geocentric, not geodetic IONEX         DESCRIPTION         
latitudes.                                                  DESCRIPTION         
Instrumental biases with respect to each involved GNSS code DESCRIPTION         
observable are estimated as constant values for each        DESCRIPTION         
day. They are modeled with one set of bias parameters for   DESCRIPTION         
each satellite and each station in case of GPS and for each DESCRIPTION         
satellite-station link in case of GLONASS. The code bias    DESCRIPTION         
datum is defined by zero-mean conditions imposed on the     DESCRIPTION         
satellite bias estimates. In this file, just GPS C1W-C2W    DESCRIPTION         
satellite and station bias values are included. The         DESCRIPTION         
complete set of GNSS code bias results is provided in an    DESCRIPTION         
additional Bias-SINEX file as pseudo-absolute values        DESCRIPTION         
specific to each observable.                                DESCRIPTION         
Contact address: code(at)aiub.unibe.ch                      DESCRIPTION         
Data archive:    ftp.aiub.unibe.ch/CODE/                    DESCRIPTION         
                 www.aiub.unibe.ch/download/CODE/           DESCRIPTION         
  2023    12     3     0     0     0                        EPOCH OF FIRST MAP  
  2023    12     4     0     0     0                        EPOCH OF LAST MAP   
  3600                                                      INTERVAL            
    25                                                      # OF MAPS IN FILE   
  NONE                                                      MAPPING FUNCTION    
    10.0                                                    ELEVATION CUTOFF    
One-way carrier phase leveled to code                       OBSERVABLES USED    
  6371.0                                                    BASE RADIUS         
     2                                                      MAP DIMENSION       
   450.0 450.0   0.0                                        HGT1 / HGT2 / DHGT  
    87.5 -87.5  -2.5                                        LAT1 / LAT2 / DLAT  
  -180.0 180.0   5.0                                        LON1 / LON2 / DLON  
    -1                                                      EXPONENT            
TEC/RMS values in 0.1 TECU; 9999, if no value available     COMMENT             
                                                            END OF HEADER       
[from data line 3003]
     8                                                      START OF TEC MAP    
  2023    12     3     7     0     0                        EPOCH OF CURRENT MAP
    87.5-180.0 180.0   5.0 450.0                            LAT/LON1/LON2/DLON/H
   90   90   89   88   88   88   88   88   89   89   90   91   92   93   94   95
   96   97   98  100  101  102  103  104  105  106  107  108  109  110  111  111
  112  113  114  115  115  116  117  117  118  119  119  120  120  120  121  121
  121  121  121  120  120  119  118  117  116  115  114  112  110  109  107  105
  103  101   99   98   96   94   93   92   90
    85.0-180.0 180.0   5.0 450.0                            LAT/LON1/LON2/DLON/H
   79   77   75   74   73   74   74   75   77   79   81   83   85   88   90   93
   95   97   99  101  102  104  105  107  108  109  111  112  113  114  116  117
  118  120  121  122  124  125  126  128  129  131  133  134  136  138  139  141
  142  143  144  145  145  145  145  144  142  140  137  134  130  126  122  117
  112  107  102   98   93   89   85   82   79
    82.5-180.0 180.0   5.0 450.0                            LAT/LON1/LON2/DLON/H
   72   68   65   63   62   63   64   66   69   72   76   80   84   87   91   94
   97   99  101  103  104  105  106  107  108  109  111  112  114  115  117  119
  121  123  124  126  128  130  132  135  137  140  143  146  149  153  158  162
  166  170  174  177  180  182  183  183  182  179  176  171  165  159  151  143
  135  126  117  108   99   91   84   78   72
    80.0-180.0 180.0   5.0 450.0                            LAT/LON1/LON2/DLON/H
   73   67   61   58   57   57   58   61   65   70   75   80   85   89   93   97
   99  101  102  103  103  103  104  104  104  105  106  108  110  112  115  117
  120  123  125  128  130  132  135  137  140  144  149  154  160  167  174  182
  191  199  207  214  221  226  229  231  231  229  226  220  213  203  193  181
  169  155  142  129  116  103   92   82   73
    77.5-180.0 180.0   5.0 450.0                            LAT/LON1/LON2/DLON/H
   83   73   66   61   58   57   59   62   66   71   77   82   87   92   96   99
  101  102  102  101  100   99   98   97   97   97   99  101  104  107  111  115
  118  122  125  127  130  132  134  137  140  145  151  158  167  177  189  201
  215  228  241  253  263  272  279  283  285  284  280  273  264  253  240  226
  210  193  175  158  141  124  109   95   83
    75.0-180.0 180.0   5.0 450.0                            LAT/LON1/LON2/DLON/H
  100   87   77   70   65   63   64   67   71   76   81   86   91   95   98  100
  101  101  100   98   96   94   92   90   90   91   93   96  100  104  109  114
  118  122  124  127  128  130  132  134  138  143  151  160  172  186  202  220
  238  256  274  290  304  316  325  331  334  333  329  322  312  299  284  268
  249  230  210  190  170  150  132  115  100
    72.5-180.0 180.0   5.0 450.0                            LAT/LON1/LON2/DLON/H
  118  103   91   82   76   73   73   75   78   82   86   90   94   96   98   99
  100   99   97   95   93   91   89   87   87   89   92   96  101  106  111  116
  120  123  124  125  126  127  128  130  134  141  151  163  178  196  216  238
  260  283  304  323  340  353  363  369  372  370  365  357  346  332  317  299
  280  260  239  218  197  176  155  136  118
    70.0-180.0 180.0   5.0 450.0                            LAT/LON1/LON2/DLON/H
  134  118  104   93   87   83   82   83   86   89   92   95   97   98   99   99
   99   98   97   95   93   92   90   90   91   93   97  102  107  112  117  120
  123  124  124  123  123  122  123  126  132  141  153  169  187  209  233  258
  283  308  331  351  368  381  389  394  394  391  384  375  363  348  332  315
  296  277  257  237  216  194  173  153  134
    67.5-180.0 180.0   5.0 450.0                            LAT/LON1/LON2/DLON/H
  143  125  111  100   93   89   88   90   92   95   97   99   99  100   99   99
   99   99   99   98   97   97   97   98  100  103  107  112  117  121  124  126
  126  124  122  120  118  118  119  124  133  145  160  180  202  227  254  281
  308  333  355  374  388  398  404  406  403  397  388  376  363  348  332  315
  297  280  261  243  223  203  182  162  143
    65.0-180.0 180.0   5.0 450.0                            LAT/LON1/LON2/DLON/H
  141  123  108   98   91   88   89   92   95   98  101  102  102  101  101  101
  101  102  102  103  103  104  105  107  110  114  119  124  127  130  130  129
  125  121  117  113  112  113  117  125  138  154  174  197  223  251  279  307
  333  357  377  392  403  409  411  408  402  393  381  368  353  337  321  304
  288  271  254  237  219  200  180  160  141
    62.5-180.0 180.0   5.0 450.0                            LAT/LON1/LON2/DLON/H
  130  112   97   87   81   80   83   88   93   98  101  103  103  103  103  103
  104  105  107  108  108  109  111  114  118  122  127  131  134  134  132  127
  121  115  109  106  106  110  118  131  148  169  194  221  250  279  308  335
  360  380  397  408  415  416  414  407  398  386  372  358  342  325  308  291
  275  258  242  225  208  189  170  149  130
    60.0-180.0 180.0   5.0 450.0                            LAT/LON1/LON2/DLON/H
  113   95   80   71   67   67   71   78   85   92   97  101  103  104  105  106
  107  109  110  110  111  111  113  115  119  124  129  133  134  132  127  120
  112  105  100   99  102  110  123  140  163  189  218  248  279  310  338  364
  386  403  415  423  425  423  418  409  397  384  370  354  338  321  303  285
  267  249  231  213  195  175  155  134  113
    57.5-180.0 180.0   5.0 450.0                            LAT/LON1/LON2/DLON/H
   98   79   64   55   51   53   58   65   74   82   90   96  100  103  106  107
  109  110  111  110  109  108  108  110  114  119  123  126  126  123  117  109
  101   95   92   94  101  114  132  155  181  211  243  276  308  339  367  390
  409  423  431  436  436  432  425  415  403  390  377  362  346  329  311  290
  269  248  228  207  186  165  142  119   98
    55.0-180.0 180.0   5.0 450.0                            LAT/LON1/LON2/DLON/H
   89   69   55   46   43   44   48   54   63   72   81   89   95  100  104  107
  109  109  109  107  104  101  100  101  104  108  112  115  114  110  104   96
   90   86   87   94  106  123  145  172  201  234  267  301  334  364  390  412
  428  438  445  447  446  442  435  426  416  404  392  380  365  349  330  308
  284  259  234  210  186  161  136  111   89
    52.5-180.0 180.0   5.0 450.0                            LAT/LON1/LON2/DLON/H
   90   71   58   49   46   45   47   50   56   63   72   81   89   95  100  104
  106  106  105  102   97   93   91   90   93   97  100  102  101   97   91   85
   82   82   88   99  116  137  162  190  221  254  288  322  354  384  408  427
  441  449  454  455  454  451  446  439  430  421  411  401  389  374  355  331
  305  277  249  221  193  166  139  113   90
    50.0-180.0 180.0   5.0 450.0                            LAT/LON1/LON2/DLON/H
  100   84   72   66   62   60   58   56   57   61   68   76   84   91   96  100
  102  102  101   98   93   88   85   84   86   88   91   92   90   87   82   79
   78   83   93  109  130  153  180  208  239  271  304  337  369  397  420  437
  448  454  457  458  458  456  453  448  441  434  426  418  408  395  377  354
  326  296  265  235  205  176  148  122  100
    47.5-180.0 180.0   5.0 450.0                            LAT/LON1/LON2/DLON/H
  117  104   96   92   90   86   80   74   69   67   70   76   83   89   93   96
   98   99   99   98   94   90   87   85   86   88   89   89   87   83   79   77
   80   88  102  122  145  171  197  225  254  285  316  348  379  406  427  442
  451  455  456  457  457  457  455  451  445  438  432  425  417  406  389  367
  340  310  278  247  217  188  161  137  117
    45.0-180.0 180.0   5.0 450.0                            LAT/LON1/LON2/DLON/H
  134  125  122  122  122  118  110   99   89   83   81   83   87   91   93   94
   96   99  101  102  102   99   96   95   95   95   95   93   90   86   82   81
   85   95  112  134  160  186  213  240  267  296  327  357  387  412  432  445
  451  452  452  451  452  452  451  448  442  435  428  421  414  404  389  368
  342  313  283  253  224  197  172  150  134
    42.5-180.0 180.0   5.0 450.0                            LAT/LON1/LON2/DLON/H
  146  141  142  146  149  146  138  126  113  103   98   97   98   99   98   97
   99  103  108  113  115  115  113  111  110  109  107  104   99   94   89   87
   90  101  119  144  172  199  226  253  280  308  338  367  395  418  436  446
  450  449  447  446  447  448  448  444  437  429  420  412  404  394  380  360
  336  308  280  252  225  200  177  159  146
    40.0-180.0 180.0   5.0 450.0                            LAT/LON1/LON2/DLON/H
  149  146  150  157  163  164  158  147  135  124  117  115  113  111  107  105
  105  110  119  127  132  134  132  130  127  125  121  117  111  105   98   94
   95  104  123  149  179  209  238  265  293  322  351  379  405  426  442  450
  451  449  446  446  448  450  451  447  440  430  420  409  399  387  372  352
  329  302  274  247  222  198  177  160  149
    37.5-180.0 180.0   5.0 450.0                            LAT/LON1/LON2/DLON/H
  146  142  145  153  160  164  163  156  147  139  133  131  129  125  120  115
  115  121  132  143  150  152  150  147  143  139  135  129  123  116  107   99
   97  105  123  151  184  217  249  278  308  338  367  394  418  437  450  457
  458  456  454  456  461  467  469  467  461  451  438  425  411  396  379  357
  332  304  276  248  222  197  175  157  146
    35.0-180.0 180.0   5.0 450.0                            LAT/LON1/LON2/DLON/H
  142  134  133  137  144  149  152  151  147  143  141  141  140  137  132  127
  127  133  145  156  164  165  162  158  153  148  144  139  133  125  115  104
   98  103  121  151  188  225  260  294  326  357  386  412  433  450  462  469
  472  473  476  482  492  502  509  510  506  497  485  470  453  433  412  387
  358  327  294  263  232  204  179  157  142
    32.5-180.0 180.0   5.0 450.0                            LAT/LON1/LON2/DLON/H
  147  132  124  121  122  126  131  134  136  137  139  142  145  144  140  136
  136  143  155  166  172  172  168  162  156  152  148  144  140  132  121  108
   99  101  120  153  193  235  274  311  346  378  407  431  451  466  479  488
  495  502  512  526  543  559  571  577  578  573  562  546  526  502  476  446
  413  376  337  299  262  227  195  168  147
    30.0-180.0 180.0   5.0 450.0                            LAT/LON1/LON2/DLON/H
  169  147  129  116  109  107  111  116  120  124  129  135  142  145  144  142
  143  150  160  170  174  172  166  160  155  151  149  147  144  139  128  113
  102  103  122  158  203  249  292  331  367  401  429  451  470  485  500  514
  528  543  562  585  610  632  650  662  669  669  662  647  626  599  568  533
  495  452  406  359  313  270  230  197  169
    27.5-180.0 180.0   5.0 450.0                            LAT/LON1/LON2/DLON/H
  215  187  161  137  118  108  105  107  110  113  118  126  135  141  144  144
  146  152  161  169  171  167  161  156  152  150  149  148  149  146  136  121
  109  110  130  169  218  267  311  352  389  422  450  472  490  508  526  547
  569  594  622  654  686  714  736  753  765  772  770  758  737  708  675  637
  594  546  493  439  384  332  286  247  215
    25.0-180.0 180.0   5.0 450.0                            LAT/LON1/LON2/DLON/H
  284  254  222  189  160  138  126  120  117  115  115  120  129  138  142  144
  146  151  159  165  165  162  157  154  152  151  151  152  154  153  145  132
  120  121  144  186  237  288  333  373  410  443  471  493  513  534  558  585
  616  650  686  724  760  791  815  835  851  863  867  859  840  813  779  740
  696  646  589  529  468  410  359  318  284
    22.5-180.0 180.0   5.0 450.0                            LAT/LON1/LON2/DLON/H
  370  342  311  273  234  202  179  162  149  137  129  128  133  140  144  146
  147  151  157  161  161  159  157  157  157  157  156  157  160  161  155  144
  133  137  162  206  259  310  355  394  431  464  492  516  538  563  593  628
  665  705  746  786  822  851  874  893  912  927  935  932  917  893  862  826
  784  735  679  618  554  493  441  400  370
    20.0-180.0 180.0   5.0 450.0                            LAT/LON1/LON2/DLON/H
  461  441  414  376  333  293  260  233  208  184  165  155  153  154  155  154
  152  154  157  160  161  161  162  165  168  168  166  165  167  168  164  155
  147  153  181  227  281  332  376  414  450  483  513  540  566  596  631  669
  710  752  794  832  864  887  904  920  937  953  964  966  956  937  912  881
  844  801  750  692  630  571  520  484  461
    17.5-180.0 180.0   5.0 450.0                            LAT/LON1/LON2/DLON/H
  543  532  514  482  440  397  358  322  287  252  222  201  190  184  178  171
  166  163  164  165  166  168  173  179  182  181  176  173  172  173  170  163
  158  168  198  246  300  350  393  431  467  502  534  565  596  630  667  707
  748  788  825  857  881  896  905  914  927  942  954  958  954  942  924  901
  872  837  794  744  689  633  587  558  543
    15.0-180.0 180.0   5.0 450.0                            LAT/LON1/LON2/DLON/H
  603  602  593  569  533  492  453  414  373  332  293  264  243  227  213  199
  188  180  177  176  177  180  187  194  197  194  186  179  176  175  172  167
  165  178  212  261  315  364  406  444  482  519  555  590  624  660  698  736
  773  807  838  861  876  882  882  884  891  902  913  920  921  916  906  891
  870  844  812  772  725  676  635  611  603
    12.5-180.0 180.0   5.0 450.0                            LAT/LON1/LON2/DLON/H
  635  639  637  622  594  560  525  490  450  407  365  330  302  279  257  235
  217  204  196  192  191  194  201  208  210  204  193  182  176  173  170  166
  168  185  221  271  324  372  414  453  493  533  572  610  647  684  719  753
  784  811  834  849  856  854  848  844  845  851  860  867  872  874  871  863
  850  832  809  779  740  697  660  639  635
    10.0-180.0 180.0   5.0 450.0                            LAT/LON1/LON2/DLON/H
  637  640  641  631  611  586  561  534  501  463  424  389  358  329  301  274
  250  232  219  211  207  208  212  217  216  208  195  183  174  170  165  163
  169  189  228  277  329  376  417  458  499  542  584  625  663  698  730  758
  782  802  818  828  830  826  817  810  806  807  812  819  827  834  836  833
  824  811  796  773  741  702  666  643  637
     7.5-180.0 180.0   5.0 450.0                            LAT/LON1/LON2/DLON/H
  616  612  608  598  584  569  554  538  516  488  457  427  398  368  338  308
  281  259  241  229  221  218  219  220  217  208  194  182  172  166  161  160
  169  193  233  282  330  374  415  457  500  545  589  630  668  701  729  752
  770  785  798  807  809  807  800  793  787  784  785  791  801  810  815  814
  806  795  781  763  735  698  660  631  616
     5.0-180.0 180.0   5.0 450.0                            LAT/LON1/LON2/DLON/H
  583  565  551  537  525  516  510  505  494  478  459  437  414  388  360  330
  302  278  258  242  230  223  220  218  213  204  192  181  171  164  159  159
  172  199  239  285  330  370  410  451  496  542  586  627  663  694  719  738
  753  767  780  792  800  803  803  800  794  788  786  789  799  809  815  812
  802  789  774  756  728  690  648  610  583
     2.5-180.0 180.0   5.0 450.0                            LAT/LON1/LON2/DLON/H
  550  517  489  467  451  444  445  447  446  440  432  420  405  386  363  337
  311  288  267  248  234  224  217  213  207  199  190  181  173  165  160  162
  177  207  247  289  328  364  402  443  488  533  577  616  652  681  704  722
  737  753  769  786  802  816  824  826  822  815  810  811  819  829  833  827
  812  794  775  754  724  684  637  590  550
