static/ion/2023-12-05.23i
     1.0            IONOSPHERE MAPS     GNSS                IONEX VERSION / TYPE
IONINX V5.5         AIUB                04-DEC-23 07:45     PGM / RUN BY / DATE 
CODE'S 2-DAY PREDICTED IONOSPHERE MAPS FOR DAY 339, 2023    COMMENT             
Global ionosphere maps (GIM) are generated on a daily basis DESCRIPTION         
at CODE using data from about 120 GNSS sites of the IGS and DESCRIPTION         
other institutions. The vertical total electron content     DESCRIPTION         
(VTEC) is modeled in a solar-geomagnetic reference frame    DESCRIPTION         
using a spherical harmonics expansion up to degree and      DESCRIPTION         
order 15. Piece-wise linear functions are used for          DESCRIPTION         
representation in the time domain. The time spacing of      DESCRIPTION         
their vertices is 1 hour, conforming with the epochs of the DESCRIPTION         
VTEC maps.                                                  DESCRIPTION         
To convert line-of-sight TEC into vertical TEC, a modified  DESCRIPTION         
single-layer model mapping function approximating the JPL   DESCRIPTION         
extended slab model mapping function is adopted. The        DESCRIPTION         
mapping function is evaluated at geodetic satellite         DESCRIPTION         
elevation angles. For the computation of the ionospheric    DESCRIPTION         
pierce points, a spherical layer with a radius of 6821 km   DESCRIPTION         
is assumed, implying geocentric, not geodetic IONEX         DESCRIPTION         
latitudes.                                                  DESCRIPTION         
Instrumental biases with respect to each involved GNSS code DESCRIPTION         
observable are estimated as constant values for each        DESCRIPTION         
day. They are modeled with one set of bias parameters for   DESCRIPTION         
each satellite and each station in case of GPS and for each DESCRIPTION         
satellite-station link in case of GLONASS. The code bias    DESCRIPTION         
datum is defined by zero-mean conditions imposed on the     DESCRIPTION         
satellite bias estimates. In this file, just GPS C1W-C2W    DESCRIPTION         
satellite and station bias values are included. The         DESCRIPTION         
complete set of GNSS code bias results is provided in an    DESCRIPTION         
additional Bias-SINEX file as pseudo-absolute values        DESCRIPTION         
specific to each observable.                                DESCRIPTION         
Contact address: code(at)aiub.unibe.ch                      DESCRIPTION         
Data archive:    ftp.aiub.unibe.ch/CODE/                    DESCRIPTION         
                 www.aiub.unibe.ch/download/CODE/           DESCRIPTION         
  2023    12     5     0     0     0                        EPOCH OF FIRST MAP  
  2023    12     6     0     0     0                        EPOCH OF LAST MAP   
  3600                                                      INTERVAL            
    25                                                      # OF MAPS IN FILE   
  NONE                                                      MAPPING FUNCTION    
    10.0                                                    ELEVATION CUTOFF    
One-way carrier phase leveled to code                       OBSERVABLES USED    
  6371.0                                                    BASE RADIUS         
     2                                                      MAP DIMENSION       
   450.0 450.0   0.0                                        HGT1 / HGT2 / DHGT  
    87.5 -87.5  -2.5                                        LAT1 / LAT2 / DLAT  
  -180.0 180.0   5.0                                        LON1 / LON2 / DLON  
    -1                                                      EXPONENT            
TEC/RMS values in 0.1 TECU; 9999, if no value available     COMMENT             
                                                            END OF HEADER       
[from data line 8151]
    20                                                      START OF TEC MAP    
  2023    12     5    19     0     0                        EPOCH OF CURRENT MAP
    87.5-180.0 180.0   5.0 450.0                            LAT/LON1/LON2/DLON/H
  124  124  125  126  126  127  128  128  129  130  130  130  131  131  131  131
  131  130  130  129  129  128  127  126  125  124  123  121  120  119  118  117
  116  115  114  113  113  112  112  111  111  111  111  111  111  111  111  112
  112  113  113  114  114  115  116  116  117  117  118  118  119  119  120  120
  120  121  121  122  122  122  123  123  124
    85.0-180.0 180.0   5.0 450.0                            LAT/LON1/LON2/DLON/H
  112  113  114  116  117  120  122  124  126  129  131  133  134  135  136  136
  136  135  134  133  131  129  127  125  122  120  117  115  113  111  109  107
  105  103  102  100   99   98   97   96   96   96   96   96   96   97   98   99
  101  102  104  105  107  109  110  111  113  113  114  115  115  115  114  114
  114  113  112  112  111  111  111  111  112
    82.5-180.0 180.0   5.0 450.0                            LAT/LON1/LON2/DLON/H
   89   90   92   94   97  101  106  111  116  121  126  130  133  136  138  139
  139  138  136  133  130  127  123  119  115  112  108  105  102  100   98   96
   94   92   91   89   88   86   85   84   84   83   83   83   84   85   87   89
   91   94   97  100  103  105  108  110  111  112  113  112  112  110  109  107
  104  102   99   96   94   92   90   89   89
    80.0-180.0 180.0   5.0 450.0                            LAT/LON1/LON2/DLON/H
   62   62   63   66   71   77   84   92  101  109  117  125  131  136  139  141
  141  139  136  132  127  122  116  111  106  101   97   94   91   89   88   87
   86   85   85   84   83   82   80   79   78   77   76   76   77   78   80   83
   87   90   94   99  102  106  109  111  113  113  113  112  110  107  104  100
   95   90   85   80   75   70   66   63   62
    77.5-180.0 180.0   5.0 450.0                            LAT/LON1/LON2/DLON/H
   38   36   37   40   45   53   63   74   86   98  110  121  130  137  142  144
  144  142  138  132  125  118  110  103   96   91   86   83   81   81   80   81
   82   82   83   83   83   83   82   80   79   77   76   76   76   77   79   83
   87   91   96  101  105  109  112  113  114  114  112  110  107  103   99   94
   88   82   75   67   60   53   47   42   38
    75.0-180.0 180.0   5.0 450.0                            LAT/LON1/LON2/DLON/H
   26   22   21   24   29   37   49   62   77   92  107  121  132  142  148  152
  152  150  145  138  129  119  110  100   92   85   80   76   74   74   75   76
   78   80   82   84   85   86   85   84   83   81   80   79   79   80   82   85
   90   95  100  105  109  112  114  114  113  111  108  105  101   98   93   89
   84   78   71   64   55   47   39   32   26
    72.5-180.0 180.0   5.0 450.0                            LAT/LON1/LON2/DLON/H
   29   24   21   22   27   35   47   61   77   94  111  127  141  152  161  166
  168  166  161  153  143  132  120  108   97   87   80   74   71   70   70   71
   73   76   78   81   84   85   86   87   86   85   83   82   82   83   85   88
   93   98  103  108  111  112  112  110  107  103   98   94   91   88   86   84
   82   78   74   69   62   53   45   36   29
    70.0-180.0 180.0   5.0 450.0                            LAT/LON1/LON2/DLON/H
   46   40   36   36   40   47   58   72   88  105  123  140  155  168  179  186
  190  191  187  180  169  156  142  127  112   99   88   79   72   68   65   64
   64   66   68   71   74   78   81   82   83   83   83   82   81   82   84   88
   92   97  102  106  108  108  105  100   94   88   82   78   75   74   75   77
   79   81   81   80   76   70   62   54   46
    67.5-180.0 180.0   5.0 450.0                            LAT/LON1/LON2/DLON/H
   70   64   61   61   64   71   81   94  109  125  142  159  175  189  202  213
  220  223  222  217  206  192  175  156  137  119  103   90   78   69   62   57
   54   52   52   55   58   62   67   71   74   75   76   76   76   76   78   81
   86   91   96   99   99   97   92   85   77   69   62   58   56   57   62   68
   75   82   88   91   91   88   83   76   70
    65.0-180.0 180.0   5.0 450.0                            LAT/LON1/LON2/DLON/H
   91   88   87   88   93  100  110  123  137  151  167  182  198  213  228  242
  253  260  262  259  250  235  215  193  169  147  126  107   91   77   64   54
   46   39   36   36   38   42   48   54   59   62   64   64   64   65   66   69
   74   79   83   86   86   82   76   68   59   50   42   38   37   40   47   56
   67   79   88   96  100  101   99   95   91
    62.5-180.0 180.0   5.0 450.0                            LAT/LON1/LON2/DLON/H
  102  102  105  111  118  128  140  153  167  180  194  208  223  238  255  271
  286  296  302  301  293  277  256  231  204  177  152  130  110   92   75   59
   45   33   25   21   21   24   30   36   42   47   49   50   50   50   51   53
   58   62   67   69   69   66   60   52   43   34   28   24   23   27   34   44
   56   69   81   91   98  101  102  102  102
    60.0-180.0 180.0   5.0 450.0                            LAT/LON1/LON2/DLON/H
   97  103  111  122  136  150  166  181  196  209  222  234  248  263  280  297
  314  327  335  336  328  313  291  264  236  208  181  158  137  116   96   76
   57   39   26   17   13   14   18   24   30   34   37   38   37   36   36   38
   41   46   50   53   54   52   47   41   34   27   22   18   17   20   25   34
   44   56   67   76   83   88   91   94   97
    57.5-180.0 180.0   5.0 450.0                            LAT/LON1/LON2/DLON/H
   80   90  105  122  142  163  184  204  221  236  248  260  272  286  302  319
  336  350  358  359  352  337  315  290  262  235  211  189  169  149  127  104
   80   58   39   25   17   15   16   20   25   28   31   31   29   28   26   27
   30   34   38   42   43   43   40   37   33   29   26   24   22   22   24   28
   34   42   49   56   61   65   68   73   80
    55.0-180.0 180.0   5.0 450.0                            LAT/LON1/LON2/DLON/H
   56   70   90  114  141  169  196  221  243  260  274  285  295  307  321  336
  351  362  368  368  361  348  329  306  282  259  239  220  203  185  163  138
  111   85   61   43   31   25   24   25   28   30   32   31   29   27   24   24
   25   29   33   37   40   41   41   41   41   41   40   38   36   33   30   29
   30   32   34   37   38   40   42   46   56
    52.5-180.0 180.0   5.0 450.0                            LAT/LON1/LON2/DLON/H
   34   51   75  104  137  171  204  235  261  281  297  308  317  327  338  349
  359  366  369  367  360  349  334  316  297  279  264  249  235  218  196  169
  140  110   84   64   50   41   38   37   38   39   39   39   36   33   30   28
   29   32   37   41   44   46   48   51   54   57   59   58   55   49   43   37
   32   30   28   26   23   21   21   24   34
    50.0-180.0 180.0   5.0 450.0                            LAT/LON1/LON2/DLON/H
   24   42   68  100  136  174  211  246  277  301  318  329  338  346  353  360
  365  366  364  359  353  345  335  323  310  297  284  272  258  240  217  188
  156  125   98   78   64   56   52   50   49   50   51   50   48   45   41   39
   40   43   47   50   53   56   59   63   69   74   78   78   74   67   59   50
   42   36   32   27   21   16   13   15   24
    47.5-180.0 180.0   5.0 450.0                            LAT/LON1/LON2/DLON/H
   30   48   74  106  143  181  220  258  291  317  336  348  357  363  368  371
  371  366  360  353  348  343  339  332  323  312  300  286  269  248  220  188
  154  123   98   80   70   64   61   60   60   61   62   62   61   58   54   52
   53   56   60   64   66   67   70   75   81   87   91   92   89   82   74   65
   57   51   45   40   34   27   22   22   30
    45.0-180.0 180.0   5.0 450.0                            LAT/LON1/LON2/DLON/H
   51   68   93  124  159  196  234  271  305  332  352  364  373  379  383  384
  380  371  361  353  349  348  348  345  337  326  310  291  267  239  205  169
  134  105   84   72   67   66   67   67   68   69   71   72   72   69   66   65
   67   70   74   77   77   78   79   82   87   92   96   97   95   91   85   78
   73   68   65   61   56   49   44   44   51
    42.5-180.0 180.0   5.0 450.0                            LAT/LON1/LON2/DLON/H
   81   98  122  151  182  216  250  285  318  345  364  377  385  392  397  398
  393  382  371  363  361  363  364  362  353  337  315  288  256  219  180  141
  107   81   66   60   62   67   72   75   77   78   79   81   80   79   76   76
   78   82   86   87   87   85   84   85   87   90   93   94   94   93   90   87
   85   84   83   82   80   76   73   73   81
    40.0-180.0 180.0   5.0 450.0                            LAT/LON1/LON2/DLON/H
  112  130  154  181  209  238  269  300  330  355  373  385  395  403  410  413
  408  398  388  381  380  383  385  380  367  345  316  281  242  199  157  119
   88   68   60   60   67   77   84   89   90   90   90   90   90   88   85   85
   87   91   94   95   92   89   85   84   83   84   85   86   87   89   90   91
   91   93   95   97   98   98   98  102  112
    37.5-180.0 180.0   5.0 450.0                            LAT/LON1/LON2/DLON/H
  136  157  183  209  235  260  286  314  341  363  379  390  400  411  421  426
  424  416  407  403  403  405  404  395  376  349  316  277  235  193  153  120
   97   85   82   87   96  106  114  117  116  112  109  106  104  101   98   97
   98  101  103  101   97   91   86   82   80   77   76   77   79   83   87   89
   91   94   97  101  105  109  113  122  136
    35.0-180.0 180.0   5.0 450.0                            LAT/LON1/LON2/DLON/H
  150  175  203  230  255  278  302  327  350  370  384  394  404  416  428  435
  436  431  425  422  423  422  417  403  380  352  319  284  247  211  181  159
  147  143  144  149  155  161  164  163  157  148  140  133  128  124  120  117
  116  115  114  110  103   96   90   84   80   75   72   72   75   80   84   86
   87   88   90   94   99  106  116  130  150
    32.5-180.0 180.0   5.0 450.0                            LAT/LON1/LON2/DLON/H
  153  183  214  243  269  292  315  338  360  378  390  399  408  420  432  440
  442  439  436  434  433  429  419  401  379  355  331  306  282  261  247  241
  242  245  247  246  243  239  234  225  212  197  183  173  165  159  153  147
  142  137  131  123  114  105   98   93   87   82   77   76   78   82   85   85
   82   79   78   80   85   95  108  128  153
    30.0-180.0 180.0   5.0 450.0                            LAT/LON1/LON2/DLON/H
  151  184  218  250  277  302  326  349  371  388  399  406  414  424  434  441
  442  440  437  435  432  424  410  393  376  363  354  348  343  342  348  359
  373  380  378  366  348  330  314  296  276  255  237  223  213  206  198  189
  179  168  156  143  131  121  113  108  102   96   91   89   90   92   91   87
   81   73   68   66   70   80   97  121  151
    27.5-180.0 180.0   5.0 450.0                            LAT/LON1/LON2/DLON/H
  151  186  221  254  284  311  337  362  385  402  412  418  424  431  438  441
  439  434  430  427  422  411  396  382  376  380  392  407  425  444  469  495
  517  525  514  486  451  417  388  363  338  313  292  277  267  259  249  237
  222  205  187  169  153  142  135  129  124  118  113  110  109  108  104   96
   85   74   64   59   61   71   91  118  151
    25.0-180.0 180.0   5.0 450.0                            LAT/LON1/LON2/DLON/H
  158  193  228  261  292  321  350  378  403  421  431  437  441  445  447  444
  437  429  422  416  408  396  384  378  386  409  442  479  515  552  589  625
  650  652  627  582  529  480  442  412  385  360  339  325  316  309  298  283
  264  242  219  197  180  167  159  153  148  143  138  134  132  127  120  109
   96   83   71   63   64   74   95  124  158
    22.5-180.0 180.0   5.0 450.0                            LAT/LON1/LON2/DLON/H
  176  210  242  274  304  335  367  398  424  444  456  462  466  467  465  456
  443  430  420  411  401  389  382  387  411  451  502  553  602  646  689  725
  744  735  695  633  565  506  463  432  408  386  369  358  351  345  334  318
  296  271  246  223  204  191  183  177  171  166  161  157  153  146  136  124
  111   98   87   79   79   90  112  142  176
    20.0-180.0 180.0   5.0 450.0                            LAT/LON1/LON2/DLON/H
  203  235  264  293  323  354  388  420  449  471  486  494  499  499  494  480
  462  445  431  419  408  398  398  415  452  506  565  622  672  715  752  779
  785  761  706  630  552  490  448  422  403  388  376  368  364  359  349  332
  311  287  263  242  224  211  202  195  189  184  179  174  168  160  149  138
  128  118  108  102  102  115  139  170  203
    17.5-180.0 180.0   5.0 450.0                            LAT/LON1/LON2/DLON/H
  235  265  291  318  346  378  412  446  477  501  519  531  539  541  534  519
  499  478  461  447  434  428  435  462  508  566  625  677  718  749  772  783
  772  732  664  580  501  441  405  387  376  367  360  355  353  348  339  324
  306  286  267  250  236  225  216  208  201  194  189  183  176  167  157  148
  141  135  129  125  128  143  170  203  235
    15.0-180.0 180.0   5.0 450.0                            LAT/LON1/LON2/DLON/H
  267  296  321  346  374  405  438  473  505  533  554  571  583  589  585  571
  551  530  511  494  482  478  491  524  572  627  676  713  737  752  757  748
  720  665  589  504  430  378  351  341  337  333  329  325  321  316  307  296
  283  271  260  250  240  232  224  216  207  199  192  184  176  167  158  152
  148  146  144  143  150  168  198  233  267
    12.5-180.0 180.0   5.0 450.0                            LAT/LON1/LON2/DLON/H
  292  322  348  374  402  432  466  500  533  563  589  611  628  639  640  630
  614  595  576  558  545  543  559  593  637  680  712  730  736  732  720  695
  652  588  510  431  366  325  307  302  301  298  293  287  280  273  265  258
  253  250  247  244  240  235  228  220  210  200  190  181  172  163  155  151
  150  150  150  152  162  185  219  257  292
    10.0-180.0 180.0   5.0 450.0                            LAT/LON1/LON2/DLON/H
  309  341  370  399  429  460  492  526  560  592  621  648  670  686  693  690
  679  664  646  628  614  613  629  660  694  721  734  733  723  706  682  646
  595  529  455  386  333  302  289  286  283  277  267  255  243  233  227  225
  228  233  238  241  241  239  233  225  214  202  190  178  167  158  151  147
  146  146  147  151  165  191  229  270  309
     7.5-180.0 180.0   5.0 450.0                            LAT/LON1/LON2/DLON/H
  316  353  386  420  453  485  518  551  585  618  650  679  705  725  737  741
  737  727  712  694  680  678  692  716  738  748  743  728  709  687  660  622
  570  509  444  387  345  320  308  300  291  277  259  240  224  212  208  211
  220  231  240  246  248  246  242  234  222  208  193  178  166  156  149  144
  141  139  139  145  161  191  231  275  316
     5.0-180.0 180.0   5.0 450.0                            LAT/LON1/LON2/DLON/H
  317  357  397  436  473  508  541  573  607  641  673  704  731  753  769  777
  779  774  763  747  733  730  739  755  765  761  744  723  703  685  662  630
  586  533  480  434  400  377  361  344  325  301  275  251  230  218  217  225
  238  251  259  263  263  261  256  248  236  220  202  185  171  160  152  146
  139  134  132  138  156  188  230  274  317
     2.5-180.0 180.0   5.0 450.0                            LAT/LON1/LON2/DLON/H
  315  358  402  447  489  527  560  592  625  658  690  720  746  768  784  795
  801  801  794  781  768  763  768  776  776  764  743  723  710  701  689  668
  635  594  552  515  484  459  435  408  378  345  314  286  265  255  257  269
  283  293  296  293  287  282  276  268  255  237  217  198  183  172  163  153
  142  133  129  135  155  188  229  272  315
