static/ion/2023-12-13.23i
     1.0            IONOSPHERE MAPS     GNSS                IONEX VERSION / TYPE
IONINX V5.5         AIUB                12-DEC-23 07:37     PGM / RUN BY / DATE 
CODE'S 2-DAY PREDICTED IONOSPHERE MAPS FOR DAY 347, 2023    COMMENT             
Global ionosphere maps (GIM) are generated on a daily basis DESCRIPTION         
at CODE using data from about 120 GNSS sites of the IGS and DESCRIPTION         
other institutions. The vertical total electron content     DESCRIPTION         
(VTEC) is modeled in a solar-geomagnetic reference frame    DESCRIPTION         
using a spherical harmonics expansion up to degree and      DESCRIPTION         
order 15. Piece-wise linear functions are used for          DESCRIPTION         
representation in the time domain. The time spacing of      DESCRIPTION         
their vertices is 1 hour, conforming with the epochs of the DESCRIPTION         
VTEC maps.                                                  DESCRIPTION         
To convert line-of-sight TEC into vertical TEC, a modified  DESCRIPTION         
single-layer model mapping function approximating the JPL   DESCRIPTION         
extended slab model mapping function is adopted. The        DESCRIPTION         
mapping function is evaluated at geodetic satellite         DESCRIPTION         
elevation angles. For the computation of the ionospheric    DESCRIPTION         
pierce points, a spherical layer with a radius of 6821 km   DESCRIPTION         
is assumed, implying geocentric, not geodetic IONEX         DESCRIPTION         
latitudes.                                                  DESCRIPTION         
Instrumental biases with respect to each involved GNSS code DESCRIPTION         
observable are estimated as constant values for each        DESCRIPTION         
day. They are modeled with one set of bias parameters for   DESCRIPTION         
each satellite and each station in case of GPS and for each DESCRIPTION         
satellite-station link in case of GLONASS. The code bias    DESCRIPTION         
datum is defined by zero-mean conditions imposed on the     DESCRIPTION         
satellite bias estimates. In this file, just GPS C1W-C2W    DESCRIPTION         
satellite and station bias values are included. The         DESCRIPTION         
complete set of GNSS code bias results is provided in an    DESCRIPTION         
additional Bias-SINEX file as pseudo-absolute values        DESCRIPTION         
specific to each observable.                                DESCRIPTION         
Contact address: code(at)aiub.unibe.ch                      DESCRIPTION         
Data archive:    ftp.aiub.unibe.ch/CODE/                    DESCRIPTION         
                 www.aiub.unibe.ch/download/CODE/           DESCRIPTION         
  2023    12    13     0     0     0                        EPOCH OF FIRST MAP  
  2023    12    14     0     0     0                        EPOCH OF LAST MAP   
  3600                                                      INTERVAL            
    25                                                      # OF MAPS IN FILE   
  NONE                                                      MAPPING FUNCTION    
    10.0                                                    ELEVATION CUTOFF    
One-way carrier phase leveled to code                       OBSERVABLES USED    
  6371.0                                                    BASE RADIUS         
     2                                                      MAP DIMENSION       
   450.0 450.0   0.0                                        HGT1 / HGT2 / DHGT  
    87.5 -87.5  -2.5                                        LAT1 / LAT2 / DLAT  
  -180.0 180.0   5.0                                        LON1 / LON2 / DLON  
    -1                                                      EXPONENT            
TEC/RMS values in 0.1 TECU; 9999, if no value available     COMMENT             
                                                            END OF HEADER       
     1                                                      START OF TEC MAP    
  2023    12    13     0     0     0                        EPOCH OF CURRENT MAP
    87.5-180.0 180.0   5.0 450.0                            LAT/LON1/LON2/DLON/H
   94   94   95   95   95   96   96   96   96   96   96   96   96   96   95   95
   94   94   93   92   91   90   89   89   88   87   85   84   83   83   82   81
   80   79   78   78   77   77   76   76   76   76   76   76   76   76   77   77
   78   78   79   79   80   80   81   82   83   83   84   85   86   86   87   88
   89   89   90   91   91   92   92   93   94
    85.0-180.0 180.0   5.0 450.0                            LAT/LON1/LON2/DLON/H
   98   99  100  101  102  103  103  104  104  105  105  105  104  104  103  102
  101  100   99   97   96   94   92   90   88   86   84   82   80   78   76   74
   73   71   70   69   68   67   66   66   66   66   66   67   67   68   69   69
   70   72   73   74   75   76   78   79   80   81   83   84   85   86   87   89
   90   91   92   93   94   95   96   97   98
    82.5-180.0 180.0   5.0 450.0                            LAT/LON1/LON2/DLON/H
  102  103  105  106  107  109  110  111  111  112  112  112  111  110  109  108
  106  104  103  100   98   96   94   91   88   86   83   80   78   75   72   70
   68   65   64   62   61   60   59   59   59   59   60   61   62   63   64   65
   67   68   70   71   73   74   76   77   79   81   82   84   86   87   89   91
   92   93   95   96   97   98  100  101  102
    80.0-180.0 180.0   5.0 450.0                            LAT/LON1/LON2/DLON/H
  109  110  111  113  115  116  117  118  119  119  119  118  116  114  112  110
  107  105  103  100   98   96   94   92   89   86   84   81   78   75   72   69
   66   64   62   60   59   58   57   57   57   58   58   60   61   63   64   66
   68   69   71   72   73   75   76   78   79   81   83   86   88   90   93   95
   97   99  101  102  104  105  106  107  109
    77.5-180.0 180.0   5.0 450.0                            LAT/LON1/LON2/DLON/H
  121  122  123  125  126  128  129  130  130  129  127  124  120  116  112  108
  104  101   98   96   95   94   93   92   90   88   86   84   81   78   75   72
   70   67   65   63   62   61   60   60   60   61   62   64   66   68   70   71
   73   74   75   76   76   77   77   79   80   82   85   88   92   95   99  103
  106  109  112  114  116  118  119  120  121
    75.0-180.0 180.0   5.0 450.0                            LAT/LON1/LON2/DLON/H
  140  141  141  142  143  144  145  145  144  142  137  132  125  117  109  102
   96   92   90   89   89   90   91   92   92   91   90   88   86   84   81   79
   76   74   72   70   68   67   66   66   67   68   69   72   74   76   79   81
   82   83   82   82   81   80   79   79   80   83   86   91   96  102  108  114
  120  125  129  132  135  137  138  139  140
    72.5-180.0 180.0   5.0 450.0                            LAT/LON1/LON2/DLON/H
  165  165  165  165  165  165  166  165  163  158  151  141  130  117  105   94
   86   80   78   79   81   85   88   91   93   94   94   92   91   89   86   84
   82   80   78   76   75   73   73   73   73   75   77   80   83   86   89   91
   92   92   91   88   85   82   79   78   79   82   87   93  101  110  119  127
  135  143  149  155  159  162  164  165  165
    70.0-180.0 180.0   5.0 450.0                            LAT/LON1/LON2/DLON/H
  193  192  190  188  187  187  186  185  182  176  167  153  137  119  101   86
   75   68   67   69   73   79   85   90   93   94   94   93   92   90   88   86
   84   83   81   79   78   76   76   76   77   80   83   86   91   95   98  101
  102  101   98   93   88   82   78   75   76   79   85   94  105  117  129  141
  152  162  171  178  185  189  192  193  193
    67.5-180.0 180.0   5.0 450.0                            LAT/LON1/LON2/DLON/H
  219  217  213  209  206  205  204  203  200  194  182  166  146  123  101   82
   68   60   58   61   67   74   81   86   89   90   90   88   87   85   84   82
   81   79   78   76   75   75   75   76   77   80   84   89   94   99  103  106
  107  106  102   95   88   80   73   70   70   74   82   94  108  123  138  152
  166  178  189  199  207  214  218  220  219
    65.0-180.0 180.0   5.0 450.0                            LAT/LON1/LON2/DLON/H
  240  236  231  224  219  216  215  214  213  207  196  179  157  131  106   83
   67   57   54   57   63   70   75   79   81   81   79   77   76   74   73   72
   71   70   69   68   68   68   69   71   74   78   82   87   93   98  103  106
  107  105  100   93   83   74   66   61   62   67   78   93  110  128  145  161
  176  189  202  214  224  233  238  241  240
    62.5-180.0 180.0   5.0 450.0                            LAT/LON1/LON2/DLON/H
  254  249  242  233  226  221  219  219  218  215  206  191  169  143  116   92
   74   62   58   58   62   66   69   69   68   66   63   61   60   60   59   59
   59   58   58   58   58   59   61   65   68   73   77   82   87   92   96   99
  100   98   93   85   75   65   56   52   53   60   73   91  111  131  150  167
  182  196  209  221  233  244  251  255  254
    60.0-180.0 180.0   5.0 450.0                            LAT/LON1/LON2/DLON/H
  262  258  249  238  228  221  217  217  218  217  212  199  181  157  131  107
   88   75   67   64   63   63   61   57   53   49   46   45   44   45   46   47
   47   48   48   49   50   53   56   60   64   68   72   76   80   83   86   88
   89   87   82   74   65   54   46   42   44   54   69   90  112  134  154  171
  186  199  212  224  237  248  257  262  262
    57.5-180.0 180.0   5.0 450.0                            LAT/LON1/LON2/DLON/H
  268  265  256  244  232  222  216  215  215  216  213  205  191  172  150  128
  108   93   82   74   67   60   53   46   39   34   32   31   33   35   38   40
   41   42   43   45   48   51   55   60   64   67   69   71   72   73   74   75
   75   73   69   63   54   45   38   35   38   50   68   90  114  137  158  175
  189  201  213  225  237  249  259  266  268
    55.0-180.0 180.0   5.0 450.0                            LAT/LON1/LON2/DLON/H
  275  274  268  257  244  231  222  217  215  215  214  209  200  186  169  149
  130  113   97   84   71   59   47   37   30   25   24   26   29   33   37   40
   42   45   47   50   53   57   61   64   67   69   69   69   67   66   64   63
   62   61   58   53   47   40   34   32   37   50   69   93  118  142  162  179
  193  205  216  227  239  251  262  270  275
    52.5-180.0 180.0   5.0 450.0                            LAT/LON1/LON2/DLON/H
  285  288  286  277  265  251  239  229  222  219  216  213  207  198  185  169
  150  130  111   92   75   60   46   36   29   26   27   30   34   39   43   47
   51   54   58   62   65   69   71   73   74   73   72   69   65   62   58   56
   54   53   52   49   45   40   36   35   41   54   74   98  123  147  168  185
  199  212  223  234  245  256  267  277  285
    50.0-180.0 180.0   5.0 450.0                            LAT/LON1/LON2/DLON/H
  298  306  308  304  295  281  266  251  238  228  222  217  213  207  197  183
  164  143  120   99   80   64   52   43   38   37   39   43   47   50   54   58
   63   68   73   77   81   83   84   83   81   79   76   72   67   63   59   55
   53   53   52   52   50   47   44   45   51   64   83  106  131  153  174  192
  208  222  234  245  255  265  276  287  298
    47.5-180.0 180.0   5.0 450.0                            LAT/LON1/LON2/DLON/H
  311  323  330  331  326  315  299  280  261  244  232  223  218  213  205  191
  172  149  125  104   87   73   64   59   57   57   58   60   61   63   66   69
   75   81   87   92   95   96   94   91   87   83   80   76   72   68   65   61
   60   59   60   60   60   59   58   59   65   78   96  117  139  161  181  199
  217  233  248  259  269  278  288  299  311
    45.0-180.0 180.0   5.0 450.0                            LAT/LON1/LON2/DLON/H
  321  334  344  350  349  342  328  308  286  263  244  231  223  217  208  193
  173  149  127  109   95   87   83   81   80   79   78   77   74   73   74   77
   83   90   97  103  105  103   99   94   89   85   83   81   79   77   74   72
   71   71   72   73   74   73   73   75   82   94  110  129  149  168  187  206
  226  244  261  273  283  290  298  309  321
    42.5-180.0 180.0   5.0 450.0                            LAT/LON1/LON2/DLON/H
  323  334  344  352  356  353  344  327  305  280  257  240  229  220  209  192
  171  147  128  114  107  104  104  104  103  100   95   89   83   78   77   80
   86   94  101  106  107  104   98   92   87   84   84   85   86   86   86   85
   84   84   85   86   87   87   87   90   97  109  125  143  160  177  195  213
  233  253  271  284  294  300  306  313  323
    40.0-180.0 180.0   5.0 450.0                            LAT/LON1/LON2/DLON/H
  318  324  330  336  341  343  340  330  312  289  266  247  234  223  209  191
  168  146  130  121  120  122  123  123  120  114  105   96   87   81   79   82
   88   95  102  106  105  100   94   87   84   83   86   89   92   94   95   95
   95   95   95   95   95   95   96  100  109  123  139  156  172  187  203  220
  240  259  277  291  300  306  309  313  318
    37.5-180.0 180.0   5.0 450.0                            LAT/LON1/LON2/DLON/H
  310  307  306  307  310  315  318  315  305  287  268  251  238  226  210  190
  168  148  135  131  133  136  136  133  127  119  109   99   91   86   85   88
   93   99  103  104  102   96   89   84   82   84   88   93   96   99  100  101
  101  101  100   99   97   96   98  103  115  132  151  169  185  199  214  229
  247  264  281  294  304  309  311  311  310
    35.0-180.0 180.0   5.0 450.0                            LAT/LON1/LON2/DLON/H
  306  296  285  277  275  279  286  290  287  277  264  251  240  229  213  193
  172  154  144  141  143  143  139  132  124  117  110  105  101  100  102  106
  109  110  110  107  103   96   89   84   84   88   93   97   99  100  101  101
  101  100   98   96   92   90   92  100  116  137  160  182  199  214  228  242
  257  272  286  299  309  315  317  314  306
    32.5-180.0 180.0   5.0 450.0                            LAT/LON1/LON2/DLON/H
  318  301  281  264  254  253  259  265  268  265  258  250  242  232  218  199
  179  164  154  150  148  142  133  123  116  114  116  120  125  130  136  139
  138  133  127  120  112  103   96   92   93   97  101  103  102   99   97   97
   96   94   91   87   82   78   80   91  112  139  168  194  214  231  246  260
  273  285  297  309  321  329  332  328  318
    30.0-180.0 180.0   5.0 450.0                            LAT/LON1/LON2/DLON/H
  351  333  309  284  265  256  255  258  261  260  257  252  245  237  224  207
  190  175  164  156  146  133  120  110  110  119  134  150  165  177  185  187
  181  169  155  142  130  120  111  106  107  110  112  110  104   97   92   89
   87   85   81   75   69   64   67   81  107  141  175  206  231  251  269  284
  296  306  317  330  343  355  362  361  351
    27.5-180.0 180.0   5.0 450.0                            LAT/LON1/LON2/DLON/H
  410  397  375  347  321  301  288  282  277  273  268  262  254  245  232  217
  201  186  173  158  141  122  107  102  113  137  167  196  220  237  246  244
  232  212  190  171  156  142  131  124  123  124  123  117  106   95   87   82
   79   77   72   65   57   51   55   73  104  144  184  219  249  273  294  312
  325  336  347  362  379  396  408  414  410
    25.0-180.0 180.0   5.0 450.0                            LAT/LON1/LON2/DLON/H
  489  488  475  451  422  391  365  343  325  311  298  286  273  259  244  229
  214  197  179  158  135  114  103  109  134  173  216  254  282  300  307  301
  282  255  226  202  183  167  153  143  139  137  133  123  109   95   84   78
   75   71   66   58   49   44   50   71  107  151  195  234  267  296  322  343
  359  373  387  404  425  447  467  482  489
    22.5-180.0 180.0   5.0 450.0                            LAT/LON1/LON2/DLON/H
  577  593  595  582  554  517  476  438  404  375  350  327  305  283  263  245
  227  208  185  160  136  118  116  135  174  225  275  314  339  352  354  344
  320  287  255  228  206  188  171  158  151  147  141  129  113   98   86   79
   75   71   65   56   47   43   51   76  116  163  210  252  287  319  348  374
  395  412  430  452  478  505  531  556  577
    20.0-180.0 180.0   5.0 450.0                            LAT/LON1/LON2/DLON/H
  659  693  714  716  695  655  605  552  503  460  422  386  351  318  289  266
  245  223  196  170  149  140  150  182  230  285  333  363  378  382  378  363
  337  303  270  242  221  201  182  168  159  153  146  133  118  102   91   84
   79   74   67   58   50   48   60   88  132  181  229  271  307  341  373  402
  427  449  472  498  528  558  589  623  659
    17.5-180.0 180.0   5.0 450.0                            LAT/LON1/LON2/DLON/H
  719  768  808  826  815  779  725  665  606  553  504  457  409  364  326  296
  271  244  216  192  179  182  205  245  295  343  377  391  390  382  372  356
  331  299  269  244  224  205  186  171  161  155  148  137  122  109   99   91
   86   80   72   63   56   57   73  106  152  203  250  291  327  361  395  426
  454  480  507  537  568  600  633  672  719
    15.0-180.0 180.0   5.0 450.0                            LAT/LON1/LON2/DLON/H
  747  806  858  889  890  862  813  754  695  639  586  531  474  419  373  336
  305  276  249  230  227  242  274  315  356  386  397  389  370  352  339  325
  305  279  254  234  218  202  185  171  162  157  150  140  127  115  106   99
   93   85   77   68   63   69   90  127  175  225  271  310  346  380  413  445
  474  502  531  563  594  624  656  695  747
    12.5-180.0 180.0   5.0 450.0                            LAT/LON1/LON2/DLON/H
  742  802  858  897  907  890  851  803  753  704  655  600  539  479  426  384
  350  319  294  283  290  314  347  379  400  404  388  358  325  301  289  282
  270  253  234  220  208  195  182  170  163  159  153  143  131  121  113  106
   99   90   80   72   70   80  106  147  196  245  289  327  362  396  428  458
  486  514  543  575  604  631  658  693  742
    10.0-180.0 180.0   5.0 450.0                            LAT/LON1/LON2/DLON/H
  712  764  815  853  868  862  838  807  774  740  701  653  596  536  482  438
  403  372  351  346  361  387  412  424  418  393  353  306  267  245  240  242
  240  230  218  208  200  191  181  173  168  164  158  147  136  126  118  111
  103   93   83   75   75   89  119  163  213  261  303  340  375  408  439  468
  493  518  546  575  602  624  644  672  712
     7.5-180.0 180.0   5.0 450.0                            LAT/LON1/LON2/DLON/H
  671  709  747  777  792  793  785  773  760  745  722  687  639  584  534  493
  459  431  413  413  429  450  458  444  408  357  300  249  214  202  208  220
  225  221  213  206  201  194  187  181  177  173  165  153  141  130  122  115
  107   97   87   79   81   97  130  176  224  270  311  348  384  417  447  473
  496  518  542  567  591  610  625  643  671
     5.0-180.0 180.0   5.0 450.0                            LAT/LON1/LON2/DLON/H
  636  658  679  696  707  712  715  720  725  728  722  701  665  621  579  543
  513  488  474  475  486  493  478  435  373  305  245  202  183  187  206  225
  235  232  225  218  212  206  199  193  190  184  174  161  147  136  128  121
  112  103   92   85   87  105  139  184  231  274  313  351  387  422  452  476
  496  514  535  557  579  596  609  620  636
     2.5-180.0 180.0   5.0 450.0                            LAT/LON1/LON2/DLON/H
  621  629  635  639  642  646  656  670  687  702  709  700  677  645  613  584
  559  538  526  524  525  512  472  404  325  254  205  182  185  207  236  259
  267  262  251  242  233  225  216  210  204  196  184  170  156  146  138  131
  122  113  102   94   96  113  146  189  233  273  311  348  387  422  452  476
  495  511  529  549  571  590  604  613  621
