static/ion/2023-12-07.23i
     1.0            IONOSPHERE MAPS     GNSS                IONEX VERSION / TYPE
IONINX V5.5         AIUB                06-DEC-23 07:42     PGM / RUN BY / DATE 
CODE'S 2-DAY PREDICTED IONOSPHERE MAPS FOR DAY 341, 2023    COMMENT             
Global ionosphere maps (GIM) are generated on a daily basis DESCRIPTION         
at CODE using data from about 120 GNSS sites of the IGS and DESCRIPTION         
other institutions. The vertical total electron content     DESCRIPTION         
(VTEC) is modeled in a solar-geomagnetic reference frame    DESCRIPTION         
using a spherical harmonics expansion up to degree and      DESCRIPTION         
order 15. Piece-wise linear functions are used for          DESCRIPTION         
representation in the time domain. The time spacing of      DESCRIPTION         
their vertices is 1 hour, conforming with the epochs of the DESCRIPTION         
VTEC maps.                                                  DESCRIPTION         
To convert line-of-sight TEC into vertical TEC, a modified  DESCRIPTION         
single-layer model mapping function approximating the JPL   DESCRIPTION         
extended slab model mapping function is adopted. The        DESCRIPTION         
mapping function is evaluated at geodetic satellite         DESCRIPTION         
elevation angles. For the computation of the ionospheric    DESCRIPTION         
pierce points, a spherical layer with a radius of 6821 km   DESCRIPTION         
is assumed, implying geocentric, not geodetic IONEX         DESCRIPTION         
latitudes.                                                  DESCRIPTION         
Instrumental biases with respect to each involved GNSS code DESCRIPTION         
observable are estimated as constant values for each        DESCRIPTION         
day. They are modeled with one set of bias parameters for   DESCRIPTION         
each satellite and each station in case of GPS and for each DESCRIPTION         
satellite-station link in case of GLONASS. The code bias    DESCRIPTION         
datum is defined by zero-mean conditions imposed on the     DESCRIPTION         
satellite bias estimates. In this file, just GPS C1W-C2W    DESCRIPTION         
satellite and station bias values are included. The         DESCRIPTION         
complete set of GNSS code bias results is provided in an    DESCRIPTION         
additional Bias-SINEX file as pseudo-absolute values        DESCRIPTION         
specific to each observable.                                DESCRIPTION         
Contact address: code(at)aiub.unibe.ch                      DESCRIPTION         
Data archive:    ftp.aiub.unibe.ch/CODE/                    DESCRIPTION         
                 www.aiub.unibe.ch/download/CODE/           DESCRIPTION         
  2023    12     7     0     0     0                        EPOCH OF FIRST MAP  
  2023    12     8     0     0     0                        EPOCH OF LAST MAP   
  3600                                                      INTERVAL            
    25                                                      # OF MAPS IN FILE   
  NONE                                                      MAPPING FUNCTION    
    10.0                                                    ELEVATION CUTOFF    
One-way carrier phase leveled to code                       OBSERVABLES USED    
  6371.0                                                    BASE RADIUS         
     2                                                      MAP DIMENSION       
   450.0 450.0   0.0                                        HGT1 / HGT2 / DHGT  
    87.5 -87.5  -2.5                                        LAT1 / LAT2 / DLAT  
  -180.0 180.0   5.0                                        LON1 / LON2 / DLON  
    -1                                                      EXPONENT            
TEC/RMS values in 0.1 TECU; 9999, if no value available     COMMENT             
                                                            END OF HEADER       
[from data line 6435]
    16                                                      START OF TEC MAP    
  2023    12     7    15     0     0                        EPOCH OF CURRENT MAP
    87.5-180.0 180.0   5.0 450.0                            LAT/LON1/LON2/DLON/H
   84   85   86   87   88   89   90   91   92   93   94   94   95   96   96   97
   97   97   97   97   97   97   97   97   96   96   96   95   95   94   94   93
   93   92   91   91   90   90   89   89   89   88   88   87   87   87   86   86
   86   86   85   85   85   84   84   83   83   83   82   82   82   81   81   81
   81   81   81   82   82   82   83   84   84
    85.0-180.0 180.0   5.0 450.0                            LAT/LON1/LON2/DLON/H
   69   71   73   76   78   80   83   85   87   89   91   92   94   95   96   96
   96   97   97   97   97   96   96   95   95   94   93   93   92   91   90   88
   87   86   85   84   83   82   81   81   80   80   80   80   80   81   81   81
   81   81   81   81   80   80   79   78   77   75   74   72   71   69   68   67
   66   65   64   64   65   65   66   68   69
    82.5-180.0 180.0   5.0 450.0                            LAT/LON1/LON2/DLON/H
   49   52   56   60   64   68   72   75   79   82   84   86   87   88   89   89
   89   89   89   89   90   90   90   90   90   89   89   88   87   85   84   82
   80   78   76   75   73   72   71   71   71   71   72   73   74   76   78   79
   81   82   83   83   83   82   81   79   77   74   71   68   64   60   57   53
   50   48   46   45   44   44   45   47   49
    80.0-180.0 180.0   5.0 450.0                            LAT/LON1/LON2/DLON/H
   30   34   38   43   48   54   59   64   69   72   75   76   77   78   78   78
   77   77   78   79   80   82   83   85   86   87   88   88   87   85   83   80
   77   73   70   67   65   63   62   62   62   63   65   68   71   75   78   82
   86   89   91   93   94   93   92   89   86   82   76   71   65   59   53   47
   41   37   32   29   27   26   26   28   30
    77.5-180.0 180.0   5.0 450.0                            LAT/LON1/LON2/DLON/H
   18   21   25   31   37   43   49   55   60   63   66   67   67   66   65   65
   64   65   67   70   73   78   83   88   92   95   97   97   96   94   90   85
   80   75   70   65   62   59   57   56   57   59   62   66   71   77   83   89
   95  100  105  108  109  110  108  105  101   95   89   82   74   66   58   50
   42   35   29   24   20   17   16   16   18
    75.0-180.0 180.0   5.0 450.0                            LAT/LON1/LON2/DLON/H
   16   18   21   26   32   38   44   50   55   58   60   60   59   57   55   54
   54   56   60   67   75   84   94  103  111  116  119  120  118  114  108  101
   93   85   77   70   64   60   57   56   57   59   63   68   75   82   89   97
  105  111  117  122  124  125  124  121  116  110  103   95   87   78   70   61
   53   45   38   31   25   21   17   16   16
    72.5-180.0 180.0   5.0 450.0                            LAT/LON1/LON2/DLON/H
   26   26   27   30   35   40   45   50   54   57   58   57   55   52   49   48
   49   54   62   73   87  102  118  132  143  151  154  154  151  144  135  125
  113  102   91   81   73   67   63   61   61   63   67   72   78   85   93  101
  109  116  123  128  131  132  131  128  124  118  111  105   98   91   84   77
   70   63   56   49   42   36   32   28   26
    70.0-180.0 180.0   5.0 450.0                            LAT/LON1/LON2/DLON/H
   45   43   42   42   44   47   50   54   57   59   59   57   54   51   48   47
   50   58   71   88  108  130  152  170  185  194  197  196  190  180  168  154
  140  125  111   98   88   79   74   70   69   70   72   76   80   85   91   97
  104  111  117  122  125  126  125  122  118  113  109  104  100   97   94   91
   88   83   78   72   66   60   54   49   45
    67.5-180.0 180.0   5.0 450.0                            LAT/LON1/LON2/DLON/H
   68   64   60   58   57   57   57   59   60   61   61   60   57   53   51   51
   56   67   85  108  135  163  190  212  229  238  241  237  229  217  202  186
  169  152  136  120  107   96   88   83   80   78   78   78   79   80   82   85
   88   93   97  101  104  104  103  101   98   95   92   91   91   93   95   97
   98   98   96   93   89   83   78   73   68
    65.0-180.0 180.0   5.0 450.0                            LAT/LON1/LON2/DLON/H
   86   82   77   73   69   66   64   63   63   63   63   62   59   57   55   57
   64   79  100  128  160  193  224  249  266  275  277  272  263  250  235  219
  201  183  164  146  130  116  105   97   91   87   83   79   74   70   66   64
   64   65   68   70   72   73   72   70   68   66   66   68   72   78   85   92
   98  102  104  104  102   99   95   91   86
    62.5-180.0 180.0   5.0 450.0                            LAT/LON1/LON2/DLON/H
   96   92   88   82   77   71   66   63   62   62   62   61   60   59   60   63
   73   89  114  145  180  216  248  273  290  299  300  296  288  277  265  251
  235  216  196  175  156  138  124  113  104   96   88   78   68   57   48   41
   36   35   35   37   38   38   38   36   35   35   36   40   47   56   66   76
   86   94   99  102  103  102  101   99   96
    60.0-180.0 180.0   5.0 450.0                            LAT/LON1/LON2/DLON/H
   93   92   89   84   78   71   65   60   58   57   58   59   60   61   63   69
   80   98  124  156  191  227  258  283  299  308  310  308  304  298  291  282
  268  251  230  206  183  162  144  130  118  106   94   80   64   47   33   21
   13   10    9   10   11   12   12   11   10   11   13   17   24   34   45   56
   67   76   82   87   90   91   93   93   93
    57.5-180.0 180.0   5.0 450.0                            LAT/LON1/LON2/DLON/H
   80   82   81   79   74   67   61   55   52   51   52   54   57   61   67   75
   87  106  131  162  196  229  258  281  296  305  310  312  314  315  315  311
  301  285  263  237  211  186  164  147  132  117  102   84   64   43   25   11
    2    0    0    0    0    1    1    1    1    1    3    6   12   19   28   37
   46   54   60   64   68   71   74   77   80
    55.0-180.0 180.0   5.0 450.0                            LAT/LON1/LON2/DLON/H
   61   66   68   68   66   61   56   50   47   45   46   50   55   62   71   82
   97  116  140  168  198  227  252  273  288  298  306  314  322  330  335  336
  329  314  292  265  235  207  183  163  146  130  112   92   69   47   28   14
    6    3    3    5    6    8    8    9    9    9   10   11   14   17   21   26
   31   35   39   42   44   48   51   56   61
    52.5-180.0 180.0   5.0 450.0                            LAT/LON1/LON2/DLON/H
   43   49   54   57   58   56   53   49   45   43   44   48   55   65   78   93
  110  130  152  176  202  226  248  267  281  294  306  318  330  342  351  354
  349  335  313  285  254  225  200  178  160  143  124  103   80   59   41   29
   24   22   24   26   27   28   29   30   31   31   31   30   29   27   26   26
   26   26   26   27   28   30   33   38   43
    50.0-180.0 180.0   5.0 450.0                            LAT/LON1/LON2/DLON/H
   32   37   43   48   53   55   55   52   49   46   46   50   59   72   89  108
  129  149  170  192  213  233  252  269  284  298  312  326  340  351  359  361
  356  342  321  295  267  239  213  192  173  155  137  116   95   75   61   52
   50   51   53   54   54   54   54   55   57   58   58   56   51   46   40   35
   31   27   25   23   22   23   24   27   32
    47.5-180.0 180.0   5.0 450.0                            LAT/LON1/LON2/DLON/H
   30   33   38   45   52   58   61   61   58   55   54   57   67   84  105  128
  152  175  195  214  232  249  266  282  298  313  327  339  349  355  358  356
  349  336  319  297  273  249  225  205  186  168  149  129  109   92   81   76
   76   79   81   80   78   76   75   75   78   80   81   78   73   66   58   50
   43   38   34   31   30   28   28   28   30
    45.0-180.0 180.0   5.0 450.0                            LAT/LON1/LON2/DLON/H
   38   38   41   47   56   64   70   72   71   67   65   69   80   99  123  151
  178  203  224  242  258  273  289  305  321  335  347  354  356  353  347  339
  330  320  309  294  277  258  238  218  198  179  160  140  121  107   98   95
   97   99  100   97   91   86   83   83   86   90   92   91   87   80   72   64
   57   52   48   46   45   43   42   39   38
    42.5-180.0 180.0   5.0 450.0                            LAT/LON1/LON2/DLON/H
   51   48   48   53   62   71   80   84   83   80   79   83   95  116  144  175
  205  231  253  271  286  301  316  332  347  360  366  366  358  345  330  318
  309  304  300  295  286  273  255  235  214  192  170  150  131  117  109  107
  108  109  107  101   92   85   80   79   82   86   89   90   88   84   78   72
   67   64   62   62   62   61   59   55   51
    40.0-180.0 180.0   5.0 450.0                            LAT/LON1/LON2/DLON/H
   64   59   57   59   67   77   86   92   93   91   92   98  112  135  165  197
  228  255  278  296  311  326  341  356  370  379  380  372  356  334  314  300
  295  298  304  309  308  298  281  259  234  209  184  161  141  125  116  113
  112  111  106   98   87   78   72   69   70   73   77   79   80   78   75   72
   70   69   69   71   74   75   74   70   64
    37.5-180.0 180.0   5.0 450.0                            LAT/LON1/LON2/DLON/H
   72   66   62   63   69   78   87   93   96   98  101  111  129  154  185  217
  247  274  296  314  329  343  358  372  383  389  386  373  352  328  309  299
  302  315  331  344  347  339  319  292  262  232  203  178  155  137  126  120
  116  113  107   98   88   78   71   66   63   63   64   66   68   68   68   67
   66   67   69   72   76   80   80   78   72
    35.0-180.0 180.0   5.0 450.0                            LAT/LON1/LON2/DLON/H
   73   68   64   63   67   74   82   89   93   98  106  121  144  172  203  233
  262  287  308  325  339  352  364  375  384  388  385  372  354  335  323  324
  339  363  387  404  407  395  370  337  300  265  233  204  180  160  146  137
  131  127  121  114  106   98   90   81   74   68   64   63   62   62   61   61
   60   61   62   65   69   74   77   76   73
    32.5-180.0 180.0   5.0 450.0                            LAT/LON1/LON2/DLON/H
   66   64   61   60   62   67   73   79   84   92  107  129  157  189  220  248
  273  295  314  330  343  353  361  369  376  381  380  375  366  360  363  379
  408  442  471  487  485  465  432  391  349  309  275  245  220  199  183  172
  166  162  159  155  151  145  136  123  109   95   84   77   72   68   65   62
   59   57   55   55   57   62   66   67   66
    30.0-180.0 180.0   5.0 450.0                            LAT/LON1/LON2/DLON/H
   57   57   56   55   56   59   62   67   73   84  104  133  168  203  235  261
  283  302  319  333  343  350  354  359  364  372  379  386  393  406  428  462
  504  544  573  583  571  541  498  451  405  364  329  301  276  255  240  229
  224  222  222  223  223  219  209  191  169  147  127  112  100   90   82   75
   68   61   54   49   47   48   52   55   57
    27.5-180.0 180.0   5.0 450.0                            LAT/LON1/LON2/DLON/H
   49   51   52   52   52   53   55   57   62   75  100  135  176  216  248  273
  293  311  326  338  345  348  348  350  356  369  388  411  437  470  511  560
  612  655  679  678  654  613  563  511  465  425  394  368  346  328  314  305
  301  302  306  310  313  310  296  273  244  214  188  166  146  129  115  102
   90   78   65   53   45   42   43   46   49
    25.0-180.0 180.0   5.0 450.0                            LAT/LON1/LON2/DLON/H
   48   51   53   54   54   53   53   53   56   70   96  136  182  225  260  285
  305  322  337  347  352  351  349  349  358  379  411  450  495  544  599  659
  714  755  770  757  721  672  618  567  524  489  463  442  424  409  397  390
  388  390  395  401  403  398  381  353  319  284  253  226  202  179  158  140
  124  107   89   70   56   47   44   45   48
    22.5-180.0 180.0   5.0 450.0                            LAT/LON1/LON2/DLON/H
   55   58   60   61   61   60   58   55   57   68   95  137  186  232  269  296
  318  337  352  362  365  363  359  361  375  404  448  500  557  617  679  740
  793  826  831  808  764  710  658  613  577  550  531  515  501  487  477  470
  468  470  473  476  474  464  443  411  375  340  309  281  255  228  205  184
  165  146  123  100   79   64   56   54   55
    20.0-180.0 180.0   5.0 450.0                            LAT/LON1/LON2/DLON/H
   70   71   72   73   73   72   69   65   64   73   98  140  189  237  276  307
  332  354  371  382  385  383  381  386  405  442  495  555  617  677  736  791
  836  859  855  825  778  727  682  647  622  604  591  579  566  553  541  532
  527  524  522  518  509  493  467  434  399  368  343  319  295  270  246  225
  206  186  162  135  111   91   79   72   70
    17.5-180.0 180.0   5.0 450.0                            LAT/LON1/LON2/DLON/H
   90   88   87   87   87   86   83   78   76   83  106  145  194  241  282  317
  346  372  393  405  410  410  411  421  447  490  546  607  665  716  764  806
  839  853  843  811  768  726  693  671  658  648  639  628  614  597  580  565
  553  543  532  519  502  479  450  418  389  366  350  335  317  296  274  256
  240  221  197  170  144  122  106   96   90
    15.0-180.0 180.0   5.0 450.0                            LAT/LON1/LON2/DLON/H
  110  104  101  100   99   98   96   92   90   96  118  155  201  248  290  328
  362  392  416  430  437  440  447  463  494  540  595  649  696  732  763  790
  811  818  806  777  743  714  696  688  685  682  675  661  642  617  591  566
  544  524  504  482  457  429  400  373  352  339  334  329  320  305  289  274
  261  245  224  198  172  149  131  118  110
    12.5-180.0 180.0   5.0 450.0                            LAT/LON1/LON2/DLON/H
  124  116  111  107  105  104  104  103  104  112  134  169  213  258  301  341
  379  413  439  455  464  472  484  507  542  587  636  679  709  728  741  754
  765  769  760  740  718  702  698  701  706  706  697  678  650  615  578  541
  508  478  449  420  391  363  337  316  304  302  307  312  311  302  291  281
  271  257  238  214  190  168  150  136  124
    10.0-180.0 180.0   5.0 450.0                            LAT/LON1/LON2/DLON/H
  132  121  113  107  104  104  106  109  115  128  153  189  231  275  317  359
  400  436  463  480  492  504  522  549  585  627  667  695  709  711  711  714
  721  726  723  713  703  699  705  715  723  723  709  683  646  600  550  502
  459  421  387  355  327  302  283  271  268  274  285  296  299  295  287  279
  271  259  241  220  198  178  161  145  132
     7.5-180.0 180.0   5.0 450.0                            LAT/LON1/LON2/DLON/H
  133  121  110  102   97   97  100  108  122  142  173  212  254  297  339  381
  424  461  489  507  520  535  556  586  622  658  687  702  702  693  685  686
  694  704  709  708  706  710  720  732  739  734  715  681  635  580  521  464
  413  371  336  308  286  270  260  256  260  269  282  292  296  293  286  277
  268  255  239  219  199  181  164  148  133
     5.0-180.0 180.0   5.0 450.0                            LAT/LON1/LON2/DLON/H
  131  117  104   94   87   86   91  104  125  155  193  236  280  322  364  407
  450  488  515  534  548  565  588  618  651  680  698  702  694  681  674  679
  693  709  720  725  728  734  743  751  753  742  716  676  624  564  500  439
  385  344  313  293  282  277  278  282  288  296  304  309  308  302  292  280
  268  253  236  217  199  181  164  147  131
     2.5-180.0 180.0   5.0 450.0                            LAT/LON1/LON2/DLON/H
  130  114  100   87   78   75   81   98  126  165  211  259  306  348  390  434
  477  514  542  561  575  593  616  644  672  694  704  702  691  681  681  694
  716  738  753  761  763  765  768  769  763  745  714  671  619  558  495  435
  384  347  325  315  316  324  334  344  349  351  350  345  336  323  307  291
  274  256  238  219  201  184  167  148  130
