static/ion/2023-12-05.23i
     1.0            IONOSPHERE MAPS     GNSS                IONEX VERSION / TYPE
IONINX V5.5         AIUB                04-DEC-23 07:45     PGM / RUN BY / DATE 
CODE'S 2-DAY PREDICTED IONOSPHERE MAPS FOR DAY 339, 2023    COMMENT             
Global ionosphere maps (GIM) are generated on a daily basis DESCRIPTION         
at CODE using data from about 120 GNSS sites of the IGS and DESCRIPTION         
other institutions. The vertical total electron content     DESCRIPTION         
(VTEC) is modeled in a solar-geomagnetic reference frame    DESCRIPTION         
using a spherical harmonics expansion up to degree and      DESCRIPTION         
order 15. Piece-wise linear functions are used for          DESCRIPTION         
representation in the time domain. The time spacing of      DESCRIPTION         
their vertices is 1 hour, conforming with the epochs of the DESCRIPTION         
VTEC maps.                                                  DESCRIPTION         
To convert line-of-sight TEC into vertical TEC, a modified  DESCRIPTION         
single-layer model mapping function approximating the JPL   DESCRIPTION         
extended slab model mapping function is adopted. The        DESCRIPTION         
mapping function is evaluated at geodetic satellite         DESCRIPTION         
elevation angles. For the computation of the ionospheric    DESCRIPTION         
pierce points, a spherical layer with a radius of 6821 km   DESCRIPTION         
is assumed, implying geocentric, not geodetic IONEX         DESCRIPTION         
latitudes.                                                  DESCRIPTION         
Instrumental biases with respect to each involved GNSS code DESCRIPTION         
observable are estimated as constant values for each        DESCRIPTION         
day. They are modeled with one set of bias parameters for   DESCRIPTION         
each satellite and each station in case of GPS and for each DESCRIPTION         
satellite-station link in case of GLONASS. The code bias    DESCRIPTION         
datum is defined by zero-mean conditions imposed on the     DESCRIPTION         
satellite bias estimates. In this file, just GPS C1W-C2W    DESCRIPTION         
satellite and station bias values are included. The         DESCRIPTION         
complete set of GNSS code bias results is provided in an    DESCRIPTION         
additional Bias-SINEX file as pseudo-absolute values        DESCRIPTION         
specific to each observable.                                DESCRIPTION         
Contact address: code(at)aiub.unibe.ch                      DESCRIPTION         
Data archive:    ftp.aiub.unibe.ch/CODE/                    DESCRIPTION         
                 www.aiub.unibe.ch/download/CODE/           DESCRIPTION         
  2023    12     5     0     0     0                        EPOCH OF FIRST MAP  
  2023    12     6     0     0     0                        EPOCH OF LAST MAP   
  3600                                                      INTERVAL            
    25                                                      # OF MAPS IN FILE   
  NONE                                                      MAPPING FUNCTION    
    10.0                                                    ELEVATION CUTOFF    
One-way carrier phase leveled to code                       OBSERVABLES USED    
  6371.0                                                    BASE RADIUS         
     2                                                      MAP DIMENSION       
   450.0 450.0   0.0                                        HGT1 / HGT2 / DHGT  
    87.5 -87.5  -2.5                                        LAT1 / LAT2 / DLAT  
  -180.0 180.0   5.0                                        LON1 / LON2 / DLON  
    -1                                                      EXPONENT            
TEC/RMS values in 0.1 TECU; 9999, if no value available     COMMENT             
                                                            END OF HEADER       
[from data line 6435]
    16                                                      START OF TEC MAP    
  2023    12     5    15     0     0                        EPOCH OF CURRENT MAP
    87.5-180.0 180.0   5.0 450.0                            LAT/LON1/LON2/DLON/H
   96   96   97   98   99  100  101  101  102  102  103  103  103  103  103  103
  102  102  101  101  100   99   98   98   97   96   95   94   93   92   91   90
   89   88   88   87   86   86   85   85   85   84   84   84   84   84   84   84
   84   85   85   85   86   86   86   87   87   87   88   88   88   89   89   90
   90   91   91   92   92   93   94   95   96
    85.0-180.0 180.0   5.0 450.0                            LAT/LON1/LON2/DLON/H
   88   90   92   94   96   98  100  102  104  105  106  107  108  108  107  107
  106  105  104  102  100   99   97   95   94   92   90   88   87   85   84   82
   81   79   78   77   76   75   74   73   73   73   73   73   73   74   75   76
   77   78   79   80   81   81   82   82   83   83   83   83   82   82   82   82
   81   81   82   82   83   84   85   86   88
    82.5-180.0 180.0   5.0 450.0                            LAT/LON1/LON2/DLON/H
   73   76   79   83   86   90   94   97  100  102  104  106  106  106  106  105
  103  101   99   97   95   93   91   89   87   86   84   82   81   79   77   76
   74   72   71   69   67   66   65   64   63   63   64   64   65   67   69   71
   73   76   78   80   82   84   85   85   85   85   84   82   80   78   76   74
   72   71   70   69   68   69   70   71   73
    80.0-180.0 180.0   5.0 450.0                            LAT/LON1/LON2/DLON/H
   56   59   63   67   72   77   82   87   91   94   97   99   99   99   98   97
   95   93   91   89   87   85   84   83   82   82   81   81   80   79   77   76
   74   72   70   67   65   63   61   59   58   58   58   59   61   64   67   71
   75   79   84   87   91   93   95   96   95   94   92   89   85   81   76   72
   67   63   60   57   55   54   54   55   56
    77.5-180.0 180.0   5.0 450.0                            LAT/LON1/LON2/DLON/H
   43   45   48   52   57   63   68   74   79   83   86   88   88   88   87   85
   83   82   81   80   80   81   82   83   85   86   87   88   88   88   87   85
   83   80   77   73   69   66   63   60   58   57   57   58   60   63   68   73
   80   86   92   98  103  107  110  111  110  108  105  100   95   89   82   76
   69   63   58   53   49   45   43   42   43
    75.0-180.0 180.0   5.0 450.0                            LAT/LON1/LON2/DLON/H
   39   38   40   43   47   52   57   62   67   71   74   75   76   75   74   73
   73   73   74   76   80   84   89   94   98  102  105  107  108  107  106  103
   99   95   90   85   79   74   69   65   62   59   58   59   61   64   70   76
   83   91  100  107  114  119  122  124  123  121  117  112  106   99   92   85
   78   72   65   59   53   48   43   40   39
    72.5-180.0 180.0   5.0 450.0                            LAT/LON1/LON2/DLON/H
   45   42   41   42   43   47   50   54   58   61   63   64   64   63   63   63
   65   68   74   81   89   98  108  116  124  130  134  137  137  135  132  128
  122  115  108  100   92   85   78   72   67   64   62   61   62   64   69   75
   82   91  100  108  116  122  126  128  127  125  122  117  112  107  101   96
   91   86   80   74   68   61   55   50   45
    70.0-180.0 180.0   5.0 450.0                            LAT/LON1/LON2/DLON/H
   62   56   52   49   48   49   50   52   53   55   55   55   54   54   55   58
   63   70   81   94  108  123  137  149  160  167  171  173  172  168  163  155
  147  137  127  116  106   96   87   80   74   69   65   62   61   61   63   68
   74   81   90   98  106  112  116  118  118  116  114  111  108  106  105  104
  103  101   98   94   89   83   76   68   62
    67.5-180.0 180.0   5.0 450.0                            LAT/LON1/LON2/DLON/H
   82   74   68   63   59   57   55   54   53   52   50   49   48   48   50   56
   65   77   94  113  133  153  171  187  198  206  209  209  206  201  193  183
  172  159  146  132  119  107   96   87   80   73   68   62   58   55   53   54
   57   62   68   75   82   87   91   93   94   93   93   92   93   95   98  103
  107  111  112  112  109  104   97   90   82
    65.0-180.0 180.0   5.0 450.0                            LAT/LON1/LON2/DLON/H
   98   91   84   77   72   68   64   60   56   52   49   46   44   45   49   57
   70   88  110  134  159  184  205  222  233  240  243  241  237  230  222  211
  198  182  166  149  133  118  106   95   87   79   71   63   55   47   40   36
   35   36   39   44   49   53   57   59   60   61   62   64   68   74   82   92
  101  110  117  121  121  118  113  106   98
    62.5-180.0 180.0   5.0 450.0                            LAT/LON1/LON2/DLON/H
  106   99   93   88   82   77   72   66   60   54   49   45   43   44   50   62
   78  100  126  154  182  209  231  248  259  265  266  265  261  255  248  238
  225  208  190  170  150  132  117  105   95   86   76   65   53   40   28   19
   12    9    9   11   14   18   21   23   25   27   30   34   40   49   60   72
   86   98  109  116  119  119  116  112  106
    60.0-180.0 180.0   5.0 450.0                            LAT/LON1/LON2/DLON/H
  100   97   93   90   87   82   77   71   64   56   50   45   43   46   54   67
   87  112  140  170  199  225  246  262  272  277  279  279  278  277  273  266
  255  238  218  195  172  151  133  119  108   97   85   71   55   37   21    7
    0    0    0    0    0    0    0    0    0    1    5   10   16   25   37   50
   64   78   90   98  104  106  105  103  100
    57.5-180.0 180.0   5.0 450.0                            LAT/LON1/LON2/DLON/H
   84   84   84   84   83   82   78   73   66   58   51   46   45   49   59   75
   96  123  152  181  209  233  252  266  275  280  284  288  292  296  297  295
  287  272  250  225  198  174  153  137  124  111   98   81   62   41   21    4
    0    0    0    0    0    0    0    0    0    0    0    0    4   11   20   31
   43   55   65   73   79   82   83   83   84
    55.0-180.0 180.0   5.0 450.0                            LAT/LON1/LON2/DLON/H
   61   65   68   72   75   76   75   72   66   59   53   48   48   54   66   84
  107  134  163  190  215  235  252  263  272  279  287  295  304  314  321  324
  319  305  283  256  227  199  176  157  142  129  113   95   74   51   30   11
    0    0    0    0    0    0    0    0    0    0    1    4    7   10   15   21
   28   36   43   48   52   54   57   59   61
    52.5-180.0 180.0   5.0 450.0                            LAT/LON1/LON2/DLON/H
   41   46   51   57   63   67   70   69   66   60   55   52   54   61   75   95
  120  147  174  199  220  237  251  261  271  281  291  304  317  330  341  347
  344  332  311  283  253  224  199  179  162  146  130  110   88   66   44   27
   15    7    2    0    0    0    0    4   10   16   20   22   23   22   22   23
   24   27   29   30   31   33   35   37   41
    50.0-180.0 180.0   5.0 450.0                            LAT/LON1/LON2/DLON/H
   30   34   40   46   53   59   65   67   66   62   59   58   61   71   87  109
  135  162  188  210  228  243  254  265  277  289  303  317  331  344  354  359
  357  346  327  301  273  244  219  198  180  163  145  125  103   81   62   47
   37   32   28   25   23   21   22   27   33   40   45   46   45   41   37   34
   31   29   27   25   23   23   24   26   30
    47.5-180.0 180.0   5.0 450.0                            LAT/LON1/LON2/DLON/H
   31   33   36   41   47   55   61   66   67   66   65   65   71   83  101  125
  153  180  205  226  242  254  266  278  292  306  320  333  343  351  357  358
  355  345  329  308  284  259  235  214  195  176  157  136  115   94   77   65
   59   55   53   50   46   42   42   45   52   59   64   67   65   61   56   51
   46   41   37   32   29   28   28   29   31
    45.0-180.0 180.0   5.0 450.0                            LAT/LON1/LON2/DLON/H
   43   42   42   43   47   54   62   68   71   72   72   75   83   97  117  143
  171  200  225  245  260  272  284  298  314  329  341  349  352  351  348  343
  338  330  320  306  289  269  249  228  208  188  167  145  124  104   89   79
   75   73   71   68   62   56   53   54   60   67   73   77   76   74   70   66
   62   58   53   49   45   44   43   43   43
    42.5-180.0 180.0   5.0 450.0                            LAT/LON1/LON2/DLON/H
   62   58   54   52   53   58   65   71   76   78   81   86   96  112  134  161
  190  219  245  265  281  293  306  321  338  353  361  362  355  343  330  320
  313  310  307  302  294  281  264  245  223  200  176  153  131  112   98   89
   85   84   83   78   70   61   56   55   58   64   70   74   76   76   76   76
   75   73   70   67   65   64   65   64   62
    40.0-180.0 180.0   5.0 450.0                            LAT/LON1/LON2/DLON/H
   81   75   68   62   61   63   69   75   81   85   90   98  111  129  152  178
  207  237  263  284  300  313  327  342  358  370  374  368  352  332  312  299
  294  297  303  308  308  302  288  268  244  217  190  164  141  121  107   98
   95   94   91   86   77   66   57   53   53   57   61   64   67   70   74   78
   81   82   82   81   81   82   84   84   81
    37.5-180.0 180.0   5.0 450.0                            LAT/LON1/LON2/DLON/H
   93   87   79   71   68   69   73   79   84   90   97  109  126  146  169  195
  223  252  278  300  316  328  341  355  369  378  378  367  347  323  304  293
  295  306  322  335  342  339  326  304  275  244  213  184  159  139  124  115
  111  109  107  102   92   81   70   62   57   55   55   56   58   62   68   74
   80   84   85   87   88   91   94   96   93
    35.0-180.0 180.0   5.0 450.0                            LAT/LON1/LON2/DLON/H
   96   90   83   75   71   71   75   80   86   93  103  120  140  164  187  212
  238  264  290  311  326  337  346  357  367  374  373  362  344  326  314  313
  325  347  372  391  400  396  380  354  321  284  249  217  191  170  155  146
  142  141  140  136  128  116  103   91   81   72   66   61   59   60   64   70
   76   80   82   84   86   90   94   97   96
    32.5-180.0 180.0   5.0 450.0                            LAT/LON1/LON2/DLON/H
   89   85   79   73   70   71   74   79   84   93  107  129  155  181  206  229
  252  276  299  319  331  338  343  349  356  361  362  357  350  346  349  364
  391  424  454  475  481  472  450  417  379  338  299  266  239  219  205  197
  194  195  197  196  189  178  163  147  130  114   99   86   77   72   72   74
   77   78   77   77   77   81   85   88   89
    30.0-180.0 180.0   5.0 450.0                            LAT/LON1/LON2/DLON/H
   76   74   71   67   66   68   71   75   81   91  109  136  168  199  225  247
  267  288  308  325  334  337  336  337  340  346  353  360  370  385  410  444
  486  528  561  577  575  557  527  489  446  402  362  329  303  285  274  268
  268  273  278  279  275  264  248  227  203  179  155  133  115  102   94   89
   86   82   77   72   70   70   73   76   76
    27.5-180.0 180.0   5.0 450.0                            LAT/LON1/LON2/DLON/H
   66   64   61   59   60   63   67   71   76   88  110  143  181  216  245  266
  283  301  319  332  337  335  329  325  327  336  352  375  405  443  490  543
  597  644  674  683  669  640  602  559  515  471  432  401  378  363  355  353
  357  366  374  377  373  361  342  318  289  257  226  197  170  148  131  118
  108   97   86   76   69   66   65   66   66
    25.0-180.0 180.0   5.0 450.0                            LAT/LON1/LON2/DLON/H
   62   58   55   54   56   59   63   66   72   85  110  148  192  232  263  285
  302  317  332  342  344  337  328  322  325  339  365  404  454  512  577  643
  704  751  775  772  747  708  664  621  578  538  502  475  456  444  439  440
  448  459  468  471  466  451  429  400  367  332  298  264  231  202  177  158
  141  124  107   91   79   72   68   65   62
    22.5-180.0 180.0   5.0 450.0                            LAT/LON1/LON2/DLON/H
   68   62   56   54   55   59   62   64   69   82  110  152  201  246  280  303
  321  336  349  356  356  347  336  331  338  359  396  447  511  583  657  728
  789  830  845  831  796  751  706  666  630  596  566  543  527  518  513  515
  523  534  542  542  532  512  485  454  420  386  352  319  285  253  224  200
  179  158  137  117  101   90   82   75   68
    20.0-180.0 180.0   5.0 450.0                            LAT/LON1/LON2/DLON/H
   85   74   65   60   59   61   63   64   68   82  112  157  209  257  294  321
  340  356  368  375  373  365  356  355  367  396  441  500  570  644  717  783
  836  869  874  851  811  765  726  694  668  642  619  600  585  574  567  565
  569  576  579  573  555  529  498  466  434  405  378  350  320  289  261  237
  216  194  171  149  131  118  107   96   85
    17.5-180.0 180.0   5.0 450.0                            LAT/LON1/LON2/DLON/H
  107   91   78   70   67   66   67   66   70   85  116  163  216  266  306  336
  359  377  390  397  396  390  386  392  412  447  496  556  622  689  751  804
  844  865  862  836  796  757  727  707  692  675  658  641  625  608  593  582
  578  577  571  556  530  498  464  433  407  387  370  353  331  306  282  262
  243  224  202  180  162  148  135  122  107
    15.0-180.0 180.0   5.0 450.0                            LAT/LON1/LON2/DLON/H
  130  111   94   82   76   74   72   71   75   91  123  170  223  274  317  350
  377  398  414  421  422  421  424  439  467  507  556  609  664  714  758  794
  819  830  822  798  765  736  718  711  706  698  684  667  645  619  591  567
  550  538  522  497  465  428  394  367  349  340  336  331  319  302  285  270
  258  242  224  204  187  174  161  147  130
    12.5-180.0 180.0   5.0 450.0                            LAT/LON1/LON2/DLON/H
  147  127  107   93   85   81   78   76   81   99  133  180  233  283  327  364
  395  420  438  448  451  455  466  490  525  567  612  655  692  723  747  765
  776  780  773  755  732  716  711  714  717  712  700  679  650  612  568  528
  496  471  445  414  377  340  309  288  280  282  290  296  294  284  274  265
  258  248  233  216  202  190  180  166  147
    10.0-180.0 180.0   5.0 450.0                            LAT/LON1/LON2/DLON/H
  157  136  117  102   93   87   83   82   88  109  145  193  244  293  338  378
  414  443  464  476  482  491  510  540  580  622  659  689  709  721  728  731
  735  736  733  725  714  710  715  724  729  724  709  684  646  595  535  478
  432  396  364  329  293  261  236  224  224  236  252  265  269  264  257  253
  250  244  232  218  206  197  188  175  157
     7.5-180.0 180.0   5.0 450.0                            LAT/LON1/LON2/DLON/H
  159  139  121  106   97   92   87   87   96  120  159  208  258  306  351  394
  434  467  490  504  514  528  551  586  627  666  695  711  716  715  711  709
  710  714  718  719  720  724  733  742  743  734  715  685  639  577  505  435
  377  335  300  268  238  214  200  196  203  220  239  254  258  253  246  242
  240  235  226  214  203  196  187  175  159
     5.0-180.0 180.0   5.0 450.0                            LAT/LON1/LON2/DLON/H
  155  137  121  109  101   95   91   92  104  132  175  225  275  321  366  411
  454  490  516  533  545  562  589  625  664  697  717  722  719  712  706  705
  711  721  732  742  749  756  763  766  760  744  719  684  634  566  487  410
  348  303  272  246  227  215  212  216  228  244  261  271  269  259  247  240
  236  230  221  209  200  192  183  171  155
     2.5-180.0 180.0   5.0 450.0                            LAT/LON1/LON2/DLON/H
  151  135  120  110  103   99   95   97  112  144  191  243  293  338  383  429
  474  513  541  560  575  593  620  655  689  715  727  726  719  714  715  722
  735  753  770  784  793  798  797  790  774  749  720  684  634  566  487  411
  350  310  285  270  264  264  272  282  293  305  314  315  304  285  266  252
  242  233  223  211  201  191  181  167  151
