static/ion/2024-01-04.24i
     1.0            IONOSPHERE MAPS     GNSS                IONEX VERSION / TYPE
IONINX V5.5         AIUB                03-JAN-24 07:38     PGM / RUN BY / DATE 
CODE'S 2-DAY PREDICTED IONOSPHERE MAPS FOR DAY 004, 2024    COMMENT             
Global ionosphere maps (GIM) are generated on a daily basis DESCRIPTION         
at CODE using data from about 120 GNSS sites of the IGS and DESCRIPTION         
other institutions. The vertical total electron content     DESCRIPTION         
(VTEC) is modeled in a solar-geomagnetic reference frame    DESCRIPTION         
using a spherical harmonics expansion up to degree and      DESCRIPTION         
order 15. Piece-wise linear functions are used for          DESCRIPTION         
representation in the time domain. The time spacing of      DESCRIPTION         
their vertices is 1 hour, conforming with the epochs of the DESCRIPTION         
VTEC maps.                                                  DESCRIPTION         
To convert line-of-sight TEC into vertical TEC, a modified  DESCRIPTION         
single-layer model mapping function approximating the JPL   DESCRIPTION         
extended slab model mapping function is adopted. The        DESCRIPTION         
mapping function is evaluated at geodetic satellite         DESCRIPTION         
elevation angles. For the computation of the ionospheric    DESCRIPTION         
pierce points, a spherical layer with a radius of 6821 km   DESCRIPTION         
is assumed, implying geocentric, not geodetic IONEX         DESCRIPTION         
latitudes.                                                  DESCRIPTION         
Instrumental biases with respect to each involved GNSS code DESCRIPTION         
observable are estimated as constant values for each        DESCRIPTION         
day. They are modeled with one set of bias parameters for   DESCRIPTION         
each satellite and each station in case of GPS and for each DESCRIPTION         
satellite-station link in case of GLONASS. The code bias    DESCRIPTION         
datum is defined by zero-mean conditions imposed on the     DESCRIPTION         
satellite bias estimates. In this file, just GPS C1W-C2W    DESCRIPTION         
satellite and station bias values are included. The         DESCRIPTION         
complete set of GNSS code bias results is provided in an    DESCRIPTION         
additional Bias-SINEX file as pseudo-absolute values        DESCRIPTION         
specific to each observable.                                DESCRIPTION         
Contact address: code(at)aiub.unibe.ch                      DESCRIPTION         
Data archive:    ftp.aiub.unibe.ch/CODE/                    DESCRIPTION         
                 www.aiub.unibe.ch/download/CODE/           DESCRIPTION         
  2024     1     4     0     0     0                        EPOCH OF FIRST MAP  
  2024     1     5     0     0     0                        EPOCH OF LAST MAP   
  3600                                                      INTERVAL            
    25                                                      # OF MAPS IN FILE   
  NONE                                                      MAPPING FUNCTION    
    10.0                                                    ELEVATION CUTOFF    
One-way carrier phase leveled to code                       OBSERVABLES USED    
  6371.0                                                    BASE RADIUS         
     2                                                      MAP DIMENSION       
   450.0 450.0   0.0                                        HGT1 / HGT2 / DHGT  
    87.5 -87.5  -2.5                                        LAT1 / LAT2 / DLAT  
  -180.0 180.0   5.0                                        LON1 / LON2 / DLON  
    -1                                                      EXPONENT            
TEC/RMS values in 0.1 TECU; 9999, if no value available     COMMENT             
                                                            END OF HEADER       
[from data line 4290]
    11                                                      START OF TEC MAP    
  2024     1     4    10     0     0                        EPOCH OF CURRENT MAP
    87.5-180.0 180.0   5.0 450.0                            LAT/LON1/LON2/DLON/H
   39   40   41   42   43   43   44   45   46   47   48   49   50   51   51   52
   53   53   54   54   54   54   54   54   54   54   54   53   53   52   51   51
   50   49   48   47   46   44   43   42   41   40   39   38   37   36   35   34
   33   33   32   32   32   31   31   31   31   31   31   32   32   32   33   33
   33   34   35   35   36   37   37   38   39
    85.0-180.0 180.0   5.0 450.0                            LAT/LON1/LON2/DLON/H
   37   38   39   40   42   43   44   46   47   49   50   51   53   54   55   57
   58   59   60   61   61   62   62   62   62   62   62   61   61   60   59   57
   56   54   52   50   48   46   44   42   40   38   36   34   32   31   29   28
   28   27   26   26   26   26   26   27   27   28   28   29   29   30   30   31
   31   32   32   33   33   34   35   36   37
    82.5-180.0 180.0   5.0 450.0                            LAT/LON1/LON2/DLON/H
   38   38   39   39   40   41   43   44   45   46   48   49   50   52   53   55
   56   57   58   60   61   62   63   63   64   64   64   64   63   63   62   61
   59   57   56   53   51   49   46   44   41   39   36   34   33   31   30   30
   29   29   30   30   31   32   33   34   35   36   37   37   38   38   38   38
   38   38   38   37   37   37   37   37   38
    80.0-180.0 180.0   5.0 450.0                            LAT/LON1/LON2/DLON/H
   42   41   41   40   40   41   41   41   42   42   43   44   44   45   46   47
   48   50   51   53   54   55   57   58   59   59   60   60   61   61   61   60
   60   59   58   56   55   53   51   49   47   45   44   42   41   41   40   41
   41   42   44   46   48   50   52   54   56   57   58   58   58   58   57   56
   54   53   51   49   47   46   44   43   42
    77.5-180.0 180.0   5.0 450.0                            LAT/LON1/LON2/DLON/H
   50   48   46   44   43   42   41   40   39   39   38   37   37   37   37   38
   39   40   42   43   45   47   48   49   50   51   52   53   54   55   56   57
   58   59   60   61   61   61   61   61   60   60   60   59   60   60   61   62
   64   66   69   72   75   78   80   83   85   86   86   86   85   83   81   79
   76   72   69   66   62   59   55   52   50
    75.0-180.0 180.0   5.0 450.0                            LAT/LON1/LON2/DLON/H
   59   56   52   50   47   45   43   42   40   37   35   34   32   31   31   31
   32   33   35   37   39   40   42   43   43   44   45   45   47   48   50   53
   56   60   63   67   70   73   75   78   80   82   84   86   87   89   91   93
   95   97  100  103  106  109  111  113  115  115  114  112  110  107  103  100
   95   91   87   82   77   73   68   63   59
    72.5-180.0 180.0   5.0 450.0                            LAT/LON1/LON2/DLON/H
   67   63   59   56   53   50   48   46   43   40   37   34   31   30   29   29
   30   32   34   37   38   40   41   41   41   40   40   40   40   42   45   50
   55   61   68   75   81   88   94  100  105  111  115  119  122  125  127  128
  129  130  132  133  135  136  137  138  137  135  133  129  125  120  115  111
  106  102   98   93   88   83   78   72   67
    70.0-180.0 180.0   5.0 450.0                            LAT/LON1/LON2/DLON/H
   70   66   62   59   57   55   53   51   48   45   41   38   35   33   32   33
   35   37   40   43   45   46   46   45   43   41   39   37   36   38   41   47
   55   64   74   85   95  106  115  125  134  142  150  156  160  163  164  164
  162  160  158  157  155  154  152  150  146  142  136  130  123  117  111  106
  103  100   97   94   90   86   81   75   70
    67.5-180.0 180.0   5.0 450.0                            LAT/LON1/LON2/DLON/H
   66   62   59   57   56   56   56   56   54   51   48   44   41   39   39   40
   43   46   50   53   55   56   55   53   50   45   40   37   34   35   39   47
   57   69   83   97  111  124  137  150  162  173  183  191  197  199  198  195
  189  183  176  170  165  159  154  148  141  133  124  114  105   96   90   86
   84   83   83   82   81   79   75   71   66
    65.0-180.0 180.0   5.0 450.0                            LAT/LON1/LON2/DLON/H
   55   52   50   50   51   53   55   57   57   56   53   50   48   46   46   48
   52   55   59   62   64   65   64   61   56   50   43   37   34   34   39   48
   61   77   94  111  127  143  158  172  187  200  212  222  227  229  226  219
  209  197  186  174  164  155  146  136  125  113  100   87   75   64   58   54
   54   55   58   61   63   63   61   58   55
    62.5-180.0 180.0   5.0 450.0                            LAT/LON1/LON2/DLON/H
   39   37   36   37   40   44   49   53   56   57   56   54   52   51   52   54
   57   61   64   66   68   69   68   65   60   53   45   38   34   34   40   52
   69   88  107  127  144  160  176  191  206  221  234  244  250  250  245  235
  221  205  189  173  159  147  134  121  107   92   75   58   43   31   23   19
   20   24   30   36   40   42   43   41   39
    60.0-180.0 180.0   5.0 450.0                            LAT/LON1/LON2/DLON/H
   23   22   21   23   27   32   39   45   50   53   54   53   52   52   53   55
   58   60   62   64   64   65   65   63   59   53   45   38   34   36   44   59
   79  102  124  144  162  177  191  205  219  234  247  257  263  263  256  244
  227  209  190  172  156  141  127  112   96   77   58   38   20    6    0    0
    0    0    5   13   19   23   25   24   23
    57.5-180.0 180.0   5.0 450.0                            LAT/LON1/LON2/DLON/H
   12   11   11   12   16   21   28   36   42   47   49   49   49   49   50   51
   53   54   55   54   54   55   56   56   55   50   44   38   35   39   51   70
   94  119  143  164  180  193  204  215  227  240  252  262  268  267  260  248
  231  212  193  176  159  144  129  114   96   76   55   33   13    0    0    0
    0    0    0    0    5    9   12   13   12
    55.0-180.0 180.0   5.0 450.0                            LAT/LON1/LON2/DLON/H
   11   10    9    9   11   15   20   27   34   39   43   44   44   44   44   46
   46   46   45   43   42   43   46   49   50   47   43   39   38   45   61   84
  111  139  164  184  198  208  215  223  231  242  252  261  266  266  260  249
  235  219  202  186  171  157  143  127  109   89   67   45   25    7    0    0
    0    0    0    0    1    5    9   10   11
    52.5-180.0 180.0   5.0 450.0                            LAT/LON1/LON2/DLON/H
   19   19   19   17   16   16   19   23   29   34   38   39   39   39   39   41
   41   40   37   34   33   35   39   44   47   47   45   43   45   55   74  100
  130  159  184  203  215  221  226  229  235  242  250  257  261  262  258  250
  239  227  215  202  190  177  163  148  130  111   90   68   49   32   18    9
    3    1    1    3    7   11   14   17   19
    50.0-180.0 180.0   5.0 450.0                            LAT/LON1/LON2/DLON/H
   35   37   37   35   31   28   26   27   30   34   37   38   37   37   38   39
   40   40   37   34   32   34   40   46   51   52   51   51   55   68   89  117
  148  177  201  219  229  234  236  237  239  243  248  253  256  257  255  251
  245  238  230  221  211  199  185  169  151  132  113   94   76   60   47   36
   27   21   17   16   18   21   26   31   35
    47.5-180.0 180.0   5.0 450.0                            LAT/LON1/LON2/DLON/H
   52   57   60   58   53   47   42   39   38   40   41   41   40   40   41   44
   46   47   45   43   42   44   49   56   60   62   61   62   68   82  105  133
  162  190  213  229  239  244  246  246  247  248  250  252  254  254  254  252
  250  248  244  238  228  216  201  184  165  146  128  112   97   83   71   59
   49   39   32   28   28   31   38   45   52
    45.0-180.0 180.0   5.0 450.0                            LAT/LON1/LON2/DLON/H
   65   74   80   81   78   71   62   56   52   51   51   50   48   48   50   54
   58   61   62   61   60   62   67   71   74   75   74   76   83   98  120  146
  172  197  218  234  245  252  256  258  258  258  258  257  257  256  256  256
  257  257  255  250  240  226  208  189  168  149  131  116  104   93   83   72
   60   48   38   33   32   36   44   54   65
    42.5-180.0 180.0   5.0 450.0                            LAT/LON1/LON2/DLON/H
   67   80   91   97   97   92   83   74   68   65   63   62   60   59   61   67
   74   79   83   83   83   85   87   88   89   87   87   89   98  113  133  155
  177  198  217  233  248  260  268  273  274  273  271  269  267  265  264  264
  265  265  264  258  247  231  210  187  163  142  124  110  100   91   82   71
   59   46   35   29   28   33   42   54   67
    40.0-180.0 180.0   5.0 450.0                            LAT/LON1/LON2/DLON/H
   58   74   89  100  106  105   98   90   83   78   76   74   72   71   74   81
   89   98  103  105  106  105  104  102  100   97   97  101  111  126  143  162
  179  196  213  232  251  268  282  290  294  294  292  289  286  283  280  279
  278  277  275  268  255  237  213  187  161  137  117  102   92   83   75   64
   52   38   27   21   20   24   33   44   58
    37.5-180.0 180.0   5.0 450.0                            LAT/LON1/LON2/DLON/H
   42   56   73   90  102  106  104   97   91   87   86   85   83   83   86   93
  102  112  118  121  121  119  115  110  104  101  103  110  123  138  154  168
  181  195  212  233  256  279  298  311  317  319  318  316  313  310  306  303
  300  298  294  287  274  254  230  202  173  146  123  106   94   84   74   62
   49   35   24   16   14   17   22   30   42
    35.0-180.0 180.0   5.0 450.0                            LAT/LON1/LON2/DLON/H
   25   35   50   69   86   96   98   96   92   90   90   91   92   93   96  102
  111  119  126  129  128  124  117  109  102  101  106  117  133  150  165  176
  187  200  217  241  268  295  318  334  343  348  349  350  350  347  344  339
  334  331  327  321  310  293  269  242  212  182  156  135  119  105   92   79
   64   49   36   27   22   20   20   21   25
    32.5-180.0 180.0   5.0 450.0                            LAT/LON1/LON2/DLON/H
   19   19   29   45   64   78   84   85   85   86   90   94   97   99  102  107
  114  121  126  128  126  121  112  103   96   97  107  124  144  164  179  190
  201  214  233  259  288  317  342  360  372  379  385  390  393  394  391  386
  382  379  377  374  368  355  336  311  282  252  223  197  176  157  140  123
  106   88   73   60   50   42   33   25   19
    30.0-180.0 180.0   5.0 450.0                            LAT/LON1/LON2/DLON/H
   30   18   18   27   43   58   67   71   73   77   84   92   99  103  106  110
  114  118  120  121  118  113  104   94   89   94  109  132  157  180  197  211
  224  240  261  287  316  345  369  388  402  413  423  433  441  446  446  443
  440  440  442  445  445  439  427  406  380  350  319  290  263  239  218  197
  176  156  137  119  103   87   68   48   30
    27.5-180.0 180.0   5.0 450.0                            LAT/LON1/LON2/DLON/H
   63   39   25   24   33   44   52   57   61   68   77   89   98  105  108  110
  112  113  113  112  110  104   96   88   85   93  113  141  171  198  220  239
  256  276  298  324  351  376  399  417  433  448  463  478  491  500  504  504
  505  508  516  525  533  534  528  514  492  464  433  401  371  342  316  292
  269  246  222  199  176  152  125   94   63
    25.0-180.0 180.0   5.0 450.0                            LAT/LON1/LON2/DLON/H
  116   80   53   40   38   42   47   50   54   61   72   85   97  105  109  111
  110  109  107  106  104  100   93   86   86   97  121  153  187  218  245  270
  294  318  341  365  388  409  429  448  465  483  503  522  539  552  559  563
  567  575  588  604  617  625  625  616  599  574  545  513  480  448  419  392
  367  342  316  288  259  229  195  157  116
    22.5-180.0 180.0   5.0 450.0                            LAT/LON1/LON2/DLON/H
  180  136   99   74   61   57   56   55   56   61   71   83   95  104  109  110
  109  107  105  104  103  101   95   90   92  105  131  166  202  237  271  302
  332  360  384  404  423  440  458  477  497  518  540  562  582  597  606  613
  620  632  648  667  684  695  699  695  682  661  635  603  570  537  506  478
  452  426  398  368  336  303  266  225  180
    20.0-180.0 180.0   5.0 450.0                            LAT/LON1/LON2/DLON/H
  243  197  154  121   98   85   78   72   69   69   75   85   95  103  107  109
  109  107  105  106  107  106  102   98  101  115  142  178  216  255  293  331
  366  397  420  437  452  466  483  504  526  550  573  596  616  631  641  649
  657  670  687  706  722  733  738  736  727  711  688  658  626  592  560  532
  506  481  454  424  392  359  325  286  243
    17.5-180.0 180.0   5.0 450.0                            LAT/LON1/LON2/DLON/H
  291  249  207  170  142  123  110  100   91   86   86   90   96  101  105  107
  108  107  107  110  112  113  110  106  109  124  152  187  227  268  311  354
  393  424  445  460  472  486  504  527  553  578  601  622  640  654  663  669
  677  688  703  718  729  736  739  738  732  719  699  672  640  606  574  545
  521  497  472  444  415  387  358  327  291
    15.0-180.0 180.0   5.0 450.0                            LAT/LON1/LON2/DLON/H
  316  283  247  212  183  162  147  133  120  109  101   98   98  100  102  104
  106  108  110  113  117  119  116  112  115  130  159  195  235  278  323  368
  409  439  459  472  483  499  520  547  575  601  623  641  655  666  672  676
  681  689  698  706  710  712  711  709  705  694  675  650  618  584  550  520
  496  474  452  428  404  382  362  341  316
    12.5-180.0 180.0   5.0 450.0                            LAT/LON1/LON2/DLON/H
  315  294  267  239  214  195  180  165  149  133  119  109  103  100   99  101
  104  107  111  115  119  120  117  113  117  134  164  201  242  285  331  376
  415  444  462  475  488  506  531  561  591  617  637  652  663  671  674  675
  676  678  681  682  678  673  669  665  661  651  633  608  575  539  502  470
  444  423  404  384  366  351  339  329  315
    10.0-180.0 180.0   5.0 450.0                            LAT/LON1/LON2/DLON/H
  293  283  266  247  229  215  203  190  174  155  137  121  110  102   98   98
  101  105  110  114  117  117  113  110  116  136  168  207  249  291  335  378
  415  441  458  471  487  510  539  571  602  627  644  657  666  671  673  672
  669  667  664  657  647  637  630  626  621  611  592  565  531  491  451  414
  385  362  344  328  314  305  300  297  293
     7.5-180.0 180.0   5.0 450.0                            LAT/LON1/LON2/DLON/H
  262  259  251  240  229  220  214  204  190  171  151  133  118  107  100   98
  100  104  108  111  113  111  107  105  114  138  174  215  257  297  338  377
  410  434  451  466  485  512  543  576  607  630  647  658  666  672  674  672
  668  662  655  644  630  618  610  605  600  589  569  540  503  460  415  373
  338  312  293  279  268  262  260  261  262
     5.0-180.0 180.0   5.0 450.0                            LAT/LON1/LON2/DLON/H
  235  234  231  224  218  215  212  207  196  179  161  144  128  115  105  101
  101  104  106  108  108  105  101  102  115  144  183  226  266  304  340  375
  405  427  444  462  485  513  546  578  607  629  645  657  667  675  679  679
  675  669  661  649  634  622  616  612  607  594  572  541  502  456  407  359
  319  288  267  253  243  236  233  233  235
     2.5-180.0 180.0   5.0 450.0                            LAT/LON1/LON2/DLON/H
  224  221  217  211  206  204  204  201  193  181  167  153  139  125  114  107
  105  106  107  106  105  101   98  102  120  153  196  239  277  310  342  373
  400  421  440  461  486  515  547  577  604  625  642  656  669  681  689  692
  691  687  680  670  658  649  645  643  638  623  599  567  528  481  430  378
  333  298  274  258  247  238  231  227  224
