static/ion/2024-01-05.24i
     1.0            IONOSPHERE MAPS     GNSS                IONEX VERSION / TYPE
IONINX V5.5         AIUB                04-JAN-24 07:40     PGM / RUN BY / DATE 
CODE'S 2-DAY PREDICTED IONOSPHERE MAPS FOR DAY 005, 2024    COMMENT             
Global ionosphere maps (GIM) are generated on a daily basis DESCRIPTION         
at CODE using data from about 120 GNSS sites of the IGS and DESCRIPTION         
other institutions. The vertical total electron content     DESCRIPTION         
(VTEC) is modeled in a solar-geomagnetic reference frame    DESCRIPTION         
using a spherical harmonics expansion up to degree and      DESCRIPTION         
order 15. Piece-wise linear functions are used for          DESCRIPTION         
representation in the time domain. The time spacing of      DESCRIPTION         
their vertices is 1 hour, conforming with the epochs of the DESCRIPTION         
VTEC maps.                                                  DESCRIPTION         
To convert line-of-sight TEC into vertical TEC, a modified  DESCRIPTION         
single-layer model mapping function approximating the JPL   DESCRIPTION         
extended slab model mapping function is adopted. The        DESCRIPTION         
mapping function is evaluated at geodetic satellite         DESCRIPTION         
elevation angles. For the computation of the ionospheric    DESCRIPTION         
pierce points, a spherical layer with a radius of 6821 km   DESCRIPTION         
is assumed, implying geocentric, not geodetic IONEX         DESCRIPTION         
latitudes.                                                  DESCRIPTION         
Instrumental biases with respect to each involved GNSS code DESCRIPTION         
observable are estimated as constant values for each        DESCRIPTION         
day. They are modeled with one set of bias parameters for   DESCRIPTION         
each satellite and each station in case of GPS and for each DESCRIPTION         
satellite-station link in case of GLONASS. The code bias    DESCRIPTION         
datum is defined by zero-mean conditions imposed on the     DESCRIPTION         
satellite bias estimates. In this file, just GPS C1W-C2W    DESCRIPTION         
satellite and station bias values are included. The         DESCRIPTION         
complete set of GNSS code bias results is provided in an    DESCRIPTION         
additional Bias-SINEX file as pseudo-absolute values        DESCRIPTION         
specific to each observable.                                DESCRIPTION         
Contact address: code(at)aiub.unibe.ch                      DESCRIPTION         
Data archive:    ftp.aiub.unibe.ch/CODE/                    DESCRIPTION         
                 www.aiub.unibe.ch/download/CODE/           DESCRIPTION         
  2024     1     5     0     0     0                        EPOCH OF FIRST MAP  
  2024     1     6     0     0     0                        EPOCH OF LAST MAP   
  3600                                                      INTERVAL            
    25                                                      # OF MAPS IN FILE   
  NONE                                                      MAPPING FUNCTION    
    10.0                                                    ELEVATION CUTOFF    
One-way carrier phase leveled to code                       OBSERVABLES USED    
  6371.0                                                    BASE RADIUS         
     2                                                      MAP DIMENSION       
   450.0 450.0   0.0                                        HGT1 / HGT2 / DHGT  
    87.5 -87.5  -2.5                                        LAT1 / LAT2 / DLAT  
  -180.0 180.0   5.0                                        LON1 / LON2 / DLON  
    -1                                                      EXPONENT            
TEC/RMS values in 0.1 TECU; 9999, if no value available     COMMENT             
                                                            END OF HEADER       
[from data line 9009]
    22                                                      START OF TEC MAP    
  2024     1     5    21     0     0                        EPOCH OF CURRENT MAP
    87.5-180.0 180.0   5.0 450.0                            LAT/LON1/LON2/DLON/H
  111  111  112  112  113  113  114  114  115  115  116  116  116  116  116  116
  116  116  115  115  114  114  113  112  112  111  110  110  109  109  108  107
  107  106  106  106  105  105  105  105  105  105  106  106  106  106  107  107
  108  108  108  109  109  109  110  110  110  110  110  110  110  110  110  110
  110  110  110  110  110  110  110  111  111
    85.0-180.0 180.0   5.0 450.0                            LAT/LON1/LON2/DLON/H
  100  101  103  104  106  108  110  112  113  115  117  118  119  119  120  119
  119  118  117  116  115  114  112  111  109  108  106  105  104  102  101  100
   99   99   98   97   97   97   96   96   97   97   98   99  100  101  102  103
  105  106  107  108  109  110  110  110  110  110  109  108  107  106  105  104
  103  102  101  100   99   99   99  100  100
    82.5-180.0 180.0   5.0 450.0                            LAT/LON1/LON2/DLON/H
   82   83   86   89   92   96  100  104  108  112  115  118  120  121  122  121
  120  119  117  115  112  110  108  106  104  102  101  100   98   97   96   95
   95   94   93   92   91   91   90   90   91   91   92   93   95   97   99  102
  104  106  109  111  112  113  113  113  113  111  110  107  104  101   98   95
   92   89   86   84   82   81   80   81   82
    80.0-180.0 180.0   5.0 450.0                            LAT/LON1/LON2/DLON/H
   60   62   66   70   75   82   88   95  102  109  114  119  122  123  124  122
  120  117  114  110  107  104  101   99   98   97   96   96   96   96   96   96
   95   94   94   93   92   91   90   89   89   90   91   92   94   97  100  103
  106  110  113  116  117  119  119  118  116  114  110  106  101   96   91   85
   80   75   71   67   64   61   60   60   60
    77.5-180.0 180.0   5.0 450.0                            LAT/LON1/LON2/DLON/H
   45   46   50   55   62   70   79   89   99  108  116  122  126  128  127  125
  121  116  110  105  100   96   94   92   92   92   93   95   97   98   99  100
  101  100  100   99   97   96   94   93   93   93   93   94   96   99  102  106
  110  114  118  121  123  124  123  122  119  115  110  104   97   91   84   77
   71   65   59   54   50   47   45   44   45
    75.0-180.0 180.0   5.0 450.0                            LAT/LON1/LON2/DLON/H
   41   42   45   50   57   66   77   89  102  114  124  132  137  138  136  132
  125  117  109  101   95   91   88   88   88   90   93   96   99  102  105  106
  107  107  106  105  104  102  100   99   98   97   97   98  100  102  106  109
  113  117  120  123  125  125  124  121  117  112  106   99   92   85   78   71
   65   60   55   51   47   44   42   41   41
    72.5-180.0 180.0   5.0 450.0                            LAT/LON1/LON2/DLON/H
   53   53   55   59   65   74   85   99  113  128  140  150  155  156  153  145
  136  125  114  104   96   91   88   88   89   92   95   98  102  105  107  108
  109  109  108  107  105  104  103  102  101  100  100  101  102  104  106  109
  112  115  118  120  120  119  117  113  108  103   96   90   83   77   72   67
   63   60   58   57   56   55   54   53   53
    70.0-180.0 180.0   5.0 450.0                            LAT/LON1/LON2/DLON/H
   79   78   79   80   84   92  103  117  133  150  164  176  182  183  178  168
  155  141  127  115  106  100   96   95   95   96   98   99  101  102  103  103
  102  101  100   98   97   97   97   97   98   98   99   99  100  101  102  104
  106  107  109  109  108  106  103   98   93   87   82   76   72   68   65   64
   64   65   67   70   73   76   77   78   79
    67.5-180.0 180.0   5.0 450.0                            LAT/LON1/LON2/DLON/H
  112  112  111  111  113  119  128  142  159  177  194  207  215  216  210  198
  183  166  150  136  125  117  112  108  105  102  100   98   96   94   92   89
   86   84   81   80   79   80   82   85   88   90   92   93   93   93   93   93
   93   93   93   92   90   86   82   77   72   67   63   60   58   57   58   60
   64   69   76   84   92   99  106  110  112
    65.0-180.0 180.0   5.0 450.0                            LAT/LON1/LON2/DLON/H
  145  147  146  145  145  149  157  170  188  207  226  241  251  252  247  234
  218  200  182  166  153  142  133  125  117  109  101   94   87   81   76   70
   65   60   57   55   54   57   61   66   72   76   80   81   81   80   79   77
   75   74   72   70   67   63   59   54   50   47   44   44   44   46   49   54
   61   69   80   92  105  119  130  139  145
    62.5-180.0 180.0   5.0 450.0                            LAT/LON1/LON2/DLON/H
  168  174  176  175  176  178  186  198  215  235  255  272  284  288  283  272
  255  236  218  201  185  172  158  145  131  116  102   89   78   69   61   53
   45   38   33   30   29   32   38   46   54   61   66   68   68   66   63   59
   56   53   51   48   44   41   37   33   30   29   29   30   33   36   40   46
   53   63   75   90  108  126  144  158  168
    60.0-180.0 180.0   5.0 450.0                            LAT/LON1/LON2/DLON/H
  178  189  195  198  200  203  211  222  239  258  279  297  311  317  315  306
  291  273  254  235  218  201  183  164  144  123  104   87   73   62   52   43
   34   25   17   13   12   15   21   31   40   49   54   57   56   53   48   44
   40   37   33   30   27   24   22   19   18   18   20   23   26   29   33   37
   42   50   62   79   99  121  143  163  178
    57.5-180.0 180.0   5.0 450.0                            LAT/LON1/LON2/DLON/H
  175  191  202  210  217  223  232  243  258  276  296  314  329  338  339  333
  320  303  285  266  247  227  205  181  156  131  108   90   75   64   55   45
   35   25   16    9    6    9   15   24   34   43   49   50   49   45   40   35
   30   27   24   22   19   18   16   16   16   18   20   22   25   27   28   29
   31   36   45   60   81  105  131  155  175
    55.0-180.0 180.0   5.0 450.0                            LAT/LON1/LON2/DLON/H
  163  184  201  216  228  239  251  262  276  291  307  324  339  349  353  350
  340  326  308  289  269  247  223  196  168  141  118   99   86   76   68   60
   49   38   27   19   15   16   21   29   38   46   51   52   49   44   39   34
   30   27   25   23   22   22   23   24   25   27   28   30   31   30   28   25
   23   23   29   42   61   86  113  139  163
    52.5-180.0 180.0   5.0 450.0                            LAT/LON1/LON2/DLON/H
  151  174  197  218  237  255  270  282  293  304  316  329  342  352  359  358
  351  339  322  303  283  261  236  209  181  155  132  115  103   95   88   80
   70   59   47   39   34   33   37   43   51   57   60   60   57   52   46   41
   38   36   35   34   35   36   38   40   42   43   44   43   41   38   33   26
   20   17   20   30   48   72   98  125  151
    50.0-180.0 180.0   5.0 450.0                            LAT/LON1/LON2/DLON/H
  143  168  194  221  247  271  291  305  314  320  325  332  341  351  358  360
  355  344  329  311  292  271  248  222  196  171  150  133  123  115  108  100
   89   78   68   60   56   55   57   62   67   72   74   73   70   65   59   56
   53   52   52   52   54   56   59   62   64   64   62   59   55   49   41   33
   24   19   21   30   47   69   94  119  143
    47.5-180.0 180.0   5.0 450.0                            LAT/LON1/LON2/DLON/H
  147  170  197  227  259  289  314  330  337  339  338  338  342  349  355  357
  354  345  332  316  298  280  259  237  213  189  168  151  139  129  120  110
   99   89   81   76   74   75   77   80   84   87   89   88   84   80   76   73
   71   71   71   72   74   77   81   84   86   84   80   75   68   61   52   43
   35   30   32   42   59   80  103  125  147
    45.0-180.0 180.0   5.0 450.0                            LAT/LON1/LON2/DLON/H
  160  181  207  238  273  308  336  354  362  360  354  348  347  349  353  354
  352  345  334  320  306  290  273  254  231  207  183  163  147  133  121  109
   98   89   85   84   86   88   90   93   96   99  101  100   97   94   90   88
   88   88   89   90   91   94   98  101  102  100   94   87   79   71   64   56
   49   47   51   63   81  103  123  142  160
    42.5-180.0 180.0   5.0 450.0                            LAT/LON1/LON2/DLON/H
  181  198  221  251  287  323  354  374  383  380  371  361  355  353  353  354
  351  346  337  327  316  304  290  271  248  221  193  168  147  129  113  100
   89   82   82   86   91   95   98  100  103  106  108  108  106  103  101   99
   99  100  100  100  102  104  108  110  111  108  101   93   86   79   73   67
   63   64   71   87  108  130  150  166  181
    40.0-180.0 180.0   5.0 450.0                            LAT/LON1/LON2/DLON/H
  204  218  237  264  296  331  362  385  396  396  387  375  366  360  357  355
  353  349  344  338  330  321  307  288  262  230  197  167  142  122  106   92
   83   79   82   90   97  101  103  104  106  109  111  112  110  108  105  104
  104  104  104  104  104  106  108  111  111  108  102   95   88   83   79   76
   75   78   89  108  132  156  177  192  204
    37.5-180.0 180.0   5.0 450.0                            LAT/LON1/LON2/DLON/H
  225  237  252  273  300  330  360  384  399  402  397  387  377  369  364  359
  356  354  353  351  346  338  324  302  271  235  198  166  141  124  111  101
   94   93   98  105  111  113  112  109  109  111  113  113  111  108  105  104
  103  103  102  101  101  101  102  104  105  102   97   92   87   84   82   81
   82   87  101  123  149  176  198  214  225
    35.0-180.0 180.0   5.0 450.0                            LAT/LON1/LON2/DLON/H
  242  253  264  279  298  322  348  373  391  400  400  394  387  378  370  363
  359  359  361  363  361  353  336  310  276  238  200  171  152  143  139  136
  134  134  138  142  142  137  129  121  117  116  116  114  111  107  103  101
  100   99   98   96   94   93   93   94   94   93   90   86   83   82   82   82
   85   92  107  130  159  187  211  229  242
    32.5-180.0 180.0   5.0 450.0                            LAT/LON1/LON2/DLON/H
  256  267  275  284  295  312  332  355  376  390  397  398  393  386  376  367
  362  363  368  373  372  362  343  315  280  242  209  189  183  188  197  203
  205  205  204  200  190  175  157  142  133  128  124  120  114  108  104  101
   98   96   94   92   89   86   84   84   84   83   82   80   80   80   81   83
   86   94  110  134  163  193  219  240  256
    30.0-180.0 180.0   5.0 450.0                            LAT/LON1/LON2/DLON/H
  269  281  289  293  297  306  321  342  363  381  394  400  400  394  383  371
  365  366  372  378  377  366  345  317  285  254  232  225  236  257  280  295
  300  297  289  273  251  224  196  172  157  147  140  132  123  116  110  106
  102   99   95   92   88   84   80   78   77   77   77   77   78   80   81   83
   88   98  115  139  168  199  227  251  269
    27.5-180.0 180.0   5.0 450.0                            LAT/LON1/LON2/DLON/H
  287  301  308  310  310  314  324  341  362  382  398  408  411  406  393  378
  369  368  374  379  377  365  345  321  297  277  270  280  307  343  376  396
  402  394  376  349  314  274  237  207  186  172  161  150  139  130  123  118
  113  108  103   99   94   88   82   78   76   75   76   77   79   81   83   86
   93  105  124  149  179  209  239  266  287
    25.0-180.0 180.0   5.0 450.0                            LAT/LON1/LON2/DLON/H
  312  328  337  339  338  340  348  362  380  399  415  428  433  427  412  393
  378  373  376  379  374  362  346  330  319  315  323  347  385  429  465  485
  487  473  445  408  363  315  272  238  215  199  186  172  160  150  144  138
  131  124  117  112  106   99   91   85   81   80   80   81   82   84   87   92
  102  119  141  168  198  229  260  288  312
    22.5-180.0 180.0   5.0 450.0                            LAT/LON1/LON2/DLON/H
  344  363  374  380  383  387  394  407  422  438  452  464  469  462  443  418
  397  386  383  380  373  362  353  349  353  365  386  418  458  499  529  542
  536  514  481  437  387  336  292  260  239  223  209  195  183  174  167  161
  152  143  135  129  122  114  105   97   91   89   88   88   89   90   93  101
  115  137  164  194  225  256  288  319  344
    20.0-180.0 180.0   5.0 450.0                            LAT/LON1/LON2/DLON/H
  382  403  418  429  439  449  460  473  485  497  509  518  521  512  489  458
  429  409  398  389  379  370  369  379  399  423  451  482  513  539  552  551
  536  509  473  429  380  334  295  269  252  241  229  216  204  197  191  184
  174  163  153  145  139  130  121  112  105  101   99   98   97   97  101  111
  130  157  189  223  256  289  322  354  382
    17.5-180.0 180.0   5.0 450.0                            LAT/LON1/LON2/DLON/H
  419  442  462  480  500  519  536  551  562  571  579  585  586  575  548  511
  474  446  426  409  395  388  395  419  451  484  511  531  542  543  533  514
  490  461  428  389  348  310  282  265  257  250  241  231  221  215  209  202
  191  179  168  160  153  145  136  127  120  115  111  108  106  106  110  122
  145  177  214  251  286  321  356  390  419
    15.0-180.0 180.0   5.0 450.0                            LAT/LON1/LON2/DLON/H
  450  476  501  527  557  585  610  628  639  647  652  657  657  644  615  574
  531  495  465  441  422  416  431  464  504  539  559  560  544  515  480  444
  413  387  361  332  302  277  261  255  254  253  248  240  232  226  221  213
  202  189  177  169  163  156  148  140  133  127  122  118  115  115  119  132
  158  193  234  273  310  346  384  420  450
    12.5-180.0 180.0   5.0 450.0                            LAT/LON1/LON2/DLON/H
  473  501  530  564  601  638  669  690  703  711  716  722  722  710  681  640
  594  551  514  482  459  454  472  510  553  583  590  570  527  470  412  364
  332  312  296  278  261  248  244  247  252  254  251  244  236  230  225  217
  206  193  182  174  169  163  157  150  144  138  132  127  124  123  127  142
  168  206  247  287  325  363  402  440  473
    10.0-180.0 180.0   5.0 450.0                            LAT/LON1/LON2/DLON/H
  485  516  548  586  629  671  705  728  742  752  760  768  771  762  738  699
  654  609  567  530  503  496  515  552  592  614  606  567  502  425  353  301
  274  263  257  249  241  238  241  249  256  259  255  247  238  230  224  216
  206  195  185  177  172  168  163  157  151  145  139  134  130  130  135  149
  177  214  255  295  332  370  411  451  485
     7.5-180.0 180.0   5.0 450.0                            LAT/LON1/LON2/DLON/H
  489  521  556  596  641  682  715  738  753  764  775  787  795  793  775  743
  703  661  618  578  548  539  554  587  618  630  611  559  483  398  324  277
  258  257  259  257  254  254  260  268  272  271  263  253  241  231  223  215
  206  197  188  181  176  172  167  162  157  150  143  138  135  135  141  156
  184  220  260  298  334  371  412  453  489
     5.0-180.0 180.0   5.0 450.0                            LAT/LON1/LON2/DLON/H
  487  521  556  596  639  676  705  724  738  750  764  780  793  798  789  767
  736  700  661  622  591  578  588  612  634  637  611  556  480  400  336  300
  292  299  304  303  298  298  301  303  300  291  279  264  249  236  226  218
  211  203  195  188  183  178  172  167  161  153  146  140  138  139  147  163
  190  227  265  301  334  370  410  450  487
     2.5-180.0 180.0   5.0 450.0                            LAT/LON1/LON2/DLON/H
  484  518  553  592  630  661  683  696  706  717  732  750  768  779  780  769
  750  724  692  657  626  611  615  630  642  638  612  563  499  434  386  365
  367  378  381  375  365  359  356  350  338  320  301  282  264  249  238  230
  223  216  208  200  193  186  179  172  165  156  148  141  139  142  151  169
  198  234  271  305  337  370  408  447  484
