static/ion/2024-01-04.24i
     1.0            IONOSPHERE MAPS     GNSS                IONEX VERSION / TYPE
IONINX V5.5         AIUB                03-JAN-24 07:38     PGM / RUN BY / DATE 
CODE'S 2-DAY PREDICTED IONOSPHERE MAPS FOR DAY 004, 2024    COMMENT             
Global ionosphere maps (GIM) are generated on a daily basis DESCRIPTION         
at CODE using data from about 120 GNSS sites of the IGS and DESCRIPTION         
other institutions. The vertical total electron content     DESCRIPTION         
(VTEC) is modeled in a solar-geomagnetic reference frame    DESCRIPTION         
using a spherical harmonics expansion up to degree and      DESCRIPTION         
order 15. Piece-wise linear functions are used for          DESCRIPTION         
representation in the time domain. The time spacing of      DESCRIPTION         
their vertices is 1 hour, conforming with the epochs of the DESCRIPTION         
VTEC maps.                                                  DESCRIPTION         
To convert line-of-sight TEC into vertical TEC, a modified  DESCRIPTION         
single-layer model mapping function approximating the JPL   DESCRIPTION         
extended slab model mapping function is adopted. The        DESCRIPTION         
mapping function is evaluated at geodetic satellite         DESCRIPTION         
elevation angles. For the computation of the ionospheric    DESCRIPTION         
pierce points, a spherical layer with a radius of 6821 km   DESCRIPTION         
is assumed, implying geocentric, not geodetic IONEX         DESCRIPTION         
latitudes.                                                  DESCRIPTION         
Instrumental biases with respect to each involved GNSS code DESCRIPTION         
observable are estimated as constant values for each        DESCRIPTION         
day. They are modeled with one set of bias parameters for   DESCRIPTION         
each satellite and each station in case of GPS and for each DESCRIPTION         
satellite-station link in case of GLONASS. The code bias    DESCRIPTION         
datum is defined by zero-mean conditions imposed on the     DESCRIPTION         
satellite bias estimates. In this file, just GPS C1W-C2W    DESCRIPTION         
satellite and station bias values are included. The         DESCRIPTION         
complete set of GNSS code bias results is provided in an    DESCRIPTION         
additional Bias-SINEX file as pseudo-absolute values        DESCRIPTION         
specific to each observable.                                DESCRIPTION         
Contact address: code(at)aiub.unibe.ch                      DESCRIPTION         
Data archive:    ftp.aiub.unibe.ch/CODE/                    DESCRIPTION         
                 www.aiub.unibe.ch/download/CODE/           DESCRIPTION         
  2024     1     4     0     0     0                        EPOCH OF FIRST MAP  
  2024     1     5     0     0     0                        EPOCH OF LAST MAP   
  3600                                                      INTERVAL            
    25                                                      # OF MAPS IN FILE   
  NONE                                                      MAPPING FUNCTION    
    10.0                                                    ELEVATION CUTOFF    
One-way carrier phase leveled to code                       OBSERVABLES USED    
  6371.0                                                    BASE RADIUS         
     2                                                      MAP DIMENSION       
   450.0 450.0   0.0                                        HGT1 / HGT2 / DHGT  
    87.5 -87.5  -2.5                                        LAT1 / LAT2 / DLAT  
  -180.0 180.0   5.0                                        LON1 / LON2 / DLON  
    -1                                                      EXPONENT            
TEC/RMS values in 0.1 TECU; 9999, if no value available     COMMENT             
                                                            END OF HEADER       
[from data line 4719]
    12                                                      START OF TEC MAP    
  2024     1     4    11     0     0                        EPOCH OF CURRENT MAP
    87.5-180.0 180.0   5.0 450.0                            LAT/LON1/LON2/DLON/H
   49   50   51   52   52   53   54   55   56   56   57   58   58   59   59   60
   60   61   61   61   61   61   61   61   61   60   60   59   59   58   57   56
   55   54   53   52   51   50   48   47   46   45   44   43   42   41   40   40
   39   39   39   39   39   39   39   39   39   40   40   41   41   42   42   43
   44   44   45   46   46   47   48   48   49
    85.0-180.0 180.0   5.0 450.0                            LAT/LON1/LON2/DLON/H
   48   48   49   50   51   52   53   55   56   57   58   59   61   62   63   64
   65   65   66   67   67   67   68   68   67   67   67   66   65   64   63   61
   59   57   55   53   51   48   46   44   41   39   37   35   33   32   31   30
   30   29   30   30   30   31   32   33   34   35   36   37   38   39   40   41
   42   43   43   44   45   45   46   47   48
    82.5-180.0 180.0   5.0 450.0                            LAT/LON1/LON2/DLON/H
   47   47   47   47   48   49   50   51   52   53   54   56   57   58   60   61
   62   63   64   65   65   66   67   67   67   67   67   67   67   66   65   64
   63   61   58   56   53   50   46   43   40   36   34   31   29   27   26   26
   26   27   28   29   31   33   35   37   39   41   43   44   46   47   48   48
   48   49   48   48   48   48   47   47   47
    80.0-180.0 180.0   5.0 450.0                            LAT/LON1/LON2/DLON/H
   48   47   46   45   45   45   45   45   46   47   48   49   50   51   52   53
   54   55   56   57   58   58   59   60   61   62   63   64   65   65   66   66
   66   65   63   61   58   55   51   48   44   40   37   35   32   31   31   31
   32   34   36   39   42   45   48   51   54   57   59   61   62   63   64   63
   63   61   60   58   56   54   52   50   48
    77.5-180.0 180.0   5.0 450.0                            LAT/LON1/LON2/DLON/H
   53   50   47   45   44   42   42   41   41   41   42   42   43   43   44   45
   45   46   46   47   47   48   48   49   51   52   54   57   59   62   65   67
   69   70   71   70   69   67   64   60   57   53   50   48   46   45   45   46
   48   51   54   58   62   66   70   73   76   79   81   83   84   84   84   83
   81   78   75   72   68   64   60   56   53
    75.0-180.0 180.0   5.0 450.0                            LAT/LON1/LON2/DLON/H
   59   55   51   48   46   44   42   41   40   39   39   39   39   39   39   39
   40   40   40   40   39   39   39   40   41   43   45   49   53   58   64   69
   74   79   82   84   85   85   83   81   78   75   73   70   69   68   69   70
   72   75   79   82   86   90   93   96   98  100  102  103  103  103  102  100
   97   94   90   85   80   75   69   64   59
    72.5-180.0 180.0   5.0 450.0                            LAT/LON1/LON2/DLON/H
   66   61   57   53   51   48   46   45   43   41   40   39   39   38   39   39
   39   39   39   38   37   36   35   34   34   36   39   43   49   56   64   72
   81   89   96  102  106  108  109  108  107  105  103  101   99   99   99   99
  101  103  105  107  109  111  112  112  113  113  113  112  111  110  109  107
  105  102   98   94   88   83   77   71   66
    70.0-180.0 180.0   5.0 450.0                            LAT/LON1/LON2/DLON/H
   69   64   61   58   56   54   53   51   49   47   45   44   43   42   43   43
   44   44   44   42   40   38   36   34   33   33   35   39   46   55   65   77
   89  101  112  121  128  134  137  139  139  138  137  135  133  131  130  129
  128  127  127  126  124  123  120  117  114  111  108  106  104  103  102  101
  100   98   96   92   88   84   79   74   69
    67.5-180.0 180.0   5.0 450.0                            LAT/LON1/LON2/DLON/H
   66   63   61   60   59   59   58   57   55   53   51   50   49   49   49   51
   52   52   52   51   48   45   41   38   35   34   35   39   45   55   67   82
   97  113  127  140  151  159  165  169  171  172  171  169  166  162  158  154
  150  146  141  136  130  123  116  109  102   95   89   85   82   80   80   80
   80   81   81   80   79   76   73   70   66
    65.0-180.0 180.0   5.0 450.0                            LAT/LON1/LON2/DLON/H
   57   56   56   57   58   59   60   60   59   58   56   54   53   54   55   57
   59   60   60   58   55   51   47   42   39   37   37   40   47   57   71   88
  107  125  142  158  171  181  190  195  199  201  201  199  195  189  181  174
  165  157  148  138  127  115  103   91   80   69   61   54   50   48   48   49
   51   54   57   59   60   61   60   59   57
    62.5-180.0 180.0   5.0 450.0                            LAT/LON1/LON2/DLON/H
   44   44   46   48   51   54   57   59   59   58   57   55   55   56   57   60
   62   64   64   62   59   55   50   46   42   39   39   43   50   61   77   96
  117  138  157  174  188  199  209  216  222  225  225  222  217  208  198  187
  174  162  149  135  120  104   88   72   57   43   32   23   18   15   14   16
   19   24   29   34   38   41   43   44   44
    60.0-180.0 180.0   5.0 450.0                            LAT/LON1/LON2/DLON/H
   30   31   32   35   39   44   49   52   54   54   53   52   52   53   55   58
   60   62   62   60   57   53   49   46   43   41   42   46   55   68   86  107
  130  152  171  188  201  213  222  230  236  240  242  239  232  222  209  195
  180  165  149  133  115   97   77   58   41   25   12    2    0    0    0    0
    0    0    5   11   18   23   26   28   30
    57.5-180.0 180.0   5.0 450.0                            LAT/LON1/LON2/DLON/H
   19   20   21   23   27   32   38   43   46   47   47   46   46   47   49   51
   54   55   55   53   50   48   45   43   42   43   46   52   63   79   99  122
  146  168  187  201  212  221  229  237  243  249  251  249  242  231  217  201
  185  169  153  136  117   98   77   57   38   22    8    0    0    0    0    0
    0    0    0    0    5   11   15   18   19
    55.0-180.0 180.0   5.0 450.0                            LAT/LON1/LON2/DLON/H
   17   16   16   16   19   23   28   33   37   39   40   40   40   40   42   43
   45   46   46   45   43   41   40   40   42   45   51   61   75   93  116  140
  165  186  203  214  222  227  232  238  245  251  255  253  247  237  223  208
  193  178  163  146  128  109   89   69   50   34   21   10    2    0    0    0
    0    0    0    0    2    9   13   16   17
    52.5-180.0 180.0   5.0 450.0                            LAT/LON1/LON2/DLON/H
   23   22   20   18   18   20   24   28   32   34   36   36   36   36   36   38
   39   40   40   39   38   38   38   40   45   51   60   73   90  111  136  161
  186  206  219  227  230  231  233  237  243  250  254  255  250  241  230  217
  204  191  178  163  146  128  108   89   72   57   45   35   27   20   13    7
    3    1    2    5   10   16   21   23   23
    50.0-180.0 180.0   5.0 450.0                            LAT/LON1/LON2/DLON/H
   38   36   33   29   26   26   27   29   32   35   36   36   36   36   36   37
   39   41   42   41   41   41   43   46   52   61   73   89  108  131  156  182
  206  224  234  238  237  235  234  236  241  248  253  255  252  246  237  227
  218  207  196  182  166  148  129  111   95   82   72   63   56   48   40   32
   25   21   19   20   24   29   34   37   38
    47.5-180.0 180.0   5.0 450.0                            LAT/LON1/LON2/DLON/H
   55   55   52   47   43   40   38   38   39   41   42   42   42   42   42   44
   46   49   51   52   52   53   54   58   65   75   89  106  127  150  175  200
  221  237  246  248  245  240  237  237  241  247  252  255  255  251  245  239
  231  223  212  199  183  164  145  127  112  100   91   84   78   70   62   53
   45   38   34   34   37   42   48   53   55
    45.0-180.0 180.0   5.0 450.0                            LAT/LON1/LON2/DLON/H
   70   72   71   68   63   59   55   53   52   52   53   53   53   53   53   55
   59   63   67   70   70   70   71   74   80   91  106  124  144  166  189  211
  230  245  253  255  252  248  244  243  246  251  255  259  259  257  254  250
  244  236  225  211  193  173  153  134  119  107   98   92   86   80   72   63
   54   47   42   40   43   49   57   64   70
    42.5-180.0 180.0   5.0 450.0                            LAT/LON1/LON2/DLON/H
   76   82   85   84   82   78   73   69   66   65   66   66   66   66   67   70
   75   81   87   90   91   90   89   91   97  108  123  140  159  178  197  215
  232  246  256  261  261  259  257  256  258  261  264  267  268  267  265  262
  257  248  235  218  198  177  154  134  117  104   95   88   83   77   70   61
   53   45   39   37   40   47   56   67   76
    40.0-180.0 180.0   5.0 450.0                            LAT/LON1/LON2/DLON/H
   71   81   88   92   93   91   87   83   79   78   78   79   80   80   81   84
   90   98  104  108  109  107  104  105  111  122  137  153  170  185  199  213
  228  243  256  267  273  277  278  278  278  280  281  282  282  282  280  277
  271  261  246  227  205  182  158  135  115  100   89   81   75   69   62   54
   45   37   31   28   30   36   47   59   71
    37.5-180.0 180.0   5.0 450.0                            LAT/LON1/LON2/DLON/H
   57   69   79   88   93   96   94   91   88   86   87   89   91   92   93   96
  102  110  116  120  120  117  114  114  120  132  148  164  178  189  199  210
  224  241  259  277  291  301  306  308  308  308  307  307  306  305  303  300
  293  282  265  245  222  198  173  148  126  107   93   84   76   69   61   52
   42   33   26   21   20   24   33   44   57
    35.0-180.0 180.0   5.0 450.0                            LAT/LON1/LON2/DLON/H
   40   50   62   73   83   90   92   91   89   89   92   95   98  100  101  103
  108  115  121  124  123  119  116  118  125  139  156  173  185  194  202  211
  226  245  269  294  315  331  342  346  347  346  344  342  339  338  336  333
  326  315  299  280  259  236  211  185  160  138  121  109   99   90   79   68
   56   44   33   25   19   19   23   30   40
    32.5-180.0 180.0   5.0 450.0                            LAT/LON1/LON2/DLON/H
   28   34   42   54   66   76   82   84   85   87   91   97  101  104  105  106
  110  114  118  120  118  115  113  117  128  145  164  182  196  205  212  222
  239  262  290  320  347  369  383  390  393  392  389  386  384  382  380  378
  372  363  351  336  319  299  276  250  223  198  178  164  152  140  126  111
   95   78   63   49   37   29   25   25   28
    30.0-180.0 180.0   5.0 450.0                            LAT/LON1/LON2/DLON/H
   29   26   29   37   49   60   68   73   76   80   87   95  101  105  106  106
  107  110  112  112  110  108  109  116  130  151  174  194  211  223  234  247
  266  292  323  355  385  410  427  438  442  443  441  439  437  435  434  434
  432  427  420  411  400  386  366  341  312  286  264  248  234  220  202  182
  160  139  117   96   76   59   45   35   29
    27.5-180.0 180.0   5.0 450.0                            LAT/LON1/LON2/DLON/H
   47   35   29   31   39   49   57   62   67   73   82   91   99  104  104  104
  103  104  105  105  103  102  106  117  135  159  185  210  231  249  267  286
  309  336  365  396  426  452  471  484  492  495  496  495  494  493  494  497
  500  501  500  498  494  485  468  445  416  389  367  350  335  318  297  273
  246  219  191  163  135  109   85   64   47
    25.0-180.0 180.0   5.0 450.0                            LAT/LON1/LON2/DLON/H
   84   62   47   40   41   47   53   57   61   68   77   87   96  101  102  101
  100  101  101  101  100  101  108  122  144  171  200  229  256  282  308  334
  361  387  414  440  466  491  512  527  538  545  548  549  550  550  554  560
  567  574  580  584  585  581  567  545  517  490  468  451  436  418  394  366
  335  304  272  239  206  172  140  110   84
    22.5-180.0 180.0   5.0 450.0                            LAT/LON1/LON2/DLON/H
  132  103   80   65   59   58   59   60   62   66   74   83   92   97   98   98
   98  100  101  102  103  106  115  132  156  185  216  249  283  318  353  386
  415  439  460  480  502  524  545  563  577  587  593  597  598  600  605  614
  625  637  647  655  659  657  645  624  597  571  549  532  516  498  473  443
  411  378  345  310  273  236  199  164  132
    20.0-180.0 180.0   5.0 450.0                            LAT/LON1/LON2/DLON/H
  182  151  123  103   89   81   76   72   69   69   74   81   88   92   94   95
   97  101  105  108  110  115  126  145  170  200  233  269  309  352  395  434
  464  485  499  512  528  548  570  591  608  620  629  633  636  638  644  654
  667  681  692  700  704  701  689  669  643  617  594  577  560  541  516  487
  456  425  393  360  325  288  251  216  182
    17.5-180.0 180.0   5.0 450.0                            LAT/LON1/LON2/DLON/H
  225  195  168  144  126  112  100   90   82   77   77   80   84   87   89   91
   96  103  110  116  119  125  137  157  184  215  248  287  332  381  429  471
  500  516  524  532  544  564  587  611  629  643  652  657  659  661  667  676
  689  701  710  715  715  709  696  676  651  624  600  580  561  540  516  489
  461  434  408  380  350  317  285  255  225
    15.0-180.0 180.0   5.0 450.0                            LAT/LON1/LON2/DLON/H
  251  228  204  182  161  143  127  113   99   89   83   81   81   82   83   86
   94  105  115  122  127  133  147  168  197  228  263  303  349  400  451  492
  519  532  535  539  551  572  598  623  643  656  665  669  670  671  675  682
  692  700  704  702  697  687  673  653  628  600  573  547  524  500  476  452
  429  409  389  369  346  321  297  273  251
    12.5-180.0 180.0   5.0 450.0                            LAT/LON1/LON2/DLON/H
  258  243  226  207  188  170  152  134  117  102   91   84   80   78   78   82
   91  104  117  126  131  138  153  177  208  241  277  316  362  411  460  498
  522  532  534  538  551  574  603  630  650  662  669  672  672  672  673  678
  682  685  682  674  662  649  633  614  589  559  527  495  465  437  413  392
  373  359  346  333  318  302  286  272  258
    10.0-180.0 180.0   5.0 450.0                            LAT/LON1/LON2/DLON/H
  249  242  231  218  203  186  169  151  133  116  101   89   82   77   76   79
   89  103  116  125  130  138  155  183  218  254  290  328  370  415  458  492
  513  521  524  531  548  575  606  633  653  664  669  671  670  669  668  669
  669  666  657  643  627  611  596  577  553  521  483  443  405  373  348  328
  313  303  295  288  280  271  262  255  249
     7.5-180.0 180.0   5.0 450.0                            LAT/LON1/LON2/DLON/H
  232  229  223  215  204  191  177  162  145  128  111   98   87   80   77   79
   87  100  112  121  127  137  157  190  229  268  305  340  377  415  450  478
  496  505  512  524  545  576  608  636  654  663  668  669  669  668  666  664
  661  653  639  622  605  589  575  559  535  501  457  410  365  329  301  281
  268  260  254  251  247  242  237  234  232
     5.0-180.0 180.0   5.0 450.0                            LAT/LON1/LON2/DLON/H
  217  214  210  204  196  187  177  165  152  137  122  108   96   87   82   82
   88   98  108  116  123  136  161  198  242  284  320  352  382  412  440  463
  480  491  503  520  545  578  611  637  654  663  668  671  672  672  670  667
  662  651  637  620  604  591  580  566  543  507  460  407  358  318  288  268
  254  245  239  235  231  227  223  220  217
     2.5-180.0 180.0   5.0 450.0                            LAT/LON1/LON2/DLON/H
  214  207  200  193  186  179  172  164  156  145  132  119  107   98   91   88
   90   97  104  112  121  138  168  210  257  300  335  363  387  409  430  450
  468  483  500  521  549  581  613  638  655  665  672  677  680  682  682  679
  673  663  650  637  625  616  608  596  574  538  489  435  384  343  313  292
  276  263  254  247  242  236  229  222  214
