static/ion/2024-01-03.24i
     1.0            IONOSPHERE MAPS     GNSS                IONEX VERSION / TYPE
IONINX V5.5         AIUB                02-JAN-24 07:50     PGM / RUN BY / DATE 
CODE'S 2-DAY PREDICTED IONOSPHERE MAPS FOR DAY 003, 2024    COMMENT             
Global ionosphere maps (GIM) are generated on a daily basis DESCRIPTION         
at CODE using data from about 120 GNSS sites of the IGS and DESCRIPTION         
other institutions. The vertical total electron content     DESCRIPTION         
(VTEC) is modeled in a solar-geomagnetic reference frame    DESCRIPTION         
using a spherical harmonics expansion up to degree and      DESCRIPTION         
order 15. Piece-wise linear functions are used for          DESCRIPTION         
representation in the time domain. The time spacing of      DESCRIPTION         
their vertices is 1 hour, conforming with the epochs of the DESCRIPTION         
VTEC maps.                                                  DESCRIPTION         
To convert line-of-sight TEC into vertical TEC, a modified  DESCRIPTION         
single-layer model mapping function approximating the JPL   DESCRIPTION         
extended slab model mapping function is adopted. The        DESCRIPTION         
mapping function is evaluated at geodetic satellite         DESCRIPTION         
elevation angles. For the computation of the ionospheric    DESCRIPTION         
pierce points, a spherical layer with a radius of 6821 km   DESCRIPTION         
is assumed, implying geocentric, not geodetic IONEX         DESCRIPTION         
latitudes.                                                  DESCRIPTION         
Instrumental biases with respect to each involved GNSS code DESCRIPTION         
observable are estimated as constant values for each        DESCRIPTION         
day. They are modeled with one set of bias parameters for   DESCRIPTION         
each satellite and each station in case of GPS and for each DESCRIPTION         
satellite-station link in case of GLONASS. The code bias    DESCRIPTION         
datum is defined by zero-mean conditions imposed on the     DESCRIPTION         
satellite bias estimates. In this file, just GPS C1W-C2W    DESCRIPTION         
satellite and station bias values are included. The         DESCRIPTION         
complete set of GNSS code bias results is provided in an    DESCRIPTION         
additional Bias-SINEX file as pseudo-absolute values        DESCRIPTION         
specific to each observable.                                DESCRIPTION         
Contact address: code(at)aiub.unibe.ch                      DESCRIPTION         
Data archive:    ftp.aiub.unibe.ch/CODE/                    DESCRIPTION         
                 www.aiub.unibe.ch/download/CODE/           DESCRIPTION         
  2024     1     3     0     0     0                        EPOCH OF FIRST MAP  
  2024     1     4     0     0     0                        EPOCH OF LAST MAP   
  3600                                                      INTERVAL            
    25                                                      # OF MAPS IN FILE   
  NONE                                                      MAPPING FUNCTION    
    10.0                                                    ELEVATION CUTOFF    
One-way carrier phase leveled to code                       OBSERVABLES USED    
  6371.0                                                    BASE RADIUS         
     2                                                      MAP DIMENSION       
   450.0 450.0   0.0                                        HGT1 / HGT2 / DHGT  
    87.5 -87.5  -2.5                                        LAT1 / LAT2 / DLAT  
  -180.0 180.0   5.0                                        LON1 / LON2 / DLON  
    -1                                                      EXPONENT            
TEC/RMS values in 0.1 TECU; 9999, if no value available     COMMENT             
                                                            END OF HEADER       
[from data line 8151]
    20                                                      START OF TEC MAP    
  2024     1     3    19     0     0                        EPOCH OF CURRENT MAP
    87.5-180.0 180.0   5.0 450.0                            LAT/LON1/LON2/DLON/H
   88   90   91   92   93   94   95   96   97   98   99  100  100  101  102  102
  102  102  102  102  102  102  101  101  100  100   99   98   97   96   95   94
   93   92   91   90   88   87   86   85   84   83   82   81   80   79   78   78
   77   77   77   76   76   76   76   76   77   77   77   78   78   79   79   80
   81   82   82   83   84   85   86   87   88
    85.0-180.0 180.0   5.0 450.0                            LAT/LON1/LON2/DLON/H
   80   82   84   86   88   90   93   95   97   99  101  103  105  106  107  108
  108  108  108  108  107  107  106  105  104  103  102  101   99   98   96   95
   93   91   89   87   85   82   80   78   76   73   71   70   68   67   65   64
   64   63   63   63   63   63   63   64   64   64   65   66   66   67   67   68
   69   70   71   72   73   75   76   78   80
    82.5-180.0 180.0   5.0 450.0                            LAT/LON1/LON2/DLON/H
   65   67   70   73   76   79   83   87   91   95   98  101  104  106  108  109
  109  109  109  108  107  106  105  104  102  101  100   99   98   97   95   94
   92   90   88   85   83   79   76   73   70   66   63   61   59   57   55   54
   54   54   54   54   55   55   56   57   57   57   58   58   58   58   58   58
   58   58   59   59   60   61   62   63   65
    80.0-180.0 180.0   5.0 450.0                            LAT/LON1/LON2/DLON/H
   49   50   53   56   59   64   69   74   80   86   91   96  101  104  107  109
  109  109  108  107  105  103  101   99   98   97   96   95   95   95   94   94
   93   91   89   87   83   80   76   71   67   63   59   56   54   52   51   51
   51   52   53   54   55   57   57   58   58   57   57   56   55   54   53   52
   51   50   49   48   48   47   47   48   49
    77.5-180.0 180.0   5.0 450.0                            LAT/LON1/LON2/DLON/H
   35   35   37   39   43   48   54   61   69   77   85   92   99  105  109  111
  113  112  111  109  106  103  100   97   95   93   92   92   92   93   93   94
   94   93   91   89   86   82   77   73   68   63   59   56   54   53   53   54
   56   58   60   63   65   66   67   66   65   64   62   59   57   54   52   50
   48   46   44   42   40   39   37   36   35
    75.0-180.0 180.0   5.0 450.0                            LAT/LON1/LON2/DLON/H
   29   27   27   28   30   35   42   50   60   71   82   92  102  110  117  121
  124  124  123  120  116  111  106  102   98   95   93   92   92   92   93   93
   93   93   91   89   86   83   78   74   69   65   61   59   58   58   59   62
   66   70   73   77   79   80   80   79   76   72   68   64   60   57   54   51
   49   47   45   43   40   38   35   32   29
    72.5-180.0 180.0   5.0 450.0                            LAT/LON1/LON2/DLON/H
   32   29   26   25   27   31   37   46   58   71   84   98  112  123  133  141
  145  147  146  143  138  131  124  117  110  104   99   96   93   92   91   90
   89   88   87   85   82   79   75   72   68   65   63   61   61   63   66   71
   76   82   87   91   93   94   92   89   84   79   73   67   62   58   55   53
   52   52   51   50   48   45   41   37   32
    70.0-180.0 180.0   5.0 450.0                            LAT/LON1/LON2/DLON/H
   43   38   34   32   32   35   42   51   63   78   94  111  128  144  158  169
  176  180  181  178  172  164  153  142  131  121  112  104   98   93   88   85
   82   79   76   73   71   68   66   64   62   61   60   60   62   65   70   76
   83   90   96  100  102  101   98   93   86   78   71   64   58   55   53   53
   54   56   58   59   59   57   53   49   43
    67.5-180.0 180.0   5.0 450.0                            LAT/LON1/LON2/DLON/H
   58   53   49   46   46   49   55   64   77   93  111  131  151  170  188  203
  214  221  223  221  215  204  191  175  159  143  129  116  104   94   86   78
   71   65   60   56   53   52   51   51   51   52   53   55   57   62   67   74
   82   89   95   99  100   98   94   87   79   70   61   54   49   47   47   49
   53   58   63   67   69   68   66   62   58
    65.0-180.0 180.0   5.0 450.0                            LAT/LON1/LON2/DLON/H
   69   66   64   63   65   68   75   85   98  114  133  154  176  199  220  238
  253  262  267  266  259  246  230  210  189  168  148  130  113   99   85   73
   62   52   44   38   35   34   34   36   38   40   42   45   48   52   58   65
   72   79   84   88   88   85   80   72   64   55   47   41   37   35   37   42
   48   55   63   69   73   74   74   72   69
    62.5-180.0 180.0   5.0 450.0                            LAT/LON1/LON2/DLON/H
   73   74   76   79   84   91   99  110  123  139  159  180  203  227  250  270
  287  299  305  304  297  283  264  241  216  191  167  145  125  107   90   74
   59   45   33   25   20   19   20   23   26   29   31   33   36   39   44   50
   56   62   67   69   68   65   60   53   45   38   31   27   24   24   27   32
   40   48   56   63   68   71   72   73   73
    60.0-180.0 180.0   5.0 450.0                            LAT/LON1/LON2/DLON/H
   67   73   81   90  101  112  124  137  151  167  186  207  230  253  276  296
  314  326  332  331  323  309  288  264  237  211  185  162  141  122  103   84
   66   48   33   22   15   12   13   16   19   21   23   24   25   27   30   34
   39   44   47   49   48   44   39   34   29   24   20   17   16   17   20   25
   31   39   46   52   56   59   61   63   67
    57.5-180.0 180.0   5.0 450.0                            LAT/LON1/LON2/DLON/H
   52   64   78   96  114  132  148  164  180  196  214  234  254  276  297  315
  330  341  345  343  335  321  301  278  252  226  202  181  161  142  124  104
   83   62   44   30   21   17   17   18   20   21   21   21   20   20   21   24
   27   31   33   34   32   29   25   22   19   17   16   16   16   17   19   22
   26   31   35   38   40   41   42   45   52
    55.0-180.0 180.0   5.0 450.0                            LAT/LON1/LON2/DLON/H
   35   51   72   97  123  148  170  190  208  225  242  260  278  296  313  328
  339  345  347  344  335  322  305  285  263  240  220  201  184  167  149  129
  107   85   65   49   38   32   30   29   29   29   27   25   22   20   20   22
   25   27   29   28   27   24   21   20   20   21   22   24   25   25   26   27
   28   29   29   28   26   23   23   26   35
    52.5-180.0 180.0   5.0 450.0                            LAT/LON1/LON2/DLON/H
   21   39   65   97  130  161  189  214  234  253  269  285  300  314  327  336
  342  344  342  336  329  318  306  290  273  255  238  222  207  192  175  154
  131  108   87   71   59   53   49   46   45   42   39   35   32   29   29   30
   32   35   36   35   33   30   29   29   30   33   36   39   41   41   40   38
   37   34   31   26   20   13    9   11   21
    50.0-180.0 180.0   5.0 450.0                            LAT/LON1/LON2/DLON/H
   15   35   64   99  136  173  206  234  258  278  294  309  321  332  339  344
  344  341  335  328  322  315  308  299  287  273  258  243  228  212  193  171
  147  124  104   89   79   73   68   65   61   58   54   50   47   44   44   45
   48   51   52   51   48   46   44   45   47   51   55   58   59   59   57   55
   51   47   41   34   24   15    7    7   15
    47.5-180.0 180.0   5.0 450.0                            LAT/LON1/LON2/DLON/H
   21   40   69  105  145  183  219  250  277  299  316  330  341  349  353  353
  349  342  333  325  321  318  317  313  306  294  278  261  243  223  201  176
  151  128  110   99   92   88   84   80   76   72   69   66   63   61   62   64
   67   70   71   70   67   65   63   63   65   68   72   75   76   76   74   72
   68   64   58   50   39   27   18   15   21
    45.0-180.0 180.0   5.0 450.0                            LAT/LON1/LON2/DLON/H
   38   55   82  117  155  193  229  262  291  315  334  348  358  365  368  365
  358  348  338  331  328  330  334  334  328  315  296  273  249  223  196  167
  141  119  105   99   97   96   94   90   87   83   81   79   77   76   77   79
   83   86   87   87   84   81   79   78   79   82   84   86   88   88   87   86
   84   81   76   69   59   48   38   33   38
    42.5-180.0 180.0   5.0 450.0                            LAT/LON1/LON2/DLON/H
   61   76  100  131  165  200  235  268  299  325  346  362  373  380  383  380
  372  361  351  345  344  349  355  357  351  334  309  279  248  216  183  151
  124  105   96   95   99  101  101   98   94   91   89   88   87   86   87   89
   92   95   96   96   93   91   89   88   88   89   90   91   92   93   94   94
   93   92   90   86   79   70   61   57   61
    40.0-180.0 180.0   5.0 450.0                            LAT/LON1/LON2/DLON/H
   85   99  120  146  175  205  237  270  301  329  352  370  384  393  397  395
  388  378  369  364  365  371  377  378  368  346  315  279  243  207  172  139
  112   96   92   97  105  110  110  106  102   99   97   96   94   93   92   93
   95   97   97   96   94   92   91   90   90   90   90   90   91   92   94   95
   96   97   96   95   91   86   81   80   85
    37.5-180.0 180.0   5.0 450.0                            LAT/LON1/LON2/DLON/H
  104  118  137  159  183  209  237  268  299  329  354  375  390  402  408  408
  403  395  387  383  384  389  393  390  376  350  316  278  241  206  174  144
  120  107  106  114  125  130  129  123  116  111  108  106  103   99   96   95
   94   94   93   91   90   89   89   89   89   89   89   88   88   89   91   92
   93   94   94   94   94   93   93   96  104
    35.0-180.0 180.0   5.0 450.0                            LAT/LON1/LON2/DLON/H
  116  133  151  170  190  211  235  264  296  327  353  376  394  408  416  419
  415  408  401  397  397  398  398  391  374  347  314  281  251  224  200  176
  158  148  149  157  165  167  161  151  140  133  128  123  117  111  105  101
   97   94   91   88   86   86   87   89   90   91   90   89   88   87   87   88
   87   87   86   86   87   90   96  104  116
    32.5-180.0 180.0   5.0 450.0                            LAT/LON1/LON2/DLON/H
  122  142  161  179  196  214  236  263  294  325  352  376  395  411  421  424
  421  415  409  404  400  397  392  382  364  341  316  294  278  266  255  242
  230  222  221  224  226  221  209  193  178  166  158  150  142  133  125  117
  110  103   97   92   89   89   91   94   97   98   97   95   92   90   88   86
   84   80   77   75   76   81   91  105  122
    30.0-180.0 180.0   5.0 450.0                            LAT/LON1/LON2/DLON/H
  125  149  171  189  205  221  241  267  296  326  353  377  397  413  424  427
  423  416  409  402  396  388  379  368  354  340  328  323  326  334  338  337
  330  321  315  309  301  287  266  244  225  210  199  189  179  168  158  148
  137  127  116  109  104  104  105  108  111  112  111  108  104   99   95   91
   85   79   72   67   66   71   84  103  125
    27.5-180.0 180.0   5.0 450.0                            LAT/LON1/LON2/DLON/H
  129  157  182  202  219  235  254  278  306  334  359  382  401  417  426  428
  423  415  406  397  387  376  365  357  351  350  355  370  393  419  439  447
  443  431  415  398  378  352  324  298  276  259  247  236  224  213  202  190
  177  163  149  139  132  129  129  130  132  133  131  127  121  114  108  102
   95   86   75   66   63   67   81  103  129
    25.0-180.0 180.0   5.0 450.0                            LAT/LON1/LON2/DLON/H
  139  169  197  221  240  257  276  299  324  350  373  393  411  425  432  432
  424  415  405  394  382  369  360  357  363  376  398  431  471  511  542  555
  549  530  504  473  440  405  372  344  322  306  294  283  273  262  251  238
  223  207  191  178  169  163  159  157  156  155  152  147  139  131  124  117
  110  100   88   76   70   73   87  110  139
    22.5-180.0 180.0   5.0 450.0                            LAT/LON1/LON2/DLON/H
  155  187  218  245  267  287  307  328  351  374  394  412  427  439  445  442
  433  423  412  400  387  375  369  375  392  419  455  499  548  595  628  640
  630  602  563  520  476  435  400  374  355  343  333  323  314  305  295  282
  267  250  233  219  208  199  191  184  180  176  171  165  156  147  140  134
  128  119  107   94   86   87  101  125  155
    20.0-180.0 180.0   5.0 450.0                            LAT/LON1/LON2/DLON/H
  177  210  242  273  299  322  343  364  385  405  423  438  452  463  467  463
  454  443  432  421  408  398  397  412  439  476  519  566  614  657  685  690
  671  634  585  532  481  437  405  383  371  363  356  349  341  333  324  312
  298  281  265  252  240  229  217  206  197  190  184  176  167  158  152  148
  144  138  127  115  107  108  122  146  177
    17.5-180.0 180.0   5.0 450.0                            LAT/LON1/LON2/DLON/H
  200  234  268  302  333  360  382  403  423  442  458  473  485  495  499  497
  489  479  469  457  445  438  443  464  498  538  580  620  659  690  706  700
  672  627  571  512  458  416  389  374  369  365  361  355  349  341  333  322
  308  294  282  271  261  249  234  219  207  197  188  180  171  163  158  156
  154  151  144  133  126  129  144  169  200
    15.0-180.0 180.0   5.0 450.0                            LAT/LON1/LON2/DLON/H
  221  256  292  329  365  395  420  442  462  481  499  513  526  537  542  542
  537  530  521  510  498  492  500  524  560  597  629  656  678  693  694  677
  642  592  533  473  420  382  361  354  353  353  350  344  336  328  320  310
  299  289  281  274  267  256  241  224  209  197  187  179  170  163  158  157
  157  156  151  144  140  145  162  189  221
    12.5-180.0 180.0   5.0 450.0                            LAT/LON1/LON2/DLON/H
  237  273  311  351  391  426  454  477  499  521  540  557  572  584  592  595
  595  591  583  572  559  553  561  585  615  643  662  672  676  674  662  636
  597  547  490  433  384  350  334  331  333  333  328  319  310  301  292  284
  276  270  267  265  262  253  239  223  207  194  184  175  167  160  155  153
  153  152  149  145  144  153  174  204  237
    10.0-180.0 180.0   5.0 450.0                            LAT/LON1/LON2/DLON/H
  247  284  323  367  411  449  481  507  532  558  581  601  618  632  644  652
  656  655  649  637  622  614  618  636  658  673  676  670  659  645  624  595
  558  512  461  410  364  334  320  317  317  314  304  292  279  269  260  254
  249  248  250  252  252  246  235  221  206  194  183  173  165  157  151  147
  145  143  141  139  141  154  179  211  247
     7.5-180.0 180.0   5.0 450.0                            LAT/LON1/LON2/DLON/H
  252  290  331  377  424  466  500  530  559  589  617  640  660  676  691  703
  712  715  710  697  679  666  665  674  684  686  675  658  639  619  598  572
  540  503  461  414  372  342  325  319  314  304  288  271  256  245  238  234
  233  235  240  244  246  242  233  222  210  198  187  177  167  159  151  144
  138  134  131  129  134  151  179  214  252
     5.0-180.0 180.0   5.0 450.0                            LAT/LON1/LON2/DLON/H
  254  293  335  382  431  476  513  546  579  613  645  672  693  711  728  743
  755  762  758  744  724  706  698  698  697  687  668  646  626  609  593  574
  552  525  490  449  408  374  352  339  325  308  286  265  249  239  235  235
  237  241  245  248  249  245  238  230  220  210  198  187  176  166  156  146
  137  130  125  124  130  148  178  216  254
     2.5-180.0 180.0   5.0 450.0                            LAT/LON1/LON2/DLON/H
  258  296  337  385  435  481  520  556  591  629  664  692  715  733  751  767
  782  790  788  775  753  732  718  710  701  684  662  642  628  619  612  602
  590  571  543  504  462  423  394  372  351  327  301  278  263  257  258  261
  265  268  269  268  264  258  251  244  236  227  215  202  190  178  167  155
  143  134  128  126  133  151  181  219  258
