static/ion/2024-01-04.24i
     1.0            IONOSPHERE MAPS     GNSS                IONEX VERSION / TYPE
IONINX V5.5         AIUB                03-JAN-24 07:38     PGM / RUN BY / DATE 
CODE'S 2-DAY PREDICTED IONOSPHERE MAPS FOR DAY 004, 2024    COMMENT             
Global ionosphere maps (GIM) are generated on a daily basis DESCRIPTION         
at CODE using data from about 120 GNSS sites of the IGS and DESCRIPTION         
other institutions. The vertical total electron content     DESCRIPTION         
(VTEC) is modeled in a solar-geomagnetic reference frame    DESCRIPTION         
using a spherical harmonics expansion up to degree and      DESCRIPTION         
order 15. Piece-wise linear functions are used for          DESCRIPTION         
representation in the time domain. The time spacing of      DESCRIPTION         
their vertices is 1 hour, conforming with the epochs of the DESCRIPTION         
VTEC maps.                                                  DESCRIPTION         
To convert line-of-sight TEC into vertical TEC, a modified  DESCRIPTION         
single-layer model mapping function approximating the JPL   DESCRIPTION         
extended slab model mapping function is adopted. The        DESCRIPTION         
mapping function is evaluated at geodetic satellite         DESCRIPTION         
elevation angles. For the computation of the ionospheric    DESCRIPTION         
pierce points, a spherical layer with a radius of 6821 km   DESCRIPTION         
is assumed, implying geocentric, not geodetic IONEX         DESCRIPTION         
latitudes.                                                  DESCRIPTION         
Instrumental biases with respect to each involved GNSS code DESCRIPTION         
observable are estimated as constant values for each        DESCRIPTION         
day. They are modeled with one set of bias parameters for   DESCRIPTION         
each satellite and each station in case of GPS and for each DESCRIPTION         
satellite-station link in case of GLONASS. The code bias    DESCRIPTION         
datum is defined by zero-mean conditions imposed on the     DESCRIPTION         
satellite bias estimates. In this file, just GPS C1W-C2W    DESCRIPTION         
satellite and station bias values are included. The         DESCRIPTION         
complete set of GNSS code bias results is provided in an    DESCRIPTION         
additional Bias-SINEX file as pseudo-absolute values        DESCRIPTION         
specific to each observable.                                DESCRIPTION         
Contact address: code(at)aiub.unibe.ch                      DESCRIPTION         
Data archive:    ftp.aiub.unibe.ch/CODE/                    DESCRIPTION         
                 www.aiub.unibe.ch/download/CODE/           DESCRIPTION         
  2024     1     4     0     0     0                        EPOCH OF FIRST MAP  
  2024     1     5     0     0     0                        EPOCH OF LAST MAP   
  3600                                                      INTERVAL            
    25                                                      # OF MAPS IN FILE   
  NONE                                                      MAPPING FUNCTION    
    10.0                                                    ELEVATION CUTOFF    
One-way carrier phase leveled to code                       OBSERVABLES USED    
  6371.0                                                    BASE RADIUS         
     2                                                      MAP DIMENSION       
   450.0 450.0   0.0                                        HGT1 / HGT2 / DHGT  
    87.5 -87.5  -2.5                                        LAT1 / LAT2 / DLAT  
  -180.0 180.0   5.0                                        LON1 / LON2 / DLON  
    -1                                                      EXPONENT            
TEC/RMS values in 0.1 TECU; 9999, if no value available     COMMENT             
                                                            END OF HEADER       
[from data line 5148]
    13                                                      START OF TEC MAP    
  2024     1     4    12     0     0                        EPOCH OF CURRENT MAP
    87.5-180.0 180.0   5.0 450.0                            LAT/LON1/LON2/DLON/H
   58   58   59   59   60   60   61   61   62   62   63   63   63   63   64   64
   64   64   64   64   64   64   63   63   62   62   61   61   60   59   58   58
   57   56   55   54   53   52   51   50   49   49   48   47   47   47   46   46
   46   46   47   47   47   48   48   49   49   50   50   51   52   52   53   53
   54   54   55   55   56   56   57   57   58
    85.0-180.0 180.0   5.0 450.0                            LAT/LON1/LON2/DLON/H
   56   57   57   58   59   59   60   61   62   63   63   64   65   65   66   66
   67   67   67   67   67   67   66   66   66   65   64   63   63   61   60   59
   57   55   53   51   49   47   45   43   41   39   38   37   36   35   35   35
   36   36   38   39   40   42   43   45   46   48   49   51   52   53   53   54
   55   55   55   55   56   56   56   56   56
    82.5-180.0 180.0   5.0 450.0                            LAT/LON1/LON2/DLON/H
   53   53   53   53   54   55   56   57   58   59   60   61   62   63   63   64
   64   64   64   64   64   64   64   64   64   64   64   64   64   63   62   61
   59   57   54   51   48   45   41   38   35   32   30   28   27   27   27   27
   29   31   33   36   39   42   45   49   52   54   56   58   60   60   61   61
   61   60   59   58   57   56   55   54   53
    80.0-180.0 180.0   5.0 450.0                            LAT/LON1/LON2/DLON/H
   51   50   49   49   49   50   50   52   53   54   55   56   57   57   58   58
   58   57   57   57   57   57   57   58   58   60   61   63   64   65   66   66
   65   63   61   58   54   49   44   40   35   31   28   26   25   24   25   26
   29   32   36   41   46   50   55   60   64   68   71   73   75   75   75   74
   72   69   67   64   61   58   55   53   51
    77.5-180.0 180.0   5.0 450.0                            LAT/LON1/LON2/DLON/H
   52   50   48   47   47   47   47   48   49   50   51   52   52   53   52   52
   51   50   49   48   47   47   48   49   51   54   57   61   65   69   72   75
   76   76   74   71   67   61   56   50   44   39   35   32   31   31   32   34
   37   42   47   52   58   64   70   76   81   85   89   91   92   92   91   89
   86   82   77   73   68   63   59   55   52
    75.0-180.0 180.0   5.0 450.0                            LAT/LON1/LON2/DLON/H
   57   54   51   50   49   48   48   49   49   50   50   50   50   50   50   49
   47   46   44   42   40   39   40   41   44   49   54   61   68   76   82   88
   91   93   93   91   87   81   75   68   61   56   51   48   46   46   48   50
   53   57   62   67   72   78   84   90   95  100  103  106  107  107  105  102
   98   93   88   82   76   71   65   61   57
    72.5-180.0 180.0   5.0 450.0                            LAT/LON1/LON2/DLON/H
   64   61   58   56   55   54   54   53   53   52   52   52   52   52   51   50
   48   46   43   40   38   36   36   37   41   46   54   63   73   84   94  103
  110  115  116  115  112  107  100   93   86   79   75   71   70   69   70   71
   73   75   78   81   84   88   92   96  101  105  108  110  111  111  109  107
  103   98   93   88   83   77   72   68   64
    70.0-180.0 180.0   5.0 450.0                            LAT/LON1/LON2/DLON/H
   70   68   66   65   63   62   61   60   59   57   56   56   56   55   55   55
   53   51   48   44   40   37   36   37   41   47   56   67   80   93  107  119
  129  136  141  141  139  134  128  121  114  107  102   99   97   96   95   94
   93   92   91   89   88   88   89   91   94   96   99  101  102  102  100   99
   96   93   90   87   84   80   77   73   70
    67.5-180.0 180.0   5.0 450.0                            LAT/LON1/LON2/DLON/H
   73   72   71   71   70   69   68   66   64   62   60   59   59   59   60   61
   60   58   55   50   46   42   40   40   43   50   59   72   86  102  118  133
  146  156  162  165  164  161  155  149  142  136  131  127  125  122  120  116
  111  105   98   91   84   79   75   74   74   75   77   78   78   78   78   77
   77   77   77   78   77   77   76   75   73
    65.0-180.0 180.0   5.0 450.0                            LAT/LON1/LON2/DLON/H
   70   70   71   71   72   72   71   69   66   64   61   60   60   61   63   65
   65   64   61   56   51   46   44   44   47   54   64   77   92  109  127  144
  159  171  180  185  186  184  180  174  168  162  158  153  150  146  140  133
  124  113  100   86   74   63   55   50   48   47   47   47   47   46   46   47
   49   52   56   60   63   66   68   69   70
    62.5-180.0 180.0   5.0 450.0                            LAT/LON1/LON2/DLON/H
   59   61   63   65   67   68   68   67   64   61   58   57   57   59   62   65
   66   66   63   58   52   48   45   46   50   58   68   82   98  116  135  153
  170  183  194  200  203  202  200  195  190  185  180  175  170  164  157  146
  133  117   99   80   62   47   35   27   23   20   18   17   15   14   14   15
   18   24   31   38   45   50   55   57   59
    60.0-180.0 180.0   5.0 450.0                            LAT/LON1/LON2/DLON/H
   44   47   50   53   56   58   60   59   57   54   51   50   50   53   57   60
   62   62   59   55   49   46   44   47   53   62   74   89  106  124  143  162
  179  193  204  211  215  216  215  212  208  203  198  193  186  178  168  156
  139  120   99   77   56   38   23   13    7    3    0    0    0    0    0    0
    0    0    8   18   26   34   39   42   44
    57.5-180.0 180.0   5.0 450.0                            LAT/LON1/LON2/DLON/H
   30   32   35   38   42   46   48   49   48   46   43   42   42   45   49   53
   55   55   52   48   43   41   42   47   56   68   83   99  116  135  154  173
  189  203  213  220  225  226  226  225  222  218  212  206  198  189  178  163
  146  126  104   81   59   40   25   14    7    2    0    0    0    0    0    0
    0    0    0    5   13   20   25   28   30
    55.0-180.0 180.0   5.0 450.0                            LAT/LON1/LON2/DLON/H
   21   21   23   26   30   34   37   39   39   38   36   35   35   37   41   45
   48   48   45   40   37   36   40   49   62   78   95  113  132  151  170  188
  202  214  223  228  232  234  234  234  232  229  224  217  208  198  186  172
  155  136  115   93   72   54   39   29   22   17   12    7    1    0    0    0
    0    0    0    2   10   15   18   20   21
    52.5-180.0 180.0   5.0 450.0                            LAT/LON1/LON2/DLON/H
   20   20   20   22   25   28   31   33   34   34   34   33   32   34   37   41
   43   44   41   37   34   36   43   56   73   93  113  133  153  172  190  206
  218  227  232  235  237  239  240  240  240  237  233  226  217  206  194  181
  166  149  131  112   93   77   64   54   47   42   37   31   24   17    9    4
    1    2    6   11   15   19   20   20   20
    50.0-180.0 180.0   5.0 450.0                            LAT/LON1/LON2/DLON/H
   29   28   28   28   29   30   32   34   36   37   37   36   35   36   38   42
   45   46   44   40   39   42   52   69   90  113  135  156  177  195  212  226
  235  240  241  242  241  242  243  245  245  244  240  234  226  215  204  192
  178  164  148  132  116  102   90   80   73   68   63   57   51   43   36   29
   25   23   23   25   28   30   30   30   29
    47.5-180.0 180.0   5.0 450.0                            LAT/LON1/LON2/DLON/H
   44   44   43   43   42   41   41   42   44   46   46   45   44   44   45   49
   53   55   54   52   51   56   69   88  111  136  159  180  200  217  232  243
  249  251  249  247  245  244  246  247  249  249  247  242  235  225  214  203
  190  177  163  149  135  122  110  100   92   86   80   75   70   64   58   52
   46   43   41   40   41   43   44   44   44
    45.0-180.0 180.0   5.0 450.0                            LAT/LON1/LON2/DLON/H
   61   63   63   62   60   58   56   55   56   58   59   59   57   56   57   62
   67   70   70   69   70   76   90  110  134  159  181  201  218  233  245  254
  258  258  255  252  249  248  249  251  253  255  254  251  245  237  226  214
  201  187  174  160  146  133  121  109   99   91   85   80   77   73   69   64
   59   54   51   50   51   53   56   59   61
    42.5-180.0 180.0   5.0 450.0                            LAT/LON1/LON2/DLON/H
   73   77   80   80   79   75   72   70   70   72   74   73   71   70   71   76
   82   87   89   89   90   97  112  132  156  179  199  216  230  241  251  258
  261  261  259  257  256  256  256  258  260  262  264  262  258  250  240  227
  212  196  181  166  151  137  123  109   96   85   78   73   71   70   68   65
   60   55   51   50   52   56   62   68   73
    40.0-180.0 180.0   5.0 450.0                            LAT/LON1/LON2/DLON/H
   76   83   89   91   91   88   85   82   82   84   86   86   84   82   84   89
   95  101  105  106  109  117  131  151  174  195  211  224  233  242  249  255
  260  263  266  268  270  271  271  272  273  276  278  278  275  269  258  244
  227  208  189  172  156  140  125  108   92   78   69   63   62   61   60   58
   53   48   43   42   45   51   59   68   76
    37.5-180.0 180.0   5.0 450.0                            LAT/LON1/LON2/DLON/H
   70   78   86   91   94   93   91   89   89   92   94   95   93   92   93   98
  104  111  115  117  122  130  145  165  186  204  217  226  232  237  244  251
  260  268  277  286  293  296  297  297  297  298  300  301  300  294  284  269
  250  229  207  187  169  153  136  117   98   82   70   63   60   59   57   53
   47   40   34   32   34   41   50   60   70
    35.0-180.0 180.0   5.0 450.0                            LAT/LON1/LON2/DLON/H
   56   64   73   80   86   89   89   89   90   93   97   99   98   98   99  102
  108  113  117  121  127  138  154  173  192  209  220  226  230  235  242  252
  266  282  299  315  328  335  336  334  332  331  332  334  333  330  321  306
  287  264  240  219  201  185  167  148  128  109   96   87   81   76   70   62
   53   43   34   29   28   33   40   48   56
    32.5-180.0 180.0   5.0 450.0                            LAT/LON1/LON2/DLON/H
   43   48   55   63   72   78   81   82   85   89   95   98   99  100  100  103
  106  110  114  119  128  141  158  177  196  212  223  229  233  239  250  265
  285  309  334  357  375  384  386  383  379  376  376  377  377  375  369  357
  339  317  294  274  257  242  225  206  185  166  151  140  131  121  109   95
   79   64   51   41   35   34   35   39   43
    30.0-180.0 180.0   5.0 450.0                            LAT/LON1/LON2/DLON/H
   37   36   39   46   56   64   69   73   77   82   89   94   97   99  100  101
  102  104  107  115  126  142  161  181  200  217  229  238  247  257  273  294
  320  350  380  409  430  442  445  442  436  431  429  428  429  429  427  419
  405  387  367  350  336  323  307  289  269  251  236  223  209  193  174  152
  130  109   89   72   59   50   44   39   37
    27.5-180.0 180.0   5.0 450.0                            LAT/LON1/LON2/DLON/H
   44   37   34   38   45   52   58   63   68   74   82   88   93   97   98   99
   98   98  102  111  126  145  166  186  206  225  242  257  272  289  312  339
  370  403  435  465  489  502  506  503  497  491  487  485  486  489  491  489
  481  467  452  439  428  417  403  386  367  351  336  322  305  283  257  229
  200  173  147  123  101   83   68   55   44
    25.0-180.0 180.0   5.0 450.0                            LAT/LON1/LON2/DLON/H
   68   54   45   42   44   49   53   57   61   67   75   82   89   94   97   97
   96   95  100  112  130  152  174  195  217  239  262  284  307  334  364  396
  429  461  492  520  543  557  563  561  556  549  544  541  542  547  553  557
  555  548  538  529  520  511  497  480  462  447  434  420  401  375  343  310
  277  245  215  184  155  129  106   86   68
    22.5-180.0 180.0   5.0 450.0                            LAT/LON1/LON2/DLON/H
  106   87   71   61   56   55   55   57   59   63   70   77   84   90   95   96
   96   96  103  118  140  164  187  209  232  258  287  317  350  384  421  457
  489  518  543  566  586  601  609  610  606  600  594  591  592  598  608  616
  619  617  611  605  597  587  572  553  535  520  509  495  475  447  413  378
  344  312  279  246  212  180  151  127  106
    20.0-180.0 180.0   5.0 450.0                            LAT/LON1/LON2/DLON/H
  149  128  109   91   79   70   65   62   62   63   67   72   79   86   92   96
   98  100  110  128  153  179  202  224  249  279  314  352  392  434  475  512
  541  563  580  597  614  629  640  644  643  638  633  629  630  637  648  659
  665  665  661  655  646  633  614  592  571  556  545  532  512  484  451  418
  387  357  327  294  259  225  196  171  149
    17.5-180.0 180.0   5.0 450.0                            LAT/LON1/LON2/DLON/H
  190  171  149  127  107   92   81   73   69   67   67   69   74   81   89   95
  100  106  119  141  168  195  219  241  268  302  342  385  430  476  519  554
  578  592  601  612  626  642  655  663  665  662  656  653  653  660  671  682
  687  687  682  674  662  644  619  592  568  550  537  524  505  479  450  422
  397  374  349  320  288  257  230  209  190
    15.0-180.0 180.0   5.0 450.0                            LAT/LON1/LON2/DLON/H
  220  205  185  160  136  115   99   87   79   73   69   68   70   76   84   93
  101  112  129  153  181  209  234  258  288  325  367  412  458  504  545  577
  595  602  605  612  625  643  659  669  673  671  667  663  664  669  679  686
  689  686  677  666  649  625  594  561  531  509  493  478  460  438  414  393
  376  361  343  322  296  270  248  233  220
    12.5-180.0 180.0   5.0 450.0                            LAT/LON1/LON2/DLON/H
  235  225  208  184  158  135  116  101   90   81   74   69   68   72   80   90
  102  116  136  162  192  220  247  274  307  347  390  433  476  517  554  581
  594  596  596  602  617  637  655  667  672  671  667  664  664  668  674  678
  676  668  655  639  618  589  553  514  478  450  429  411  393  374  357  343
  334  326  317  303  285  265  250  241  235
    10.0-180.0 180.0   5.0 450.0                            LAT/LON1/LON2/DLON/H
  234  229  217  195  171  148  129  114  101   90   80   73   69   70   76   87
  100  117  140  168  199  229  258  290  327  369  410  449  484  518  548  570
  580  581  581  589  607  630  650  663  667  666  663  660  660  663  665  664
  658  645  629  609  584  552  513  470  429  395  368  346  327  311  299  291
  287  285  282  275  264  250  239  235  234
     7.5-180.0 180.0   5.0 450.0                            LAT/LON1/LON2/DLON/H
  223  221  212  194  173  153  137  123  111   99   88   79   73   71   75   85
   99  118  142  171  204  237  270  307  348  390  428  459  485  510  533  551
  560  562  567  579  601  627  648  660  664  662  660  658  658  659  658  653
  643  628  609  588  562  530  490  445  401  362  329  303  283  270  261  257
  255  254  254  251  244  234  225  222  223
     5.0-180.0 180.0   5.0 450.0                            LAT/LON1/LON2/DLON/H
  210  208  200  186  169  153  140  129  119  108   97   88   80   76   77   85
   98  117  143  175  210  246  283  324  368  410  443  466  482  498  515  531
  541  548  558  576  602  630  651  662  665  663  662  661  661  660  657  650
  639  623  605  585  561  531  494  450  404  362  325  296  275  263  256  252
  249  246  245  243  238  228  218  212  210
     2.5-180.0 180.0   5.0 450.0                            LAT/LON1/LON2/DLON/H
  204  198  189  176  162  151  142  134  125  116  106   98   90   84   82   87
   98  118  146  180  217  257  298  343  388  427  455  469  477  486  500  515
  529  542  558  581  610  638  659  669  671  671  670  670  670  668  664  657
  646  632  617  601  581  556  523  482  437  394  355  324  304  294  288  282
  274  267  261  257  250  238  224  211  204
