static/ion/2024-01-06.24i
     1.0            IONOSPHERE MAPS     GNSS                IONEX VERSION / TYPE
IONINX V5.5         AIUB                05-JAN-24 07:48     PGM / RUN BY / DATE 
CODE'S 2-DAY PREDICTED IONOSPHERE MAPS FOR DAY 006, 2024    COMMENT             
Global ionosphere maps (GIM) are generated on a daily basis DESCRIPTION         
at CODE using data from about 120 GNSS sites of the IGS and DESCRIPTION         
other institutions. The vertical total electron content     DESCRIPTION         
(VTEC) is modeled in a solar-geomagnetic reference frame    DESCRIPTION         
using a spherical harmonics expansion up to degree and      DESCRIPTION         
order 15. Piece-wise linear functions are used for          DESCRIPTION         
representation in the time domain. The time spacing of      DESCRIPTION         
their vertices is 1 hour, conforming with the epochs of the DESCRIPTION         
VTEC maps.                                                  DESCRIPTION         
To convert line-of-sight TEC into vertical TEC, a modified  DESCRIPTION         
single-layer model mapping function approximating the JPL   DESCRIPTION         
extended slab model mapping function is adopted. The        DESCRIPTION         
mapping function is evaluated at geodetic satellite         DESCRIPTION         
elevation angles. For the computation of the ionospheric    DESCRIPTION         
pierce points, a spherical layer with a radius of 6821 km   DESCRIPTION         
is assumed, implying geocentric, not geodetic IONEX         DESCRIPTION         
latitudes.                                                  DESCRIPTION         
Instrumental biases with respect to each involved GNSS code DESCRIPTION         
observable are estimated as constant values for each        DESCRIPTION         
day. They are modeled with one set of bias parameters for   DESCRIPTION         
each satellite and each station in case of GPS and for each DESCRIPTION         
satellite-station link in case of GLONASS. The code bias    DESCRIPTION         
datum is defined by zero-mean conditions imposed on the     DESCRIPTION         
satellite bias estimates. In this file, just GPS C1W-C2W    DESCRIPTION         
satellite and station bias values are included. The         DESCRIPTION         
complete set of GNSS code bias results is provided in an    DESCRIPTION         
additional Bias-SINEX file as pseudo-absolute values        DESCRIPTION         
specific to each observable.                                DESCRIPTION         
Contact address: code(at)aiub.unibe.ch                      DESCRIPTION         
Data archive:    ftp.aiub.unibe.ch/CODE/                    DESCRIPTION         
                 www.aiub.unibe.ch/download/CODE/           DESCRIPTION         
  2024     1     6     0     0     0                        EPOCH OF FIRST MAP  
  2024     1     7     0     0     0                        EPOCH OF LAST MAP   
  3600                                                      INTERVAL            
    25                                                      # OF MAPS IN FILE   
  NONE                                                      MAPPING FUNCTION    
    10.0                                                    ELEVATION CUTOFF    
One-way carrier phase leveled to code                       OBSERVABLES USED    
  6371.0                                                    BASE RADIUS         
     2                                                      MAP DIMENSION       
   450.0 450.0   0.0                                        HGT1 / HGT2 / DHGT  
    87.5 -87.5  -2.5                                        LAT1 / LAT2 / DLAT  
  -180.0 180.0   5.0                                        LON1 / LON2 / DLON  
    -1                                                      EXPONENT            
TEC/RMS values in 0.1 TECU; 9999, if no value available     COMMENT             
                                                            END OF HEADER       
[from data line 858]
     3                                                      START OF TEC MAP    
  2024     1     6     2     0     0                        EPOCH OF CURRENT MAP
    87.5-180.0 180.0   5.0 450.0                            LAT/LON1/LON2/DLON/H
   80   80   79   79   78   77   77   76   76   75   74   74   73   73   72   72
   71   70   70   69   69   68   68   67   67   66   66   65   65   65   65   65
   64   64   64   65   65   65   65   66   66   67   67   68   68   69   70   70
   71   72   73   74   74   75   76   77   78   78   79   80   80   81   81   81
   81   82   82   82   81   81   81   81   80
    85.0-180.0 180.0   5.0 450.0                            LAT/LON1/LON2/DLON/H
   86   85   83   82   80   79   77   76   75   74   73   72   72   71   70   70
   69   68   67   66   66   64   63   62   61   60   59   58   58   57   57   56
   56   56   56   57   57   58   58   59   60   60   61   62   63   65   66   67
   68   70   71   73   75   76   78   80   82   84   85   87   88   90   91   91
   92   92   92   92   91   90   89   88   86
    82.5-180.0 180.0   5.0 450.0                            LAT/LON1/LON2/DLON/H
   93   90   87   83   80   78   75   73   71   70   69   68   68   68   68   67
   67   67   66   65   64   62   61   59   57   56   54   53   51   51   50   50
   50   50   51   51   52   53   54   55   56   57   58   59   60   61   63   64
   65   67   69   71   73   76   79   82   85   88   92   95   98  100  102  104
  105  106  106  105  104  102   99   97   93
    80.0-180.0 180.0   5.0 450.0                            LAT/LON1/LON2/DLON/H
  104   98   92   87   81   77   72   69   67   65   64   63   63   64   64   65
   65   66   65   65   64   62   60   58   55   53   51   49   48   47   47   47
   47   48   50   51   52   54   55   57   58   58   59   60   60   61   61   62
   63   64   66   69   71   75   79   83   88   93   98  103  108  113  117  120
  123  124  124  124  122  118  114  110  104
    77.5-180.0 180.0   5.0 450.0                            LAT/LON1/LON2/DLON/H
  120  112  103   94   86   79   72   67   63   61   59   58   59   59   61   62
   64   65   65   65   65   63   61   59   56   53   51   49   48   47   48   49
   50   52   54   56   58   60   61   62   63   63   63   63   62   62   61   61
   61   62   64   66   69   73   78   84   90   97  105  112  120  127  133  139
  143  146  148  147  145  141  135  128  120
    75.0-180.0 180.0   5.0 450.0                            LAT/LON1/LON2/DLON/H
  142  131  119  108   97   87   78   70   65   60   57   55   55   55   57   59
   61   63   65   66   66   66   64   62   59   56   54   52   52   52   53   55
   57   59   62   64   66   68   69   69   70   69   68   67   66   64   62   61
   60   60   62   64   67   72   78   85   93  102  111  121  131  140  150  158
  165  170  173  174  172  168  161  153  142
    72.5-180.0 180.0   5.0 450.0                            LAT/LON1/LON2/DLON/H
  168  155  141  126  113  100   89   80   71   65   59   56   53   52   53   55
   58   61   64   67   68   69   68   66   63   61   59   58   58   59   61   63
   65   68   70   72   73   74   75   75   75   74   72   70   68   65   63   60
   59   59   60   62   66   72   79   87   96  106  117  129  141  153  164  175
  185  193  199  201  201  197  190  180  168
    70.0-180.0 180.0   5.0 450.0                            LAT/LON1/LON2/DLON/H
  194  179  164  148  133  119  106   94   84   74   66   60   54   51   50   51
   54   58   63   67   70   71   71   70   68   66   64   64   65   66   68   70
   72   74   75   76   76   76   76   75   75   73   72   69   67   64   61   58
   57   56   58   61   66   72   80   90  100  111  123  136  149  162  176  189
  201  212  220  225  226  223  217  207  194
    67.5-180.0 180.0   5.0 450.0                            LAT/LON1/LON2/DLON/H
  216  201  185  168  153  138  124  111   99   88   77   67   58   52   48   48
   50   55   60   66   70   73   73   72   71   69   67   67   68   70   72   73
   74   74   74   73   72   71   70   69   68   68   66   65   62   60   57   54
   53   53   55   59   66   74   83   94  105  117  129  142  155  169  184  198
  213  225  235  242  245  244  238  229  216
    65.0-180.0 180.0   5.0 450.0                            LAT/LON1/LON2/DLON/H
  232  217  201  185  169  155  141  128  115  102   89   76   65   55   49   47
   48   52   58   65   70   73   73   72   70   68   66   66   67   69   70   71
   70   68   66   63   60   59   58   57   57   57   57   56   55   53   50   48
   47   48   51   57   65   75   87   99  111  123  135  147  160  174  189  204
  219  233  244  253  257  257  253  244  232
    62.5-180.0 180.0   5.0 450.0                            LAT/LON1/LON2/DLON/H
  241  228  212  197  182  168  154  142  129  115  101   86   73   61   53   48
   48   52   58   63   68   70   70   68   65   62   61   61   62   63   64   63
   61   57   53   49   45   43   43   43   44   46   46   47   46   44   42   41
   40   42   46   54   64   77   90  104  117  130  142  154  166  180  194  209
  223  237  249  258  263  264  260  252  241
    60.0-180.0 180.0   5.0 450.0                            LAT/LON1/LON2/DLON/H
  247  235  221  206  191  177  164  151  138  125  110   95   81   68   59   53
   52   54   58   62   66   66   65   61   57   54   52   52   54   55   55   53
   50   45   40   35   32   30   31   32   34   36   38   39   38   37   36   34
   34   36   42   51   64   79   95  110  125  138  150  162  174  187  200  214
  228  240  251  260  265  266  264  257  247
    57.5-180.0 180.0   5.0 450.0                            LAT/LON1/LON2/DLON/H
  254  243  230  216  201  186  172  159  145  131  117  102   89   76   67   60
   57   57   59   62   63   62   58   53   48   45   43   44   46   47   47   45
   41   36   31   27   25   25   26   28   31   33   34   35   35   33   32   30
   30   32   39   49   64   82  100  117  133  148  160  172  184  197  209  222
  234  245  254  261  266  268  266  262  254
    55.0-180.0 180.0   5.0 450.0                            LAT/LON1/LON2/DLON/H
  263  255  244  230  215  199  183  167  152  136  122  108   95   85   76   69
   64   62   61   61   60   58   53   47   42   38   37   39   41   43   44   42
   39   34   31   28   28   29   31   33   35   37   37   37   36   34   32   30
   30   32   39   51   68   87  107  126  144  159  172  185  197  209  221  232
  242  250  258  264  268  271  271  269  263
    52.5-180.0 180.0   5.0 450.0                            LAT/LON1/LON2/DLON/H
  277  272  263  251  235  218  199  180  161  143  127  113  102   92   84   77
   71   66   63   61   59   56   51   45   40   37   37   40   43   45   46   45
   43   41   39   39   41   43   46   47   48   48   47   45   43   41   38   36
   36   38   45   58   75   96  117  137  155  171  186  199  212  223  234  243
  250  256  262  267  271  275  278  279  277
    50.0-180.0 180.0   5.0 450.0                            LAT/LON1/LON2/DLON/H
  292  291  286  276  261  243  222  199  176  153  134  119  108   99   92   85
   77   70   65   62   60   57   54   49   45   43   44   47   50   52   54   54
   54   54   55   57   60   64   66   67   66   63   60   57   55   52   49   47
   46   49   56   69   87  108  130  151  169  185  200  214  226  237  246  252
  256  260  264  268  274  279  285  289  292
    47.5-180.0 180.0   5.0 450.0                            LAT/LON1/LON2/DLON/H
  303  307  306  299  287  270  248  223  196  169  146  128  115  106   99   91
   81   73   68   65   64   64   62   59   56   55   56   58   60   62   64   65
   66   68   71   76   81   85   87   86   84   80   75   71   68   65   63   61
   61   64   71   84  102  123  145  166  184  199  214  227  239  248  254  257
  258  259  262  266  272  280  288  296  303
    45.0-180.0 180.0   5.0 450.0                            LAT/LON1/LON2/DLON/H
  306  313  316  314  306  292  273  248  219  189  161  139  124  114  106   96
   86   77   72   71   72   74   74   73   70   69   69   70   71   71   72   73
   76   79   84   90   96  101  103  102   99   94   89   85   81   79   77   76
   76   79   87  100  118  140  162  181  198  213  227  239  249  256  259  258
  256  254  256  260  267  276  286  297  306
    42.5-180.0 180.0   5.0 450.0                            LAT/LON1/LON2/DLON/H
  298  306  311  313  310  303  289  268  240  209  179  154  136  123  113  102
   91   82   79   80   85   88   89   88   85   83   82   80   79   77   77   77
   80   84   90   97  104  109  111  111  108  103   99   95   92   90   89   88
   89   93  101  115  134  155  177  196  212  226  238  249  257  262  261  257
  251  248  248  252  259  268  278  289  298
    40.0-180.0 180.0   5.0 450.0                            LAT/LON1/LON2/DLON/H
  282  288  292  296  298  297  291  277  255  226  195  169  149  134  122  111
  100   92   90   93   99  104  104  101   97   93   90   87   83   80   77   77
   79   83   88   95  102  108  112  112  111  108  105  102   99   97   95   95
   97  102  111  126  146  168  190  209  225  237  248  258  264  267  264  257
  250  246  245  249  255  262  269  276  282
    37.5-180.0 180.0   5.0 450.0                            LAT/LON1/LON2/DLON/H
  267  266  266  268  272  277  279  274  259  235  208  182  162  146  134  122
  112  105  105  109  115  118  116  111  105  100   96   91   86   81   77   76
   76   79   83   88   95  102  107  109  109  108  106  104  102   99   96   95
   98  104  116  132  153  176  199  219  235  248  258  267  273  275  272  266
  259  255  255  258  262  266  267  267  267
    35.0-180.0 180.0   5.0 450.0                            LAT/LON1/LON2/DLON/H
  263  253  244  241  243  250  257  260  253  237  215  192  173  159  147  136
  127  122  122  126  130  129  123  115  108  103  100   96   90   85   81   79
   78   77   78   81   87   94  100  103  105  106  106  104  101   96   91   90
   93  101  115  134  157  182  206  228  245  259  269  278  285  290  290  288
  284  283  284  286  288  287  282  273  263
    32.5-180.0 180.0   5.0 450.0                            LAT/LON1/LON2/DLON/H
  284  263  244  232  227  231  238  243  242  232  216  199  183  170  160  151
  143  139  139  141  141  136  126  116  110  108  107  106  102   98   95   92
   89   84   81   81   84   90   95   99  101  103  103  102   97   90   83   80
   84   94  111  132  158  185  212  236  256  271  283  294  304  313  320  325
  328  331  335  337  337  331  320  304  284
    30.0-180.0 180.0   5.0 450.0                            LAT/LON1/LON2/DLON/H
  337  307  278  254  239  233  233  235  234  227  216  203  190  180  172  165
  159  155  153  152  148  139  128  119  115  118  122  125  125  123  122  118
  112  103   94   89   89   92   95   98   99  100  101   99   93   83   74   70
   74   86  106  131  159  189  218  246  269  287  301  315  330  346  362  376
  388  398  405  409  407  399  385  363  337
    27.5-180.0 180.0   5.0 450.0                            LAT/LON1/LON2/DLON/H
  421  387  351  318  290  270  256  247  239  231  220  209  198  189  182  176
  171  166  162  158  151  141  131  126  130  139  149  156  159  160  160  156
  147  133  118  106  101  101  100   99   99   99   99   96   89   77   66   61
   66   81  105  133  164  196  229  259  286  307  325  342  362  386  412  437
  458  475  487  492  492  484  470  449  421
    25.0-180.0 180.0   5.0 450.0                            LAT/LON1/LON2/DLON/H
  526  495  458  419  380  345  314  287  266  250  235  221  209  198  191  185
  179  173  168  161  154  146  142  145  155  171  186  197  202  205  205  201
  188  168  147  130  119  113  108  103   99   98   97   94   86   73   61   56
   62   81  108  140  174  208  243  277  307  332  353  374  399  430  465  499
  528  551  567  575  577  574  565  550  526
    22.5-180.0 180.0   5.0 450.0                            LAT/LON1/LON2/DLON/H
  636  614  583  544  500  451  402  357  319  289  265  244  226  212  201  192
  185  178  172  166  161  160  164  176  194  214  231  241  246  249  249  243
  227  203  176  153  137  126  117  107  100   97   96   93   85   72   60   56
   64   86  117  153  189  226  262  299  332  361  384  408  438  474  515  554
  589  615  633  644  650  653  653  649  636
    20.0-180.0 180.0   5.0 450.0                            LAT/LON1/LON2/DLON/H
  730  723  703  672  628  573  510  448  393  348  311  281  254  232  215  203
  193  185  179  176  178  186  200  219  241  262  275  282  284  284  282  274
  256  228  197  170  150  136  123  110  101   96   95   93   86   74   62   59
   70   95  130  169  208  246  285  323  359  390  417  443  475  513  556  596
  631  657  676  688  698  708  719  728  730
    17.5-180.0 180.0   5.0 450.0                            LAT/LON1/LON2/DLON/H
  790  799  795  777  741  687  619  547  479  421  372  330  293  262  237  220
  207  199  195  197  208  225  248  271  292  307  313  312  307  303  299  289
  269  240  207  178  157  141  126  112  101   96   96   94   88   77   67   65
   78  106  145  187  229  268  308  347  385  418  446  475  507  545  584  621
  651  674  691  703  716  731  751  773  790
    15.0-180.0 180.0   5.0 450.0                            LAT/LON1/LON2/DLON/H
  807  829  841  838  816  772  709  636  564  498  440  389  342  301  270  247
  232  224  223  233  252  277  303  325  338  342  336  325  314  305  298  286
  266  237  205  178  158  142  127  113  103   98   98   96   90   80   71   71
   87  117  159  204  247  288  328  369  407  441  471  500  532  567  601  631
  653  670  682  693  705  724  749  778  807
    12.5-180.0 180.0   5.0 450.0                            LAT/LON1/LON2/DLON/H
  783  813  836  847  841  813  765  701  633  568  507  450  396  349  312  285
  269  262  266  281  306  334  358  372  372  361  342  322  304  292  282  270
  250  224  197  173  155  142  129  117  107  103  102   99   92   82   75   77
   94  127  170  217  263  305  345  384  423  457  488  518  549  580  608  628
  643  652  660  667  677  694  719  750  783
    10.0-180.0 180.0   5.0 450.0                            LAT/LON1/LON2/DLON/H
  732  761  788  808  817  807  778  733  678  621  563  506  451  402  362  333
  316  311  318  338  365  390  405  405  388  362  333  306  285  271  260  248
  231  210  187  168  154  144  134  123  115  110  107  103   94   84   78   82
  100  134  179  227  273  316  355  394  431  465  497  527  558  586  607  621
  628  632  635  640  646  657  676  702  732
     7.5-180.0 180.0   5.0 450.0                            LAT/LON1/LON2/DLON/H
  674  695  718  740  756  763  754  730  694  651  602  551  500  453  414  385
  369  365  375  395  419  435  436  418  386  348  312  284  265  252  242  232
  218  201  183  169  159  151  143  134  126  120  114  107   96   86   81   86
  107  141  185  233  279  321  360  397  432  465  497  528  559  585  604  614
  617  619  621  623  625  629  639  654  674
     5.0-180.0 180.0   5.0 450.0                            LAT/LON1/LON2/DLON/H
  630  639  651  666  684  699  707  703  686  659  623  582  539  498  463  436
  420  417  426  444  459  462  446  411  366  323  289  266  252  243  236  227
  216  202  189  178  169  163  155  147  138  130  122  111   99   89   85   93
  114  148  191  237  282  323  360  395  428  459  490  522  553  581  600  610
  615  619  623  625  624  622  621  624  630
     2.5-180.0 180.0   5.0 450.0                            LAT/LON1/LON2/DLON/H
  617  612  609  613  624  641  657  667  665  651  627  597  565  532  502  477
  462  458  464  474  478  466  434  387  336  295  270  258  253  250  244  237
  227  216  204  194  185  178  169  160  150  140  129  116  103   94   93  103
  125  158  198  241  283  322  357  390  420  450  479  511  544  573  596  611
  622  632  642  647  645  639  630  623  617
