static/ion/2024-01-06.24i
     1.0            IONOSPHERE MAPS     GNSS                IONEX VERSION / TYPE
IONINX V5.5         AIUB                05-JAN-24 07:48     PGM / RUN BY / DATE 
CODE'S 2-DAY PREDICTED IONOSPHERE MAPS FOR DAY 006, 2024    COMMENT             
Global ionosphere maps (GIM) are generated on a daily basis DESCRIPTION         
at CODE using data from about 120 GNSS sites of the IGS and DESCRIPTION         
other institutions. The vertical total electron content     DESCRIPTION         
(VTEC) is modeled in a solar-geomagnetic reference frame    DESCRIPTION         
using a spherical harmonics expansion up to degree and      DESCRIPTION         
order 15. Piece-wise linear functions are used for          DESCRIPTION         
representation in the time domain. The time spacing of      DESCRIPTION         
their vertices is 1 hour, conforming with the epochs of the DESCRIPTION         
VTEC maps.                                                  DESCRIPTION         
To convert line-of-sight TEC into vertical TEC, a modified  DESCRIPTION         
single-layer model mapping function approximating the JPL   DESCRIPTION         
extended slab model mapping function is adopted. The        DESCRIPTION         
mapping function is evaluated at geodetic satellite         DESCRIPTION         
elevation angles. For the computation of the ionospheric    DESCRIPTION         
pierce points, a spherical layer with a radius of 6821 km   DESCRIPTION         
is assumed, implying geocentric, not geodetic IONEX         DESCRIPTION         
latitudes.                                                  DESCRIPTION         
Instrumental biases with respect to each involved GNSS code DESCRIPTION         
observable are estimated as constant values for each        DESCRIPTION         
day. They are modeled with one set of bias parameters for   DESCRIPTION         
each satellite and each station in case of GPS and for each DESCRIPTION         
satellite-station link in case of GLONASS. The code bias    DESCRIPTION         
datum is defined by zero-mean conditions imposed on the     DESCRIPTION         
satellite bias estimates. In this file, just GPS C1W-C2W    DESCRIPTION         
satellite and station bias values are included. The         DESCRIPTION         
complete set of GNSS code bias results is provided in an    DESCRIPTION         
additional Bias-SINEX file as pseudo-absolute values        DESCRIPTION         
specific to each observable.                                DESCRIPTION         
Contact address: code(at)aiub.unibe.ch                      DESCRIPTION         
Data archive:    ftp.aiub.unibe.ch/CODE/                    DESCRIPTION         
                 www.aiub.unibe.ch/download/CODE/           DESCRIPTION         
  2024     1     6     0     0     0                        EPOCH OF FIRST MAP  
  2024     1     7     0     0     0                        EPOCH OF LAST MAP   
  3600                                                      INTERVAL            
    25                                                      # OF MAPS IN FILE   
  NONE                                                      MAPPING FUNCTION    
    10.0                                                    ELEVATION CUTOFF    
One-way carrier phase leveled to code                       OBSERVABLES USED    
  6371.0                                                    BASE RADIUS         
     2                                                      MAP DIMENSION       
   450.0 450.0   0.0                                        HGT1 / HGT2 / DHGT  
    87.5 -87.5  -2.5                                        LAT1 / LAT2 / DLAT  
  -180.0 180.0   5.0                                        LON1 / LON2 / DLON  
    -1                                                      EXPONENT            
TEC/RMS values in 0.1 TECU; 9999, if no value available     COMMENT             
                                                            END OF HEADER       
[from data line 9438]
    23                                                      START OF TEC MAP    
  2024     1     6    22     0     0                        EPOCH OF CURRENT MAP
    87.5-180.0 180.0   5.0 450.0                            LAT/LON1/LON2/DLON/H
   87   88   90   91   92   93   95   96   96   97   98   98   99   99   99   99
   99   98   97   97   96   95   94   93   92   91   90   88   87   86   85   84
   83   82   81   80   80   79   78   78   77   77   77   76   76   76   76   76
   76   76   76   76   76   76   76   76   76   76   77   77   77   77   78   78
   79   80   81   81   82   83   85   86   87
    85.0-180.0 180.0   5.0 450.0                            LAT/LON1/LON2/DLON/H
   79   82   86   89   92   95   99  101  104  106  108  109  110  110  110  110
  109  107  105  103  101   99   97   94   92   90   87   85   83   81   79   77
   76   74   73   72   71   70   69   69   68   68   68   68   68   68   68   69
   69   69   69   69   69   69   68   68   68   67   66   66   66   65   65   65
   65   66   67   68   70   72   74   76   79
    82.5-180.0 180.0   5.0 450.0                            LAT/LON1/LON2/DLON/H
   65   70   75   81   87   93   98  104  108  112  115  118  119  119  118  116
  114  111  108  104  101   97   93   90   87   84   82   79   77   75   73   71
   70   68   67   66   65   64   63   63   63   63   63   63   64   64   65   66
   67   67   67   67   67   66   65   64   62   60   58   56   54   52   51   50
   49   49   49   50   52   54   57   61   65
    80.0-180.0 180.0   5.0 450.0                            LAT/LON1/LON2/DLON/H
   50   56   63   71   79   88   96  104  111  117  121  123  124  124  121  118
  113  108  103   98   93   89   85   82   79   77   75   73   72   71   70   69
   68   67   66   65   64   63   62   62   62   62   62   63   63   64   66   67
   68   69   69   69   69   68   66   63   60   57   53   49   45   41   38   36
   34   32   32   32   34   36   40   44   50
    77.5-180.0 180.0   5.0 450.0                            LAT/LON1/LON2/DLON/H
   40   47   55   64   74   84   95  105  114  121  126  129  129  126  122  116
  108  101   93   87   81   77   74   71   70   70   70   70   70   71   71   71
   70   70   69   68   67   67   66   65   64   64   64   64   65   66   68   69
   71   72   73   73   72   70   68   64   60   55   49   44   39   34   30   27
   24   23   22   22   24   26   30   34   40
    75.0-180.0 180.0   5.0 450.0                            LAT/LON1/LON2/DLON/H
   42   48   56   65   75   87   99  110  121  129  135  137  135  130  122  113
  102   91   81   74   68   64   62   62   63   65   67   69   71   72   73   74
   74   74   73   73   72   71   70   69   68   67   66   66   67   67   69   70
   72   73   74   74   73   71   68   64   58   53   47   41   36   31   27   25
   23   23   23   24   26   29   32   37   42
    72.5-180.0 180.0   5.0 450.0                            LAT/LON1/LON2/DLON/H
   58   63   69   77   86   98  110  122  134  143  149  151  147  139  127  113
   98   84   72   63   58   55   55   57   60   63   67   69   71   73   74   74
   74   74   73   73   72   72   71   70   69   67   66   65   65   65   66   67
   68   70   71   71   70   68   64   60   54   49   43   38   34   31   29   29
   30   32   35   39   43   46   50   54   58
    70.0-180.0 180.0   5.0 450.0                            LAT/LON1/LON2/DLON/H
   87   90   94   99  107  117  128  141  154  164  170  171  166  155  139  121
  102   85   71   61   55   53   54   57   60   64   66   68   69   69   69   68
   67   66   65   65   65   65   65   64   64   62   61   59   58   57   57   58
   59   60   61   61   61   59   55   51   47   42   38   35   33   33   34   38
   42   48   55   62   69   75   80   84   87
    67.5-180.0 180.0   5.0 450.0                            LAT/LON1/LON2/DLON/H
  123  125  127  129  134  141  152  165  178  189  197  198  192  179  161  139
  117   96   80   69   62   60   60   62   64   65   65   64   62   60   57   55
   52   50   49   48   49   50   51   52   53   52   51   49   47   45   44   44
   44   45   46   47   46   45   42   39   36   33   31   30   31   34   39   46
   55   65   76   88   98  108  115  120  123
    65.0-180.0 180.0   5.0 450.0                            LAT/LON1/LON2/DLON/H
  158  160  160  161  163  168  177  190  203  216  226  228  223  210  190  166
  142  119  101   88   80   75   73   71   68   65   61   56   52   47   42   37
   33   29   27   26   27   30   33   36   38   39   38   37   34   31   29   28
   27   28   28   29   29   28   27   26   24   23   24   26   29   35   42   52
   64   78   93  108  123  136  146  154  158
    62.5-180.0 180.0   5.0 450.0                            LAT/LON1/LON2/DLON/H
  186  189  190  189  190  193  201  212  226  241  253  258  255  244  225  201
  175  152  132  117  105   97   89   81   73   64   56   48   40   34   28   21
   16   11    7    6    7   10   15   20   24   26   27   25   22   18   15   12
   11   11   12   13   14   14   14   14   14   16   18   21   27   34   42   53
   67   82  100  118  136  153  167  178  186
    60.0-180.0 180.0   5.0 450.0                            LAT/LON1/LON2/DLON/H
  201  208  211  212  213  215  221  231  245  260  274  283  284  276  260  238
  213  189  168  150  135  121  106   92   77   63   51   41   33   27   21   14
    7    1    0    0    0    0    2    9   14   18   19   18   14   10    6    2
    0    0    1    2    4    5    7    8   10   12   15   20   25   31   40   50
   63   78   96  116  137  157  175  190  201
    57.5-180.0 180.0   5.0 450.0                            LAT/LON1/LON2/DLON/H
  205  217  224  229  231  233  238  246  258  274  289  300  305  302  290  272
  250  226  204  183  164  144  123  102   82   64   50   40   34   30   25   19
   11    3    0    0    0    0    0    7   13   17   19   18   14    9    4    0
    0    0    0    0    3    5    8   10   12   15   18   21   25   29   35   44
   55   69   87  107  128  150  171  190  205
    55.0-180.0 180.0   5.0 450.0                            LAT/LON1/LON2/DLON/H
  202  219  232  241  247  251  254  260  270  282  297  310  318  319  313  299
  280  258  235  212  188  164  138  112   88   69   55   48   45   44   41   36
   28   18    9    3    1    3    8   15   21   25   26   25   21   15   10    6
    3    3    5    8   12   15   18   21   23   24   26   26   27   29   32   38
   47   59   76   95  117  139  161  183  202
    52.5-180.0 180.0   5.0 450.0                            LAT/LON1/LON2/DLON/H
  198  220  239  255  265  271  274  277  282  290  301  313  323  328  326  317
  301  280  257  233  207  180  151  123   98   80   68   64   65   66   65   59
   49   38   28   21   19   20   25   30   35   39   39   38   34   28   23   19
   18   19   21   25   29   33   36   38   39   39   37   35   33   31   32   35
   43   55   71   89  110  131  153  176  198
    50.0-180.0 180.0   5.0 450.0                            LAT/LON1/LON2/DLON/H
  199  225  249  271  286  295  298  298  298  300  305  314  323  330  332  325
  312  293  271  247  221  193  165  138  114   97   88   86   88   89   87   80
   68   56   46   39   37   39   44   48   52   55   55   53   49   45   41   38
   38   39   43   48   52   56   59   59   58   55   51   46   40   36   35   38
   46   58   74   93  112  132  153  175  199
    47.5-180.0 180.0   5.0 450.0                            LAT/LON1/LON2/DLON/H
  208  235  263  290  310  323  327  325  319  314  313  316  323  330  332  328
  316  299  277  254  230  206  180  155  134  118  110  107  108  106  100   90
   76   64   55   51   51   55   60   65   68   70   70   68   65   62   59   58
   59   62   66   71   76   79   81   80   77   72   65   57   49   44   42   46
   56   71   89  108  126  145  163  184  208
    45.0-180.0 180.0   5.0 450.0                            LAT/LON1/LON2/DLON/H
  223  250  280  310  334  350  356  352  343  332  324  322  325  329  332  328
  317  300  280  259  239  219  198  176  156  140  130  124  119  112  101   86
   71   59   53   53   57   64   71   77   80   81   81   80   78   77   76   76
   78   81   86   91   95   97   98   96   92   85   76   67   58   53   53   60
   72   90  110  130  149  166  183  201  223
    42.5-180.0 180.0   5.0 450.0                            LAT/LON1/LON2/DLON/H
  242  267  296  326  352  371  379  376  365  351  338  331  330  332  333  328
  317  300  282  265  249  234  217  197  177  158  143  132  120  106   89   71
   56   46   44   49   58   68   77   83   86   87   87   87   87   87   88   89
   92   95   99  103  107  108  108  105  100   93   84   74   66   63   65   75
   91  112  134  156  176  192  207  223  242
    40.0-180.0 180.0   5.0 450.0                            LAT/LON1/LON2/DLON/H
  260  281  307  335  361  380  390  389  379  365  350  341  337  337  337  332
  320  303  287  273  262  251  236  216  193  170  150  132  114   96   76   57
   42   36   38   47   59   72   81   87   89   90   91   91   93   94   96   98
  100  103  106  108  110  110  109  106  102   95   87   79   73   72   78   91
  110  132  156  179  200  216  230  244  260
    37.5-180.0 180.0   5.0 450.0                            LAT/LON1/LON2/DLON/H
  275  292  312  335  357  375  386  389  383  371  358  349  344  344  343  337
  326  310  296  286  278  268  252  230  202  175  150  129  110   91   72   56
   45   43   48   58   71   81   89   92   93   93   93   94   96   98  100  102
  103  104  105  105  105  104  102  100   97   92   86   81   78   80   89  105
  126  149  173  196  217  235  249  262  275
    35.0-180.0 180.0   5.0 450.0                            LAT/LON1/LON2/DLON/H
  286  297  312  328  345  360  371  377  376  369  360  353  350  350  350  345
  334  320  309  300  293  283  265  238  206  175  150  131  117  105   92   82
   77   78   83   91   98  103  105  104  101   98   97   97   99  101  102  103
  102  101   99   97   95   93   91   89   88   86   83   81   81   87   99  117
  139  161  184  206  227  246  262  275  286
    32.5-180.0 180.0   5.0 450.0                            LAT/LON1/LON2/DLON/H
  295  303  311  321  331  342  353  360  364  362  358  355  354  355  356  351
  342  331  322  315  307  294  272  240  206  177  157  148  145  144  143  142
  143  145  147  147  144  138  130  122  114  108  104  103  103  104  105  103
  100   97   92   88   84   80   78   77   77   78   78   79   83   92  108  128
  150  171  192  213  234  254  272  285  295
    30.0-180.0 180.0   5.0 450.0                            LAT/LON1/LON2/DLON/H
  307  313  317  322  327  334  342  350  356  359  359  358  359  360  360  357
  349  340  333  327  318  301  275  242  209  186  178  183  196  210  222  231
  236  236  231  219  202  182  164  147  133  122  115  112  110  110  108  105
  100   94   87   81   75   70   67   66   68   70   73   77   84   96  116  138
  161  182  201  221  242  264  283  298  307
    27.5-180.0 180.0   5.0 450.0                            LAT/LON1/LON2/DLON/H
  328  333  337  339  342  345  351  358  365  370  371  370  369  368  366  361
  355  347  341  335  325  306  278  247  221  210  217  239  268  296  319  333
  339  335  320  293  261  227  198  173  154  139  129  123  120  118  115  109
  102   94   86   78   71   65   61   60   61   65   69   74   84  100  123  150
  175  196  215  235  257  280  301  317  328
    25.0-180.0 180.0   5.0 450.0                            LAT/LON1/LON2/DLON/H
  358  367  373  378  382  385  388  394  400  403  402  397  391  384  377  369
  361  353  348  341  329  310  285  261  247  251  273  309  349  385  412  428
  431  419  393  353  307  262  225  195  172  155  143  136  131  127  123  116
  107   98   88   80   72   65   60   58   59   63   67   73   85  104  131  162
  191  215  236  257  281  305  328  346  358
    22.5-180.0 180.0   5.0 450.0                            LAT/LON1/LON2/DLON/H
  399  412  425  437  445  451  455  459  462  462  457  445  430  414  398  384
  371  361  354  346  334  318  300  288  289  307  340  382  424  459  481  491
  488  468  432  383  328  278  238  208  186  169  157  148  143  138  132  124
  114  104   94   85   77   70   64   61   61   64   67   74   87  109  141  176
  210  239  263  287  313  339  363  383  399
    20.0-180.0 180.0   5.0 450.0                            LAT/LON1/LON2/DLON/H
  444  464  486  507  525  536  543  547  548  545  533  513  488  460  434  409
  390  375  364  355  344  333  326  329  345  373  409  447  478  500  510  509
  497  471  429  376  321  272  236  211  192  178  167  159  154  148  141  133
  122  111  101   92   84   77   71   68   67   68   70   77   91  116  152  192
  230  264  293  321  350  378  403  425  444
    17.5-180.0 180.0   5.0 450.0                            LAT/LON1/LON2/DLON/H
  488  515  547  579  607  626  637  643  645  639  623  596  561  522  484  449
  420  399  383  371  361  358  364  381  408  440  469  490  501  500  492  479
  459  429  388  338  289  249  222  205  193  184  176  169  163  157  150  140
  130  119  109  100   93   86   81   77   76   75   76   82   98  125  164  208
  250  287  321  354  386  415  441  465  488
    15.0-180.0 180.0   5.0 450.0                            LAT/LON1/LON2/DLON/H
  525  558  598  640  676  703  720  730  734  729  712  682  641  594  546  501
  463  434  411  396  388  391  409  438  472  498  511  507  488  463  436  411
  387  359  323  282  245  218  203  197  193  188  183  177  171  165  156  147
  136  125  116  107  101   95   91   88   86   85   85   91  107  137  178  223
  267  307  344  380  415  446  473  498  525
    12.5-180.0 180.0   5.0 450.0                            LAT/LON1/LON2/DLON/H
  550  587  632  679  721  753  775  789  798  798  785  757  715  665  612  561
  516  479  450  431  424  432  458  494  526  541  530  496  449  401  360  330
  308  285  259  231  207  194  192  194  196  194  191  186  179  171  162  153
  142  132  122  114  108  104  101   99   98   96   95  101  118  150  191  237
  281  321  360  398  434  466  494  520  550
    10.0-180.0 180.0   5.0 450.0                            LAT/LON1/LON2/DLON/H
  562  600  646  693  736  769  793  811  826  834  828  807  772  726  675  622
  573  530  496  474  465  476  505  541  566  564  528  467  397  334  290  263
  248  235  219  203  192  190  196  202  206  205  201  195  187  178  169  159
  149  139  130  123  117  114  112  112  110  108  106  112  130  163  205  249
  291  330  368  407  443  476  504  532  562
     7.5-180.0 180.0   5.0 450.0                            LAT/LON1/LON2/DLON/H
  565  602  643  686  723  752  774  795  815  831  836  827  803  767  723  675
  626  582  545  519  509  518  545  576  590  570  512  431  349  285  247  232
  229  226  220  212  209  213  220  226  226  222  215  207  197  187  177  167
  158  149  141  134  128  125  124  124  123  120  118  123  142  175  217  259
  298  334  371  408  444  477  506  534  565
     5.0-180.0 180.0   5.0 450.0                            LAT/LON1/LON2/DLON/H
  562  596  631  665  693  714  732  751  773  796  811  815  805  784  752  713
  669  627  590  563  551  556  576  597  598  563  491  402  321  269  248  250
  260  265  264  260  259  261  264  262  255  244  232  221  210  198  188  179
  171  164  156  148  142  139  138  137  136  131  128  133  152  185  226  266
  302  336  371  407  442  473  503  531  562
     2.5-180.0 180.0   5.0 450.0                            LAT/LON1/LON2/DLON/H
  558  588  617  642  659  671  681  696  718  743  765  779  784  778  761  733
  698  661  627  601  586  586  597  608  597  552  476  390  323  290  292  312
  333  343  341  334  329  325  319  306  288  269  252  238  225  213  202  195
  188  182  174  167  160  155  152  150  147  141  137  140  159  192  232  270
  304  336  370  404  438  469  498  528  558
