static/ion/2024-01-03.24i
     1.0            IONOSPHERE MAPS     GNSS                IONEX VERSION / TYPE
IONINX V5.5         AIUB                02-JAN-24 07:50     PGM / RUN BY / DATE 
CODE'S 2-DAY PREDICTED IONOSPHERE MAPS FOR DAY 003, 2024    COMMENT             
Global ionosphere maps (GIM) are generated on a daily basis DESCRIPTION         
at CODE using data from about 120 GNSS sites of the IGS and DESCRIPTION         
other institutions. The vertical total electron content     DESCRIPTION         
(VTEC) is modeled in a solar-geomagnetic reference frame    DESCRIPTION         
using a spherical harmonics expansion up to degree and      DESCRIPTION         
order 15. Piece-wise linear functions are used for          DESCRIPTION         
representation in the time domain. The time spacing of      DESCRIPTION         
their vertices is 1 hour, conforming with the epochs of the DESCRIPTION         
VTEC maps.                                                  DESCRIPTION         
To convert line-of-sight TEC into vertical TEC, a modified  DESCRIPTION         
single-layer model mapping function approximating the JPL   DESCRIPTION         
extended slab model mapping function is adopted. The        DESCRIPTION         
mapping function is evaluated at geodetic satellite         DESCRIPTION         
elevation angles. For the computation of the ionospheric    DESCRIPTION         
pierce points, a spherical layer with a radius of 6821 km   DESCRIPTION         
is assumed, implying geocentric, not geodetic IONEX         DESCRIPTION         
latitudes.                                                  DESCRIPTION         
Instrumental biases with respect to each involved GNSS code DESCRIPTION         
observable are estimated as constant values for each        DESCRIPTION         
day. They are modeled with one set of bias parameters for   DESCRIPTION         
each satellite and each station in case of GPS and for each DESCRIPTION         
satellite-station link in case of GLONASS. The code bias    DESCRIPTION         
datum is defined by zero-mean conditions imposed on the     DESCRIPTION         
satellite bias estimates. In this file, just GPS C1W-C2W    DESCRIPTION         
satellite and station bias values are included. The         DESCRIPTION         
complete set of GNSS code bias results is provided in an    DESCRIPTION         
additional Bias-SINEX file as pseudo-absolute values        DESCRIPTION         
specific to each observable.                                DESCRIPTION         
Contact address: code(at)aiub.unibe.ch                      DESCRIPTION         
Data archive:    ftp.aiub.unibe.ch/CODE/                    DESCRIPTION         
                 www.aiub.unibe.ch/download/CODE/           DESCRIPTION         
  2024     1     3     0     0     0                        EPOCH OF FIRST MAP  
  2024     1     4     0     0     0                        EPOCH OF LAST MAP   
  3600                                                      INTERVAL            
    25                                                      # OF MAPS IN FILE   
  NONE                                                      MAPPING FUNCTION    
    10.0                                                    ELEVATION CUTOFF    
One-way carrier phase leveled to code                       OBSERVABLES USED    
  6371.0                                                    BASE RADIUS         
     2                                                      MAP DIMENSION       
   450.0 450.0   0.0                                        HGT1 / HGT2 / DHGT  
    87.5 -87.5  -2.5                                        LAT1 / LAT2 / DLAT  
  -180.0 180.0   5.0                                        LON1 / LON2 / DLON  
    -1                                                      EXPONENT            
TEC/RMS values in 0.1 TECU; 9999, if no value available     COMMENT             
                                                            END OF HEADER       
[from data line 8580]
    21                                                      START OF TEC MAP    
  2024     1     3    20     0     0                        EPOCH OF CURRENT MAP
    87.5-180.0 180.0   5.0 450.0                            LAT/LON1/LON2/DLON/H
   82   83   84   85   86   87   88   89   90   90   91   92   92   92   93   93
   93   93   93   92   92   91   91   90   89   88   87   86   85   84   83   82
   81   80   80   79   78   77   76   75   75   74   74   73   73   73   73   73
   73   73   73   73   74   74   74   74   75   75   75   76   76   76   77   77
   78   78   78   79   80   80   81   82   82
    85.0-180.0 180.0   5.0 450.0                            LAT/LON1/LON2/DLON/H
   73   75   77   79   81   84   86   89   91   94   96   98   99  100  101  101
  101  101  100   99   98   97   95   93   92   90   89   87   85   84   82   80
   79   77   75   73   72   70   68   67   66   65   64   63   63   63   63   63
   64   65   66   66   67   68   69   70   70   71   71   71   71   71   71   70
   70   70   70   70   70   70   71   72   73
    82.5-180.0 180.0   5.0 450.0                            LAT/LON1/LON2/DLON/H
   57   59   62   65   69   74   79   84   89   94   98  102  105  107  108  108
  108  106  105  102  100   97   95   93   91   89   87   85   84   83   81   80
   78   76   74   71   69   66   64   61   59   57   56   55   55   55   56   57
   59   61   63   65   67   69   70   71   72   72   72   71   70   68   67   65
   63   61   59   57   56   55   55   55   57
    80.0-180.0 180.0   5.0 450.0                            LAT/LON1/LON2/DLON/H
   37   39   42   47   53   60   67   76   84   92   99  105  110  113  115  115
  113  111  107  103   99   95   91   88   86   84   83   83   83   82   82   82
   81   80   78   75   72   68   64   61   57   55   53   51   51   52   53   56
   59   62   65   69   72   74   76   77   78   77   76   74   72   69   65   61
   57   52   48   44   41   38   37   36   37
    77.5-180.0 180.0   5.0 450.0                            LAT/LON1/LON2/DLON/H
   20   21   24   29   37   46   56   68   80   91  102  111  118  123  125  124
  122  117  111  105   98   92   87   83   81   80   80   80   82   84   85   86
   87   86   85   82   78   74   69   64   60   56   54   52   52   53   56   59
   64   68   73   77   81   83   85   86   86   84   82   79   75   70   65   60
   54   48   42   36   31   26   23   21   20
    75.0-180.0 180.0   5.0 450.0                            LAT/LON1/LON2/DLON/H
   13   13   15   20   27   37   50   64   79   95  109  122  132  138  141  140
  136  129  121  112  103   95   88   82   79   78   78   79   82   85   88   90
   92   92   91   89   85   80   75   69   64   60   57   56   56   58   62   67
   72   77   82   87   90   92   93   92   90   88   84   80   76   71   66   61
   55   49   42   36   29   24   19   15   13
    72.5-180.0 180.0   5.0 450.0                            LAT/LON1/LON2/DLON/H
   18   17   18   21   28   38   51   67   85  104  122  139  152  160  164  164
  159  150  140  128  117  106   96   89   84   80   79   80   82   84   87   90
   92   93   92   90   86   81   76   71   66   62   60   59   61   64   68   74
   80   85   90   94   96   96   94   92   88   84   80   76   72   69   65   62
   58   53   48   43   37   31   26   22   18
    70.0-180.0 180.0   5.0 450.0                            LAT/LON1/LON2/DLON/H
   36   34   34   36   41   49   62   79   98  120  141  161  178  189  195  195
  190  181  169  156  142  128  116  105   96   89   84   82   81   81   82   84
   85   85   84   82   79   75   70   66   62   60   59   60   63   67   73   78
   84   89   93   94   94   92   88   83   77   72   68   65   63   62   61   61
   60   59   57   54   51   47   43   39   36
    67.5-180.0 180.0   5.0 450.0                            LAT/LON1/LON2/DLON/H
   61   60   60   61   64   71   82   98  118  141  165  188  208  223  231  233
  229  219  207  192  176  160  144  129  115  103   93   85   79   75   73   72
   72   71   69   66   63   60   57   54   53   53   54   57   61   66   72   77
   82   86   88   87   84   79   73   66   59   53   50   48   48   50   54   57
   60   63   64   65   64   64   63   62   61
    65.0-180.0 180.0   5.0 450.0                            LAT/LON1/LON2/DLON/H
   86   88   90   92   95  100  109  123  142  166  192  217  240  257  268  272
  269  261  249  233  216  198  178  159  139  120  104   90   78   70   64   60
   56   53   50   46   43   41   39   39   40   42   46   50   55   60   66   70
   74   76   76   73   68   61   53   44   37   31   29   29   32   37   44   50
   57   62   66   70   73   76   79   83   86
    62.5-180.0 180.0   5.0 450.0                            LAT/LON1/LON2/DLON/H
  103  111  118  123  127  132  139  152  170  192  218  245  269  289  302  308
  307  300  288  273  255  235  212  188  163  139  117   97   81   69   59   52
   45   39   34   29   25   23   22   23   27   31   36   41   47   51   56   59
   61   62   60   56   50   41   32   24   17   12   11   13   18   25   34   42
   50   56   61   66   71   77   85   94  103
    60.0-180.0 180.0   5.0 450.0                            LAT/LON1/LON2/DLON/H
  110  125  138  149  156  163  170  181  198  219  244  270  294  314  329  336
  336  330  320  305  287  265  241  214  185  157  131  109   90   75   64   54
   45   36   28   21   15   12   11   13   18   23   29   34   39   43   45   47
   48   47   45   40   34   26   18   10    4    1    1    4   10   18   27   35
   42   47   50   54   59   67   79   94  110
    57.5-180.0 180.0   5.0 450.0                            LAT/LON1/LON2/DLON/H
  105  128  149  167  180  190  200  211  225  244  266  290  313  332  346  353
  355  350  340  326  308  286  261  233  204  175  148  125  107   92   80   68
   57   46   35   25   18   13   11   12   16   22   27   32   35   37   38   38
   38   37   35   31   25   19   12    7    3    2    3    6   12   19   26   32
   36   37   37   37   41   49   63   82  105
    55.0-180.0 180.0   5.0 450.0                            LAT/LON1/LON2/DLON/H
   93  123  152  178  198  214  226  239  252  268  287  307  326  342  354  361
  362  357  348  335  318  297  273  247  219  192  168  147  131  117  105   93
   80   66   53   41   31   24   21   21   24   28   33   36   37   37   37   36
   36   35   34   31   26   22   18   14   13   13   15   18   23   28   33   35
   35   32   27   23   23   29   43   65   93
    52.5-180.0 180.0   5.0 450.0                            LAT/LON1/LON2/DLON/H
   81  116  151  183  211  233  250  265  278  292  306  321  335  347  356  361
  361  356  347  335  320  302  281  258  234  211  190  173  159  146  134  120
  105   90   75   61   50   42   38   37   38   41   44   45   45   44   42   41
   42   42   41   40   37   34   32   31   31   32   35   37   40   43   45   44
   41   33   24   16   12   15   28   51   81
    50.0-180.0 180.0   5.0 450.0                            LAT/LON1/LON2/DLON/H
   75  111  150  187  221  249  271  289  303  315  325  334  343  350  355  357
  356  351  343  332  319  305  288  270  251  232  214  199  185  172  158  142
  124  107   92   79   69   62   57   55   55   56   58   58   57   55   53   53
   54   56   56   55   53   51   50   50   52   55   57   58   60   60   60   58
   52   42   30   19   12   13   24   45   75
    47.5-180.0 180.0   5.0 450.0                            LAT/LON1/LON2/DLON/H
   80  114  152  191  229  262  289  311  327  337  344  348  351  354  355  355
  352  347  340  331  322  312  300  287  271  254  237  221  204  187  169  149
  130  112   98   89   82   77   74   71   70   71   72   72   70   68   67   68
   70   73   74   73   70   68   67   68   71   74   76   77   77   77   76   73
   67   57   45   33   25   25   34   53   80
    45.0-180.0 180.0   5.0 450.0                            LAT/LON1/LON2/DLON/H
   95  125  160  197  235  271  303  328  346  358  363  364  363  361  359  357
  353  348  343  337  332  326  319  308  294  276  256  235  213  189  165  141
  119  103   93   89   87   87   85   83   81   82   82   83   81   80   79   81
   85   88   89   87   84   80   79   81   84   87   89   90   89   89   88   86
   81   73   62   52   47   47   56   72   95
    42.5-180.0 180.0   5.0 450.0                            LAT/LON1/LON2/DLON/H
  118  142  172  205  241  277  311  339  361  374  380  379  377  373  369  365
  361  356  353  350  349  347  342  332  317  295  269  240  210  179  149  122
  100   87   82   84   89   92   92   90   88   88   89   90   89   88   88   90
   94   98   98   95   90   86   84   85   88   92   94   95   95   95   95   95
   91   85   78   72   70   74   84   99  118
    40.0-180.0 180.0   5.0 450.0                            LAT/LON1/LON2/DLON/H
  143  162  185  213  245  279  313  344  369  385  393  394  392  388  384  379
  374  370  367  368  370  370  366  355  335  308  275  238  201  165  132  105
   85   76   77   85   94  100  101   98   95   94   94   95   94   92   92   94
   98  101  100   96   90   85   83   84   87   91   94   95   96   96   97   98
   96   92   88   86   89   98  111  127  143
    37.5-180.0 180.0   5.0 450.0                            LAT/LON1/LON2/DLON/H
  166  181  199  220  247  277  310  342  370  390  402  407  407  404  400  395
  389  384  383  386  390  391  385  370  346  313  274  233  193  157  127  104
   90   86   91  102  113  118  116  110  104  102  101  100   98   95   94   95
   98   99   97   92   86   81   79   81   84   88   91   93   93   94   96   97
   96   92   89   91   99  114  133  150  166
    35.0-180.0 180.0   5.0 450.0                            LAT/LON1/LON2/DLON/H
  183  197  211  227  248  274  304  335  365  389  405  415  419  419  415  409
  402  396  395  399  403  403  394  376  347  312  273  233  198  169  147  133
  127  128  135  145  152  152  144  133  123  117  114  111  107  102   98   97
   98   97   94   88   82   79   78   80   84   88   90   92   92   93   94   94
   92   88   85   88  101  121  145  166  183
    32.5-180.0 180.0   5.0 450.0                            LAT/LON1/LON2/DLON/H
  196  210  222  235  251  272  298  328  358  384  405  418  427  430  427  420
  410  403  401  404  406  403  392  371  342  309  276  247  223  208  200  199
  201  205  211  214  212  202  185  166  151  141  136  130  123  115  109  105
  103  100   95   89   84   83   83   86   89   92   94   94   94   94   94   93
   89   83   79   82   97  121  150  176  196
    30.0-180.0 180.0   5.0 450.0                            LAT/LON1/LON2/DLON/H
  205  222  235  247  259  276  298  324  353  381  403  420  432  437  435  426
  414  404  399  400  400  394  380  359  335  312  292  278  273  276  285  296
  305  309  308  300  285  262  235  209  189  176  167  158  148  137  128  123
  118  112  105   99   95   95   97  100  101  103  103  101  100   99   98   96
   90   82   76   78   93  120  152  182  205
    27.5-180.0 180.0   5.0 450.0                            LAT/LON1/LON2/DLON/H
  217  237  253  265  276  289  307  330  356  383  406  424  437  444  441  430
  415  402  395  392  389  380  365  349  334  325  324  331  345  366  389  409
  421  422  410  388  358  322  286  254  231  215  204  193  180  167  157  149
  142  134  126  119  116  116  118  119  119  118  115  112  109  107  106  103
   97   88   80   81   95  123  157  190  217
    25.0-180.0 180.0   5.0 450.0                            LAT/LON1/LON2/DLON/H
  233  258  277  291  303  314  329  348  372  395  416  434  448  454  451  438
  420  404  393  386  379  368  356  347  346  355  374  400  431  465  496  518
  527  519  495  459  415  369  327  293  270  254  243  230  216  202  191  182
  174  165  155  147  143  142  142  141  138  134  129  125  120  117  116  114
  108  100   92   92  107  134  168  203  233
    22.5-180.0 180.0   5.0 450.0                            LAT/LON1/LON2/DLON/H
  257  285  308  326  339  350  364  381  401  421  439  455  468  474  470  456
  436  416  401  390  379  368  360  361  376  402  438  478  518  555  584  601
  600  581  545  496  443  392  350  319  299  286  275  263  248  235  224  215
  207  197  186  177  172  169  166  161  155  148  142  135  130  127  126  126
  122  115  110  112  127  154  188  224  257
    20.0-180.0 180.0   5.0 450.0                            LAT/LON1/LON2/DLON/H
  285  317  344  366  382  396  409  426  444  461  476  490  501  506  502  488
  466  444  425  409  395  384  382  394  422  463  509  554  592  621  638  641
  627  595  549  493  437  388  352  328  314  305  296  285  271  258  249  242
  235  225  214  204  196  190  184  176  167  158  150  143  137  134  134  135
  134  131  129  135  152  180  215  250  285
    17.5-180.0 180.0   5.0 450.0                            LAT/LON1/LON2/DLON/H
  315  350  381  408  428  445  461  478  496  512  526  538  548  554  550  536
  514  490  468  448  430  420  423  444  482  530  577  616  643  654  651  635
  605  563  511  455  403  362  335  321  315  311  304  293  281  269  261  256
  251  244  234  223  214  204  194  183  172  162  154  146  141  138  138  140
  141  141  145  156  177  207  242  279  315
    15.0-180.0 180.0   5.0 450.0                            LAT/LON1/LON2/DLON/H
  343  380  416  447  472  493  512  533  552  569  582  594  605  612  610  598
  578  553  527  502  481  471  478  505  546  592  632  658  665  655  629  592
  548  499  448  398  355  325  310  306  306  305  299  289  277  267  260  257
  254  250  242  233  222  211  198  185  173  163  155  147  141  138  138  139
  141  144  153  171  197  231  267  305  343
    12.5-180.0 180.0   5.0 450.0                            LAT/LON1/LON2/DLON/H
  364  405  444  479  508  533  558  583  605  624  640  654  667  676  677  667
  649  625  597  568  543  531  539  567  605  643  668  676  663  631  585  532
  479  429  382  342  311  293  289  292  296  295  288  277  265  255  249  247
  246  245  241  234  224  211  198  185  173  164  155  147  141  137  135  135
  135  140  153  177  210  247  285  324  364
    10.0-180.0 180.0   5.0 450.0                            LAT/LON1/LON2/DLON/H
  378  421  463  502  535  564  593  622  649  671  689  706  723  735  740  735
  720  698  668  636  607  592  598  622  651  675  684  674  645  598  540  478
  423  376  338  308  289  280  282  288  291  287  277  264  251  240  234  232
  234  236  236  231  223  211  198  186  175  166  157  148  141  136  132  129
  127  132  149  177  215  255  296  336  378
     7.5-180.0 180.0   5.0 450.0                            LAT/LON1/LON2/DLON/H
  384  430  474  515  551  584  617  649  679  704  726  746  765  781  789  789
  779  760  731  697  665  647  648  663  681  689  682  659  622  571  511  451
  399  360  331  311  298  294  297  300  298  288  274  258  244  233  226  223
  225  229  232  231  224  214  203  192  182  173  163  153  144  137  131  125
  121  125  143  175  216  259  300  341  384
     5.0-180.0 180.0   5.0 450.0                            LAT/LON1/LON2/DLON/H
  385  432  478  521  558  593  628  663  695  721  744  766  787  806  818  822
  817  803  777  743  710  689  684  690  694  687  669  642  606  562  512  461
  418  387  365  349  339  334  332  328  318  302  283  265  251  240  232  227
  228  231  235  236  232  223  213  204  194  184  173  161  150  142  134  126
  120  124  143  176  218  261  301  342  385
     2.5-180.0 180.0   5.0 450.0                            LAT/LON1/LON2/DLON/H
  384  430  477  520  559  595  631  666  698  724  746  767  788  807  822  830
  832  823  803  773  741  717  707  703  696  679  656  631  606  577  541  504
  472  447  429  414  401  390  380  368  350  327  305  287  274  264  255  249
  246  247  249  249  246  238  229  220  210  199  185  172  160  151  143  134
  128  132  150  183  224  264  303  341  384
