static/ion/2024-01-05.24i
     1.0            IONOSPHERE MAPS     GNSS                IONEX VERSION / TYPE
IONINX V5.5         AIUB                04-JAN-24 07:40     PGM / RUN BY / DATE 
CODE'S 2-DAY PREDICTED IONOSPHERE MAPS FOR DAY 005, 2024    COMMENT             
Global ionosphere maps (GIM) are generated on a daily basis DESCRIPTION         
at CODE using data from about 120 GNSS sites of the IGS and DESCRIPTION         
other institutions. The vertical total electron content     DESCRIPTION         
(VTEC) is modeled in a solar-geomagnetic reference frame    DESCRIPTION         
using a spherical harmonics expansion up to degree and      DESCRIPTION         
order 15. Piece-wise linear functions are used for          DESCRIPTION         
representation in the time domain. The time spacing of      DESCRIPTION         
their vertices is 1 hour, conforming with the epochs of the DESCRIPTION         
VTEC maps.                                                  DESCRIPTION         
To convert line-of-sight TEC into vertical TEC, a modified  DESCRIPTION         
single-layer model mapping function approximating the JPL   DESCRIPTION         
extended slab model mapping function is adopted. The        DESCRIPTION         
mapping function is evaluated at geodetic satellite         DESCRIPTION         
elevation angles. For the computation of the ionospheric    DESCRIPTION         
pierce points, a spherical layer with a radius of 6821 km   DESCRIPTION         
is assumed, implying geocentric, not geodetic IONEX         DESCRIPTION         
latitudes.                                                  DESCRIPTION         
Instrumental biases with respect to each involved GNSS code DESCRIPTION         
observable are estimated as constant values for each        DESCRIPTION         
day. They are modeled with one set of bias parameters for   DESCRIPTION         
each satellite and each station in case of GPS and for each DESCRIPTION         
satellite-station link in case of GLONASS. The code bias    DESCRIPTION         
datum is defined by zero-mean conditions imposed on the     DESCRIPTION         
satellite bias estimates. In this file, just GPS C1W-C2W    DESCRIPTION         
satellite and station bias values are included. The         DESCRIPTION         
complete set of GNSS code bias results is provided in an    DESCRIPTION         
additional Bias-SINEX file as pseudo-absolute values        DESCRIPTION         
specific to each observable.                                DESCRIPTION         
Contact address: code(at)aiub.unibe.ch                      DESCRIPTION         
Data archive:    ftp.aiub.unibe.ch/CODE/                    DESCRIPTION         
                 www.aiub.unibe.ch/download/CODE/           DESCRIPTION         
  2024     1     5     0     0     0                        EPOCH OF FIRST MAP  
  2024     1     6     0     0     0                        EPOCH OF LAST MAP   
  3600                                                      INTERVAL            
    25                                                      # OF MAPS IN FILE   
  NONE                                                      MAPPING FUNCTION    
    10.0                                                    ELEVATION CUTOFF    
One-way carrier phase leveled to code                       OBSERVABLES USED    
  6371.0                                                    BASE RADIUS         
     2                                                      MAP DIMENSION       
   450.0 450.0   0.0                                        HGT1 / HGT2 / DHGT  
    87.5 -87.5  -2.5                                        LAT1 / LAT2 / DLAT  
  -180.0 180.0   5.0                                        LON1 / LON2 / DLON  
    -1                                                      EXPONENT            
TEC/RMS values in 0.1 TECU; 9999, if no value available     COMMENT             
                                                            END OF HEADER       
[from data line 10296]
    25                                                      START OF TEC MAP    
  2024     1     6     0     0     0                        EPOCH OF CURRENT MAP
    87.5-180.0 180.0   5.0 450.0                            LAT/LON1/LON2/DLON/H
   80   81   81   81   82   82   82   82   82   82   82   82   82   82   82   81
   81   80   80   79   79   78   78   77   76   76   75   74   74   73   72   72
   71   71   70   70   70   69   69   69   69   69   69   69   69   69   70   70
   70   70   71   71   71   72   72   73   73   73   74   74   75   75   76   76
   77   77   78   78   79   79   80   80   80
    85.0-180.0 180.0   5.0 450.0                            LAT/LON1/LON2/DLON/H
   82   83   83   84   84   85   85   86   86   86   86   86   86   86   85   85
   84   83   82   81   80   79   78   76   75   74   72   71   70   69   68   67
   66   65   64   64   63   63   63   63   63   63   63   64   64   65   65   66
   66   67   67   68   68   69   69   70   70   71   72   72   73   74   75   75
   76   77   78   78   79   80   81   81   82
    82.5-180.0 180.0   5.0 450.0                            LAT/LON1/LON2/DLON/H
   83   84   84   85   86   86   87   87   87   88   88   87   87   86   86   85
   84   83   82   81   79   78   77   75   74   72   71   69   68   66   65   64
   63   62   61   60   60   60   60   60   61   61   62   62   63   64   65   65
   66   66   67   67   67   68   68   68   69   70   70   71   72   73   74   76
   77   78   79   80   80   81   82   82   83
    80.0-180.0 180.0   5.0 450.0                            LAT/LON1/LON2/DLON/H
   87   87   87   88   88   88   88   88   88   88   88   87   86   84   83   82
   80   79   78   78   77   76   75   75   74   73   71   70   69   67   66   65
   64   63   63   62   62   62   62   63   63   64   65   66   67   67   68   69
   69   69   69   69   69   68   68   68   69   69   70   72   73   75   77   79
   81   83   84   85   86   87   87   87   87
    77.5-180.0 180.0   5.0 450.0                            LAT/LON1/LON2/DLON/H
   98   97   96   95   95   94   94   93   93   91   89   87   84   81   78   76
   74   73   72   72   73   74   75   76   76   76   76   75   74   73   73   72
   71   71   70   70   69   69   69   69   70   71   71   72   73   74   75   75
   75   75   74   73   71   70   69   69   69   70   72   74   77   81   84   88
   91   94   97   98   99  100   99   99   98
    75.0-180.0 180.0   5.0 450.0                            LAT/LON1/LON2/DLON/H
  117  115  113  111  109  108  107  105  103  100   96   91   85   79   73   69
   66   64   65   67   69   73   76   79   81   82   83   83   83   82   82   82
   81   81   80   80   79   78   78   78   78   78   79   80   81   82   82   83
   82   81   79   77   74   72   70   69   69   71   74   78   83   89   95  101
  107  112  116  119  120  121  120  119  117
    72.5-180.0 180.0   5.0 450.0                            LAT/LON1/LON2/DLON/H
  144  140  137  134  131  129  127  125  122  117  110  101   91   81   71   64
   59   57   58   62   67   73   79   83   87   89   90   91   91   91   91   91
   90   90   89   88   87   85   84   83   83   83   83   84   85   86   87   87
   86   85   82   78   75   71   68   67   68   70   75   82   90   99  108  117
  126  133  140  144  147  148  148  146  144
    70.0-180.0 180.0   5.0 450.0                            LAT/LON1/LON2/DLON/H
  175  171  166  162  159  157  155  152  148  142  133  120  106   90   75   63
   56   53   54   59   67   75   82   88   92   94   95   95   95   95   95   94
   94   93   92   90   88   86   84   83   82   82   82   83   84   86   87   87
   86   84   80   76   71   67   64   62   64   68   75   84   96  108  120  133
  144  154  163  170  175  178  179  178  175
    67.5-180.0 180.0   5.0 450.0                            LAT/LON1/LON2/DLON/H
  205  201  197  192  188  186  184  183  180  173  162  147  128  107   87   70
   59   54   55   61   69   78   86   91   94   95   95   93   92   92   91   91
   90   88   86   84   81   79   77   75   75   74   75   76   77   78   79   80
   79   77   74   69   64   59   56   55   57   63   73   85   99  114  129  144
  157  169  180  190  198  204  207  208  205
    65.0-180.0 180.0   5.0 450.0                            LAT/LON1/LON2/DLON/H
  232  229  224  218  214  212  212  212  210  205  194  177  155  130  106   85
   70   63   62   67   74   82   88   91   92   90   87   85   83   81   81   80
   78   76   73   70   67   64   63   62   62   63   63   64   65   66   67   67
   66   65   62   58   53   49   46   45   49   57   69   83  100  117  133  149
  163  177  190  202  213  222  229  232  232
    62.5-180.0 180.0   5.0 450.0                            LAT/LON1/LON2/DLON/H
  252  250  246  240  235  233  234  236  237  234  224  208  185  159  131  107
   89   79   75   77   81   85   88   87   84   79   75   71   69   68   67   65
   63   60   56   52   49   47   47   47   49   50   51   51   51   51   51   50
   50   49   48   45   41   37   35   36   41   50   64   80   98  116  133  149
  163  177  191  205  219  232  243  249  252
    60.0-180.0 180.0   5.0 450.0                            LAT/LON1/LON2/DLON/H
  266  266  263  257  251  249  249  252  255  254  248  234  213  187  160  135
  114  100   92   90   89   88   85   80   74   67   61   57   56   55   54   53
   49   45   40   36   33   33   34   37   39   41   42   41   39   37   35   34
   34   34   34   32   30   28   27   28   34   44   59   77   96  114  131  145
  159  173  187  203  219  236  250  260  266
    57.5-180.0 180.0   5.0 450.0                            LAT/LON1/LON2/DLON/H
  277  280  277  271  265  260  260  262  265  267  263  253  236  213  188  163
  142  125  112  104   97   90   83   74   65   57   51   49   49   49   49   47
   43   37   31   27   25   26   30   34   38   40   40   37   33   28   24   21
   21   22   24   24   24   23   23   25   31   41   57   75   95  113  129  142
  155  168  183  200  218  237  254  268  277
    55.0-180.0 180.0   5.0 450.0                            LAT/LON1/LON2/DLON/H
  288  294  293  288  280  273  269  269  271  272  270  263  250  233  212  190
  168  149  132  118  105   94   82   71   61   54   50   49   51   52   53   50
   45   39   33   29   28   31   36   42   46   48   46   41   34   26   20   16
   15   17   20   23   25   25   25   26   32   43   58   77   96  114  129  143
  156  169  184  202  221  241  260  276  288
    52.5-180.0 180.0   5.0 450.0                            LAT/LON1/LON2/DLON/H
  302  310  312  308  299  290  283  278  276  274  272  267  258  246  231  212
  191  169  149  130  114   99   86   75   66   60   58   59   61   64   64   60
   55   49   43   41   42   46   52   58   62   62   59   51   42   32   24   19
   19   21   26   30   32   33   33   34   39   48   63   81  101  119  135  149
  163  177  194  211  230  250  270  288  302
    50.0-180.0 180.0   5.0 450.0                            LAT/LON1/LON2/DLON/H
  317  328  333  331  323  312  301  292  284  278  272  267  261  253  243  227
  207  185  162  141  123  108   97   87   80   76   74   75   77   78   77   73
   68   63   59   59   62   67   73   79   82   80   75   66   56   45   36   31
   30   33   38   43   46   47   46   46   49   58   72   90  109  127  144  160
  175  192  210  229  247  265  283  301  317
    47.5-180.0 180.0   5.0 450.0                            LAT/LON1/LON2/DLON/H
  331  345  352  353  347  336  323  310  297  285  275  267  262  257  250  237
  218  195  171  151  134  122  113  106  101   97   94   93   91   90   87   83
   79   75   75   77   82   88   95   99  100   98   91   82   71   61   53   49
   48   52   56   61   63   63   61   60   63   71   84  102  121  139  156  173
  191  211  231  250  267  282  298  315  331
    45.0-180.0 180.0   5.0 450.0                            LAT/LON1/LON2/DLON/H
  339  354  364  368  365  357  345  330  313  296  282  271  265  261  254  242
  223  201  178  160  147  139  134  129  124  118  112  105   99   93   88   85
   82   82   85   90   97  104  110  113  113  110  104   95   86   78   72   69
   69   71   75   78   79   78   76   74   77   85   98  115  134  152  169  187
  206  228  250  269  285  297  310  324  339
    42.5-180.0 180.0   5.0 450.0                            LAT/LON1/LON2/DLON/H
  340  354  365  371  372  368  359  346  329  310  293  280  272  266  259  246
  227  205  185  170  162  158  155  150  143  133  122  109   98   88   82   79
   80   83   88   96  104  111  117  119  119  116  110  104   98   92   89   87
   87   89   90   91   90   88   86   86   89   98  113  130  148  165  181  198
  218  241  263  283  296  306  315  326  340
    40.0-180.0 180.0   5.0 450.0                            LAT/LON1/LON2/DLON/H
  332  344  354  361  365  365  362  353  340  322  304  291  282  275  266  251
  231  210  193  182  178  175  172  165  154  140  123  106   90   78   72   72
   75   80   88   96  104  110  115  117  117  115  112  108  104  102  100  100
  100  100   99   97   95   92   91   93   99  110  127  145  163  178  192  207
  225  247  270  289  301  308  314  322  332
    37.5-180.0 180.0   5.0 450.0                            LAT/LON1/LON2/DLON/H
  323  330  337  342  346  351  353  350  342  328  314  303  295  287  276  258
  237  218  204  196  193  189  182  171  156  139  119  100   84   73   69   71
   76   83   89   95  100  105  109  112  112  112  110  108  106  106  106  106
  106  104  100   96   92   89   90   95  105  120  139  159  177  191  203  215
  231  250  272  290  302  308  311  316  323
    35.0-180.0 180.0   5.0 450.0                            LAT/LON1/LON2/DLON/H
  320  322  323  324  327  333  338  341  337  329  320  313  307  300  287  269
  248  230  217  211  205  197  184  168  151  134  117  102   90   83   83   88
   93   97   99  100  100  102  104  106  108  108  108  106  105  105  106  105
  104  100   95   89   84   82   84   93  108  128  151  173  192  205  215  224
  237  255  275  293  305  311  314  317  320
    32.5-180.0 180.0   5.0 450.0                            LAT/LON1/LON2/DLON/H
  334  331  326  322  321  325  330  333  331  326  322  319  317  312  299  281
  261  244  233  225  215  199  180  161  145  134  126  120  116  117  121  127
  131  129  123  115  108  105  104  106  108  108  107  105  103  102  101  100
   97   92   86   79   73   72   77   89  109  135  162  187  207  221  230  239
  251  267  286  305  318  327  332  334  334
    30.0-180.0 180.0   5.0 450.0                            LAT/LON1/LON2/DLON/H
  373  367  358  348  342  341  342  340  334  328  324  324  325  321  310  293
  275  260  249  237  220  198  174  155  146  147  153  160  167  175  183  189
  188  177  161  142  126  116  112  112  113  113  110  106  101   98   96   93
   89   83   76   69   64   63   70   86  111  141  173  201  223  239  251  261
  274  291  311  331  348  361  370  374  373
    27.5-180.0 180.0   5.0 450.0                            LAT/LON1/LON2/DLON/H
  439  433  422  410  401  393  385  373  357  342  334  332  333  330  320  304
  289  275  263  246  223  196  171  158  161  177  200  222  239  252  261  264
  255  235  207  177  153  136  128  125  124  121  116  109  102   96   92   87
   83   77   71   64   59   59   67   86  115  149  184  215  241  260  276  291
  308  328  351  375  397  415  429  437  439
    25.0-180.0 180.0   5.0 450.0                            LAT/LON1/LON2/DLON/H
  525  524  516  507  496  484  465  438  406  377  358  349  345  340  329  315
  301  288  273  253  226  198  178  175  193  227  264  296  319  334  341  338
  321  291  253  215  183  160  147  141  137  132  124  114  105   97   91   86
   80   75   70   64   60   60   69   90  122  160  198  231  259  283  305  326
  349  375  404  432  459  484  504  518  525
    22.5-180.0 180.0   5.0 450.0                            LAT/LON1/LON2/DLON/H
  619  625  626  624  617  602  575  533  483  436  401  380  367  355  341  326
  313  299  282  259  232  208  199  210  243  289  335  370  392  403  404  394
  369  333  289  246  210  183  167  157  151  143  133  121  110  102   95   89
   83   79   75   70   66   66   76   99  133  173  213  248  279  307  335  363
  394  427  460  494  527  557  584  605  619
    20.0-180.0 180.0   5.0 450.0                            LAT/LON1/LON2/DLON/H
  703  720  732  741  742  731  699  646  581  516  465  428  402  380  359  341
  326  310  290  266  243  229  234  260  303  354  398  428  442  443  436  419
  391  351  307  264  229  201  182  170  161  152  141  128  117  109  103   96
   90   86   83   80   76   76   87  111  148  189  230  266  298  330  363  398
  435  474  513  551  588  623  654  682  703
    17.5-180.0 180.0   5.0 450.0                            LAT/LON1/LON2/DLON/H
  763  789  813  834  847  843  814  758  684  608  543  491  451  417  388  364
  344  324  301  278  263  262  280  317  364  410  442  457  457  447  432  411
  382  345  306  269  237  211  191  178  168  159  147  135  125  118  112  106
   99   95   92   90   87   88   99  126  164  207  248  284  318  352  388  427
  468  510  552  594  633  670  704  735  763
    15.0-180.0 180.0   5.0 450.0                            LAT/LON1/LON2/DLON/H
  789  821  853  885  910  917  897  847  775  697  624  563  510  465  426  395
  369  344  319  298  291  303  333  374  414  444  457  452  435  416  396  375
  349  320  290  263  238  215  196  182  173  164  153  143  134  128  122  115
  108  103  101   99   96   98  112  141  182  225  266  302  335  370  408  448
  490  532  575  616  656  692  726  758  789
    12.5-180.0 180.0   5.0 450.0                            LAT/LON1/LON2/DLON/H
  780  812  847  885  918  937  931  896  837  767  697  633  574  521  474  437
  404  374  346  328  328  349  384  420  445  452  441  416  387  362  343  326
  308  289  271  253  235  216  198  185  177  169  160  151  143  138  132  124
  115  109  107  105  104  108  124  156  198  242  282  317  351  386  423  461
  500  540  580  619  656  690  721  750  780
    10.0-180.0 180.0   5.0 450.0                            LAT/LON1/LON2/DLON/H
  744  771  803  839  875  902  911  896  859  807  749  691  633  577  527  485
  448  413  383  367  372  396  426  449  452  434  400  361  327  304  292  284
  276  267  258  249  237  220  203  190  183  177  169  160  152  147  140  131
  121  114  111  109  109  115  135  170  213  256  295  329  363  398  434  468
  502  537  572  607  640  670  696  720  744
     7.5-180.0 180.0   5.0 450.0                            LAT/LON1/LON2/DLON/H
  697  715  736  763  795  826  847  853  840  812  774  729  679  628  579  536
  496  459  429  413  418  437  456  458  437  397  349  305  276  264  263  266
  267  265  262  257  247  231  213  200  193  187  180  171  163  156  148  138
  127  120  116  114  114  123  145  182  225  267  303  337  371  406  440  471
  500  528  557  588  616  642  663  681  697
     5.0-180.0 180.0   5.0 450.0                            LAT/LON1/LON2/DLON/H
  656  663  672  685  706  733  761  782  791  787  771  744  708  667  625  585
  546  509  479  462  462  470  470  449  406  352  301  265  250  254  268  281
  287  287  285  279  267  249  229  215  207  202  194  183  174  165  157  146
  135  128  124  121  121  130  155  192  234  273  307  340  374  410  443  471
  496  519  544  570  595  617  635  647  656
     2.5-180.0 180.0   5.0 450.0                            LAT/LON1/LON2/DLON/H
  635  634  631  629  636  653  680  708  731  744  747  738  718  691  659  625
  591  558  529  511  502  493  471  428  371  314  271  253  258  281  307  326
  333  330  323  312  295  273  250  234  225  218  208  197  186  177  168  157
  147  140  135  131  130  140  164  200  239  275  306  338  373  410  443  470
  492  513  535  559  582  603  620  630  635
