static/ion/2024-01-03.24i
     1.0            IONOSPHERE MAPS     GNSS                IONEX VERSION / TYPE
IONINX V5.5         AIUB                02-JAN-24 07:50     PGM / RUN BY / DATE 
CODE'S 2-DAY PREDICTED IONOSPHERE MAPS FOR DAY 003, 2024    COMMENT             
Global ionosphere maps (GIM) are generated on a daily basis DESCRIPTION         
at CODE using data from about 120 GNSS sites of the IGS and DESCRIPTION         
other institutions. The vertical total electron content     DESCRIPTION         
(VTEC) is modeled in a solar-geomagnetic reference frame    DESCRIPTION         
using a spherical harmonics expansion up to degree and      DESCRIPTION         
order 15. Piece-wise linear functions are used for          DESCRIPTION         
representation in the time domain. The time spacing of      DESCRIPTION         
their vertices is 1 hour, conforming with the epochs of the DESCRIPTION         
VTEC maps.                                                  DESCRIPTION         
To convert line-of-sight TEC into vertical TEC, a modified  DESCRIPTION         
single-layer model mapping function approximating the JPL   DESCRIPTION         
extended slab model mapping function is adopted. The        DESCRIPTION         
mapping function is evaluated at geodetic satellite         DESCRIPTION         
elevation angles. For the computation of the ionospheric    DESCRIPTION         
pierce points, a spherical layer with a radius of 6821 km   DESCRIPTION         
is assumed, implying geocentric, not geodetic IONEX         DESCRIPTION         
latitudes.                                                  DESCRIPTION         
Instrumental biases with respect to each involved GNSS code DESCRIPTION         
observable are estimated as constant values for each        DESCRIPTION         
day. They are modeled with one set of bias parameters for   DESCRIPTION         
each satellite and each station in case of GPS and for each DESCRIPTION         
satellite-station link in case of GLONASS. The code bias    DESCRIPTION         
datum is defined by zero-mean conditions imposed on the     DESCRIPTION         
satellite bias estimates. In this file, just GPS C1W-C2W    DESCRIPTION         
satellite and station bias values are included. The         DESCRIPTION         
complete set of GNSS code bias results is provided in an    DESCRIPTION         
additional Bias-SINEX file as pseudo-absolute values        DESCRIPTION         
specific to each observable.                                DESCRIPTION         
Contact address: code(at)aiub.unibe.ch                      DESCRIPTION         
Data archive:    ftp.aiub.unibe.ch/CODE/                    DESCRIPTION         
                 www.aiub.unibe.ch/download/CODE/           DESCRIPTION         
  2024     1     3     0     0     0                        EPOCH OF FIRST MAP  
  2024     1     4     0     0     0                        EPOCH OF LAST MAP   
  3600                                                      INTERVAL            
    25                                                      # OF MAPS IN FILE   
  NONE                                                      MAPPING FUNCTION    
    10.0                                                    ELEVATION CUTOFF    
One-way carrier phase leveled to code                       OBSERVABLES USED    
  6371.0                                                    BASE RADIUS         
     2                                                      MAP DIMENSION       
   450.0 450.0   0.0                                        HGT1 / HGT2 / DHGT  
    87.5 -87.5  -2.5                                        LAT1 / LAT2 / DLAT  
  -180.0 180.0   5.0                                        LON1 / LON2 / DLON  
    -1                                                      EXPONENT            
TEC/RMS values in 0.1 TECU; 9999, if no value available     COMMENT             
                                                            END OF HEADER       
[from data line 3003]
     8                                                      START OF TEC MAP    
  2024     1     3     7     0     0                        EPOCH OF CURRENT MAP
    87.5-180.0 180.0   5.0 450.0                            LAT/LON1/LON2/DLON/H
   24   24   24   24   25   25   25   26   26   27   27   28   28   29   29   30
   30   31   31   31   31   31   31   32   32   32   32   31   31   31   31   31
   31   31   30   30   30   30   29   29   29   29   29   28   28   28   28   28
   28   27   27   27   27   27   27   26   26   26   26   26   25   25   25   25
   24   24   24   24   24   23   23   23   24
    85.0-180.0 180.0   5.0 450.0                            LAT/LON1/LON2/DLON/H
   24   24   24   25   25   26   27   28   30   31   32   33   34   35   36   37
   38   38   38   38   38   38   38   38   38   37   37   37   37   37   36   36
   36   36   35   35   35   35   35   34   34   34   34   34   34   34   34   34
   35   35   36   36   36   37   37   37   37   37   36   36   35   35   34   33
   31   30   29   28   27   26   25   25   24
    82.5-180.0 180.0   5.0 450.0                            LAT/LON1/LON2/DLON/H
   29   28   28   28   28   29   31   32   34   36   38   40   42   43   44   45
   45   46   45   45   44   44   43   42   41   40   40   40   39   39   40   40
   40   40   40   40   40   40   40   40   40   40   41   41   42   43   44   46
   47   49   51   53   55   56   58   59   60   60   60   59   58   57   55   53
   50   47   44   41   38   35   33   31   29
    80.0-180.0 180.0   5.0 450.0                            LAT/LON1/LON2/DLON/H
   39   36   34   33   33   34   35   37   40   42   44   47   49   50   51   52
   52   51   51   49   48   46   44   42   41   40   39   39   39   40   41   42
   43   43   44   45   45   45   46   46   46   47   48   49   52   54   57   61
   65   69   74   78   82   86   89   92   94   95   95   95   93   91   88   84
   80   74   69   63   57   52   47   42   39
    77.5-180.0 180.0   5.0 450.0                            LAT/LON1/LON2/DLON/H
   51   46   42   40   39   39   41   43   45   48   50   52   54   56   57   57
   56   55   54   52   49   46   44   41   40   38   38   38   38   40   41   43
   45   46   48   48   49   49   50   50   51   52   54   58   62   67   73   79
   86   94  101  109  116  122  127  132  135  137  138  137  135  132  128  122
  116  108  100   91   82   73   65   58   51
    75.0-180.0 180.0   5.0 450.0                            LAT/LON1/LON2/DLON/H
   65   58   52   48   46   46   47   48   50   52   54   56   58   59   59   59
   59   58   56   53   50   47   44   42   39   38   38   38   39   41   44   46
   48   50   51   51   52   52   52   52   54   56   60   65   72   80   89   99
  110  121  132  143  152  160  167  172  176  179  179  178  176  172  167  160
  152  142  132  120  108   96   85   74   65
    72.5-180.0 180.0   5.0 450.0                            LAT/LON1/LON2/DLON/H
   78   68   61   56   53   53   53   54   55   57   58   59   59   60   60   60
   60   59   58   56   53   51   48   45   43   42   42   42   44   46   49   51
   52   53   54   53   53   52   52   52   54   58   64   72   82   94  107  121
  135  150  163  176  187  196  203  208  211  213  213  211  208  203  197  190
  180  170  157  144  130  116  102   89   78
    70.0-180.0 180.0   5.0 450.0                            LAT/LON1/LON2/DLON/H
   86   75   67   62   59   58   58   59   60   60   60   60   59   59   59   59
   60   60   60   60   58   56   54   52   50   50   50   51   53   55   56   58
   58   57   56   54   52   50   50   51   54   60   69   80   93  108  125  142
  159  176  192  205  216  225  231  234  235  235  233  230  225  220  213  205
  196  185  172  158  143  128  113   98   86
    67.5-180.0 180.0   5.0 450.0                            LAT/LON1/LON2/DLON/H
   87   76   68   63   61   61   62   63   63   63   62   60   58   57   57   58
   60   62   64   64   64   63   62   61   60   60   61   62   64   65   66   65
   64   61   57   53   50   47   47   49   55   63   75   89  106  124  143  162
  181  199  215  228  238  244  248  248  246  243  238  233  227  220  213  205
  196  185  173  160  145  130  115  100   87
    65.0-180.0 180.0   5.0 450.0                            LAT/LON1/LON2/DLON/H
   82   71   64   59   58   59   62   64   65   64   62   60   57   55   55   57
   60   63   66   68   69   69   68   68   68   69   71   72   74   74   74   71
   68   63   57   51   47   44   45   49   57   69   84  101  120  140  161  181
  199  217  231  242  250  254  254  252  246  240  232  225  217  209  201  193
  184  174  163  151  137  123  109   95   82
    62.5-180.0 180.0   5.0 450.0                            LAT/LON1/LON2/DLON/H
   71   61   54   51   51   53   57   61   63   64   62   59   56   54   54   56
   60   64   68   70   71   71   70   71   72   74   76   79   80   80   78   75
   69   63   56   49   44   42   45   52   63   78   96  116  137  158  178  196
  214  229  241  250  255  256  254  248  240  231  221  212  202  193  184  175
  166  157  146  135  123  110   97   84   71
    60.0-180.0 180.0   5.0 450.0                            LAT/LON1/LON2/DLON/H
   60   49   42   39   40   44   49   55   58   60   59   56   54   52   53   55
   59   63   67   68   68   67   66   67   69   72   76   79   81   81   78   74
   68   61   54   47   43   43   48   58   72   91  112  133  155  175  193  209
  224  236  246  252  255  254  250  243  233  223  212  202  191  181  171  161
  150  140  130  119  108   97   84   72   60
    57.5-180.0 180.0   5.0 450.0                            LAT/LON1/LON2/DLON/H
   50   40   32   28   29   33   39   46   51   54   54   53   51   50   51   54
   58   62   64   64   62   60   58   58   61   65   70   74   76   76   74   70
   65   59   53   48   46   48   55   67   85  106  128  151  172  190  206  219
  230  240  247  252  253  251  247  239  230  220  210  200  189  178  166  154
  142  130  119  108   98   87   75   63   50
    55.0-180.0 180.0   5.0 450.0                            LAT/LON1/LON2/DLON/H
   48   36   28   22   22   25   30   37   43   47   48   48   48   48   50   53
   56   59   60   58   55   50   47   47   50   55   61   66   69   69   68   65
   62   58   54   51   52   56   65   80   99  122  145  167  187  203  217  227
  236  242  248  251  252  250  246  240  233  225  216  207  197  185  173  159
  144  130  117  105   93   83   71   60   48
    52.5-180.0 180.0   5.0 450.0                            LAT/LON1/LON2/DLON/H
   52   41   31   25   22   23   27   32   37   41   44   45   46   47   49   52
   55   58   57   55   49   44   40   39   42   48   54   59   61   62   62   61
   60   59   58   58   61   68   79   95  115  137  159  181  199  215  226  235
  241  246  250  252  253  252  249  245  240  234  228  220  211  200  186  171
  154  137  122  108   96   85   74   63   52
    50.0-180.0 180.0   5.0 450.0                            LAT/LON1/LON2/DLON/H
   63   53   44   37   32   30   31   34   37   40   42   44   46   47   50   52
   55   58   58   55   49   44   39   39   41   46   52   55   57   58   58   59
   60   62   64   68   73   82   94  110  129  150  172  192  210  224  235  243
  249  253  255  257  257  257  255  252  249  245  240  234  226  215  201  184
  166  147  129  114  101   91   81   72   63
    47.5-180.0 180.0   5.0 450.0                            LAT/LON1/LON2/DLON/H
   75   69   62   55   50   46   44   43   43   45   47   49   50   51   53   55
   58   61   62   61   57   52   48   47   49   53   57   59   59   58   58   60
   63   68   73   79   87   97  110  126  144  163  182  201  218  233  245  254
  260  263  264  265  264  263  261  259  256  253  249  243  236  225  211  194
  174  154  135  118  105   95   88   81   75
    45.0-180.0 180.0   5.0 450.0                            LAT/LON1/LON2/DLON/H
   85   83   80   76   72   67   63   59   57   56   57   58   59   60   61   62
   65   68   71   73   71   68   65   65   66   68   69   69   66   63   63   64
   69   75   82   90  100  113  127  143  158  175  192  209  227  243  257  267
  273  276  277  276  274  272  269  265  262  257  252  245  237  226  212  195
  176  156  136  118  104   95   90   87   85
    42.5-180.0 180.0   5.0 450.0                            LAT/LON1/LON2/DLON/H
   89   91   93   93   91   87   83   78   74   72   72   73   73   73   72   72
   75   79   85   89   91   90   89   88   88   88   87   83   77   72   70   71
   75   82   90  100  113  128  144  159  174  188  202  219  236  254  270  281
  289  292  292  290  287  283  279  274  267  260  253  244  233  221  207  191
  172  152  132  113   99   90   86   86   89
    40.0-180.0 180.0   5.0 450.0                            LAT/LON1/LON2/DLON/H
   85   91   97  100  102  101   97   93   90   88   88   89   90   89   87   86
   87   93  100  108  112  113  113  112  111  109  105   98   90   83   79   79
   82   88   96  108  124  142  160  177  191  203  216  231  248  267  284  297
  305  308  308  307  304  300  294  288  279  269  258  246  232  218  203  187
  169  149  128  108   92   82   78   80   85
    37.5-180.0 180.0   5.0 450.0                            LAT/LON1/LON2/DLON/H
   76   83   91   97  101  103  103  101  100  100  101  104  105  105  102  101
  102  107  116  125  131  134  133  131  129  126  120  111  102   93   88   86
   87   92  100  113  132  154  176  195  210  221  232  246  263  281  298  311
  320  325  326  327  326  324  320  313  303  291  277  262  245  228  212  195
  177  157  135  112   93   79   72   72   76
    35.0-180.0 180.0   5.0 450.0                            LAT/LON1/LON2/DLON/H
   70   74   79   85   90   94   97   99  101  104  108  112  116  117  116  114
  115  120  129  139  145  147  146  143  140  136  129  121  111  102   95   92
   92   94  102  116  138  164  191  213  229  241  251  264  279  296  312  325
  334  341  346  351  355  358  358  354  345  333  318  300  281  262  244  226
  207  185  160  133  108   88   75   70   70
    32.5-180.0 180.0   5.0 450.0                            LAT/LON1/LON2/DLON/H
   74   71   71   73   76   80   84   89   94  100  106  113  119  123  124  124
  125  130  139  148  153  154  151  148  144  139  133  125  116  108  102   97
   95   96  103  118  143  173  204  230  249  261  272  283  297  312  326  338
  348  358  369  381  393  403  409  411  406  397  383  366  346  325  304  284
  263  239  210  179  147  118   96   82   74
    30.0-180.0 180.0   5.0 450.0                            LAT/LON1/LON2/DLON/H
   97   84   75   70   68   68   72   77   83   90   98  107  115  122  126  128
  131  136  144  151  155  154  150  145  141  138  133  126  119  113  107  102
   99   98  104  120  146  180  215  245  266  281  292  304  316  329  341  352
  364  379  397  417  439  457  471  480  482  478  469  454  435  414  392  370
  346  319  286  249  209  172  140  115   97
    27.5-180.0 180.0   5.0 450.0                            LAT/LON1/LON2/DLON/H
  141  118  100   86   76   71   70   72   76   81   88   96  106  115  122  127
  132  138  145  150  152  149  144  140  136  133  130  126  121  117  112  107
  103  101  106  122  151  187  225  258  282  300  313  325  337  348  359  370
  385  404  430  459  489  516  538  553  563  566  563  553  538  518  496  472
  447  417  381  339  292  246  205  169  141
    25.0-180.0 180.0   5.0 450.0                            LAT/LON1/LON2/DLON/H
  205  175  149  128  109   96   87   82   81   81   83   88   96  106  116  123
  129  136  143  147  147  144  139  135  132  130  128  125  123  121  118  113
  107  104  109  126  156  194  234  269  297  317  334  348  360  370  380  393
  411  436  468  503  539  572  599  621  637  648  652  649  638  621  600  577
  550  520  482  436  386  334  285  242  205
    22.5-180.0 180.0   5.0 450.0                            LAT/LON1/LON2/DLON/H
  282  248  219  193  168  146  128  115  105   97   91   90   93  101  111  119
  126  133  140  144  144  140  136  133  131  129  128  126  125  125  122  117
  112  109  115  133  163  202  243  280  311  335  354  371  385  396  407  422
  444  473  509  547  585  619  648  673  693  709  720  723  718  706  688  666
  640  610  573  527  475  421  369  322  282
    20.0-180.0 180.0   5.0 450.0                            LAT/LON1/LON2/DLON/H
  359  328  300  273  246  218  191  169  149  131  116  106  103  106  112  119
  126  132  139  142  142  140  137  135  134  132  130  128  128  129  127  121
  116  114  121  141  172  212  254  292  325  353  376  396  412  425  439  457
  482  513  549  586  621  652  679  702  723  742  757  766  767  759  745  726
  703  675  640  597  548  495  444  398  359
    17.5-180.0 180.0   5.0 450.0                            LAT/LON1/LON2/DLON/H
  424  399  377  355  329  299  268  237  209  182  158  139  128  124  125  127
  131  136  141  144  144  142  141  140  139  137  134  131  131  132  129  124
  118  118  128  151  184  225  267  306  341  371  398  421  440  456  473  494
  521  552  586  618  646  670  691  710  728  746  762  774  779  776  766  751
  731  707  676  638  594  546  499  458  424
    15.0-180.0 180.0   5.0 450.0                            LAT/LON1/LON2/DLON/H
  466  449  436  423  402  375  342  309  275  243  212  186  167  155  148  145
  143  145  147  149  148  147  146  147  146  142  137  134  133  133  130  124
  120  122  136  162  198  239  282  322  358  390  420  445  467  486  506  530
  558  587  615  640  660  675  688  700  712  727  741  753  760  760  754  743
  727  707  681  649  611  570  529  493  466
    12.5-180.0 180.0   5.0 450.0                            LAT/LON1/LON2/DLON/H
  481  470  466  462  451  430  401  369  335  302  269  239  214  196  181  170
  162  159  157  156  154  152  152  153  152  147  140  135  134  133  129  123
  119  125  144  174  212  255  297  337  374  408  439  466  489  511  534  560
  587  613  634  651  664  672  678  683  689  697  706  716  723  725  722  714
  701  684  663  636  605  569  533  502  481
    10.0-180.0 180.0   5.0 450.0                            LAT/LON1/LON2/DLON/H
  471  463  464  467  465  452  431  405  376  347  317  287  261  238  218  200
  186  176  170  165  160  157  157  157  156  149  141  136  133  131  126  120
  119  128  151  185  226  269  311  350  387  421  453  480  505  528  553  580
  606  628  644  655  663  668  670  670  670  671  674  679  684  686  685  679
  668  653  635  612  585  553  520  491  471
     7.5-180.0 180.0   5.0 450.0                            LAT/LON1/LON2/DLON/H
  445  434  434  441  445  440  428  410  390  369  346  322  298  274  250  228
  208  194  183  174  166  161  159  160  157  150  141  135  132  129  123  117
  118  131  159  196  238  280  321  359  395  429  460  487  512  537  563  589
  613  632  645  654  662  668  670  669  665  660  657  657  659  659  658  652
  642  628  611  590  564  534  501  469  445
     5.0-180.0 180.0   5.0 450.0                            LAT/LON1/LON2/DLON/H
  416  396  390  394  400  401  396  387  377  365  352  336  317  295  272  248
  226  208  194  181  170  163  161  161  158  150  141  135  131  126  120  115
  118  135  166  205  247  287  325  362  397  430  460  487  512  536  563  589
  611  628  640  651  664  676  683  684  679  670  662  657  655  654  651  644
  634  619  601  580  554  523  487  449  416
     2.5-180.0 180.0   5.0 450.0                            LAT/LON1/LON2/DLON/H
  397  364  346  342  345  348  348  345  342  340  335  327  316  299  279  256
  235  216  200  185  173  165  162  161  158  151  142  135  130  125  118  115
  120  141  173  212  252  290  325  359  393  425  454  481  505  530  556  582
  603  620  633  649  669  691  707  713  709  698  687  679  673  669  664  657
  645  629  610  588  561  528  487  441  397
