static/ion/2024-01-05.24i
     1.0            IONOSPHERE MAPS     GNSS                IONEX VERSION / TYPE
IONINX V5.5         AIUB                04-JAN-24 07:40     PGM / RUN BY / DATE 
CODE'S 2-DAY PREDICTED IONOSPHERE MAPS FOR DAY 005, 2024    COMMENT             
Global ionosphere maps (GIM) are generated on a daily basis DESCRIPTION         
at CODE using data from about 120 GNSS sites of the IGS and DESCRIPTION         
other institutions. The vertical total electron content     DESCRIPTION         
(VTEC) is modeled in a solar-geomagnetic reference frame    DESCRIPTION         
using a spherical harmonics expansion up to degree and      DESCRIPTION         
order 15. Piece-wise linear functions are used for          DESCRIPTION         
representation in the time domain. The time spacing of      DESCRIPTION         
their vertices is 1 hour, conforming with the epochs of the DESCRIPTION         
VTEC maps.                                                  DESCRIPTION         
To convert line-of-sight TEC into vertical TEC, a modified  DESCRIPTION         
single-layer model mapping function approximating the JPL   DESCRIPTION         
extended slab model mapping function is adopted. The        DESCRIPTION         
mapping function is evaluated at geodetic satellite         DESCRIPTION         
elevation angles. For the computation of the ionospheric    DESCRIPTION         
pierce points, a spherical layer with a radius of 6821 km   DESCRIPTION         
is assumed, implying geocentric, not geodetic IONEX         DESCRIPTION         
latitudes.                                                  DESCRIPTION         
Instrumental biases with respect to each involved GNSS code DESCRIPTION         
observable are estimated as constant values for each        DESCRIPTION         
day. They are modeled with one set of bias parameters for   DESCRIPTION         
each satellite and each station in case of GPS and for each DESCRIPTION         
satellite-station link in case of GLONASS. The code bias    DESCRIPTION         
datum is defined by zero-mean conditions imposed on the     DESCRIPTION         
satellite bias estimates. In this file, just GPS C1W-C2W    DESCRIPTION         
satellite and station bias values are included. The         DESCRIPTION         
complete set of GNSS code bias results is provided in an    DESCRIPTION         
additional Bias-SINEX file as pseudo-absolute values        DESCRIPTION         
specific to each observable.                                DESCRIPTION         
Contact address: code(at)aiub.unibe.ch                      DESCRIPTION         
Data archive:    ftp.aiub.unibe.ch/CODE/                    DESCRIPTION         
                 www.aiub.unibe.ch/download/CODE/           DESCRIPTION         
  2024     1     5     0     0     0                        EPOCH OF FIRST MAP  
  2024     1     6     0     0     0                        EPOCH OF LAST MAP   
  3600                                                      INTERVAL            
    25                                                      # OF MAPS IN FILE   
  NONE                                                      MAPPING FUNCTION    
    10.0                                                    ELEVATION CUTOFF    
One-way carrier phase leveled to code                       OBSERVABLES USED    
  6371.0                                                    BASE RADIUS         
     2                                                      MAP DIMENSION       
   450.0 450.0   0.0                                        HGT1 / HGT2 / DHGT  
    87.5 -87.5  -2.5                                        LAT1 / LAT2 / DLAT  
  -180.0 180.0   5.0                                        LON1 / LON2 / DLON  
    -1                                                      EXPONENT            
TEC/RMS values in 0.1 TECU; 9999, if no value available     COMMENT             
                                                            END OF HEADER       
[from data line 2145]
     6                                                      START OF TEC MAP    
  2024     1     5     5     0     0                        EPOCH OF CURRENT MAP
    87.5-180.0 180.0   5.0 450.0                            LAT/LON1/LON2/DLON/H
   66   66   65   64   64   63   63   62   62   61   61   60   60   59   59   58
   58   57   56   56   55   55   54   54   54   53   53   53   53   53   53   53
   53   53   53   54   54   55   55   56   57   57   58   59   60   61   62   62
   63   64   65   66   67   68   68   69   69   70   70   71   71   71   71   71
   70   70   70   69   69   68   68   67   66
    85.0-180.0 180.0   5.0 450.0                            LAT/LON1/LON2/DLON/H
   74   72   70   69   68   67   66   65   65   64   64   63   63   62   62   61
   60   59   58   57   56   54   53   52   51   50   49   48   48   48   48   48
   48   49   49   50   51   52   53   54   56   57   59   61   62   64   66   68
   70   72   75   77   79   81   83   84   86   87   88   88   89   89   88   88
   87   85   84   82   81   79   77   75   74
    82.5-180.0 180.0   5.0 450.0                            LAT/LON1/LON2/DLON/H
   81   78   75   72   70   69   68   68   67   67   67   68   68   68   67   66
   65   64   62   61   58   56   54   52   50   48   46   45   45   44   45   45
   46   47   48   50   51   53   55   56   58   60   62   64   67   69   72   76
   79   83   86   90   94   98  101  105  108  110  112  113  113  113  113  111
  109  106  103  100   96   92   88   84   81
    80.0-180.0 180.0   5.0 450.0                            LAT/LON1/LON2/DLON/H
   88   83   78   74   71   69   68   68   68   69   70   71   72   72   73   72
   71   70   68   65   62   59   55   52   49   47   45   44   43   44   44   46
   47   49   51   53   55   57   59   61   63   64   66   69   72   75   79   83
   88   93   99  105  111  118  123  129  134  137  141  142  143  143  142  139
  136  131  126  120  114  107  101   94   88
    77.5-180.0 180.0   5.0 450.0                            LAT/LON1/LON2/DLON/H
   95   87   80   74   70   67   65   65   66   67   69   71   73   75   75   76
   75   73   71   68   65   61   57   53   50   48   46   45   45   46   48   50
   53   56   58   61   63   65   66   67   68   69   71   72   75   79   83   89
   96  103  112  120  129  138  147  154  161  167  171  174  175  175  173  169
  164  158  151  142  133  124  114  104   95
    75.0-180.0 180.0   5.0 450.0                            LAT/LON1/LON2/DLON/H
  102   91   81   73   67   63   61   60   61   63   65   68   70   72   74   75
   75   74   72   69   66   62   59   55   52   50   49   49   50   52   55   58
   62   65   68   71   72   73   73   73   73   72   73   74   77   81   86   94
  103  113  124  135  147  158  169  179  188  194  200  203  204  203  201  196
  190  182  173  163  151  139  127  114  102
    72.5-180.0 180.0   5.0 450.0                            LAT/LON1/LON2/DLON/H
  108   94   82   72   64   58   55   54   54   56   59   61   64   66   68   69
   70   70   69   68   66   63   61   58   56   55   55   56   59   62   65   69
   73   76   79   81   81   80   79   77   74   73   72   73   76   81   88   97
  108  121  135  149  163  177  190  201  211  218  223  226  227  225  222  216
  209  201  191  179  166  152  138  123  108
    70.0-180.0 180.0   5.0 450.0                            LAT/LON1/LON2/DLON/H
  113   97   82   70   60   53   49   48   48   49   51   53   55   57   59   61
   63   64   65   65   64   63   62   61   61   62   63   66   69   73   77   80
   84   86   88   88   87   84   80   76   72   70   68   69   73   79   88  100
  114  129  146  162  179  194  208  220  229  236  241  243  242  240  235  229
  221  212  201  189  176  162  146  129  113
    67.5-180.0 180.0   5.0 450.0                            LAT/LON1/LON2/DLON/H
  116   99   82   68   57   49   44   42   42   43   44   45   46   48   49   52
   54   57   59   61   62   63   63   64   65   67   70   74   78   82   86   89
   91   92   92   91   87   83   78   72   67   64   62   64   69   78   89  104
  120  138  156  175  192  208  222  234  243  249  252  253  251  247  241  234
  226  216  206  195  182  168  152  134  116
    65.0-180.0 180.0   5.0 450.0                            LAT/LON1/LON2/DLON/H
  121  101   83   68   55   46   41   39   38   38   39   39   40   41   42   44
   47   51   54   57   59   61   62   64   67   70   75   79   84   88   91   93
   94   93   91   88   84   78   72   65   60   57   56   59   67   78   92  109
  128  147  167  186  204  219  233  244  252  258  260  259  256  251  244  236
  227  218  209  198  187  173  157  140  121
    62.5-180.0 180.0   5.0 450.0                            LAT/LON1/LON2/DLON/H
  127  106   86   69   55   45   39   37   36   37   37   37   37   37   38   40
   44   48   51   54   57   58   60   62   65   69   74   79   84   87   90   90
   90   88   85   82   77   71   64   58   53   50   51   56   66   80   97  116
  136  157  178  197  214  229  242  252  259  264  265  264  261  255  248  239
  231  222  213  203  193  180  164  147  127
    60.0-180.0 180.0   5.0 450.0                            LAT/LON1/LON2/DLON/H
  137  115   93   74   58   46   39   36   36   37   38   38   38   38   39   41
   44   48   51   53   54   54   55   57   60   64   69   74   79   82   83   83
   81   79   77   73   69   64   58   52   48   47   49   56   68   84  103  124
  146  168  188  207  223  237  249  258  265  269  271  271  268  263  256  248
  239  231  222  213  203  191  176  158  137
    57.5-180.0 180.0   5.0 450.0                            LAT/LON1/LON2/DLON/H
  152  129  106   84   65   51   43   39   38   39   40   41   41   41   42   44
   47   50   52   53   52   51   50   50   52   56   61   66   70   73   73   72
   71   69   68   66   63   59   55   50   47   47   50   59   73   91  112  134
  157  179  199  217  233  245  256  264  270  275  278  279  278  275  269  262
  254  246  237  228  218  206  191  173  152
    55.0-180.0 180.0   5.0 450.0                            LAT/LON1/LON2/DLON/H
  171  148  123   99   78   61   50   44   42   42   43   44   45   46   47   49
   51   53   54   53   50   48   45   45   47   50   54   59   62   63   63   62
   62   62   62   62   62   59   56   52   50   51   56   66   81  100  122  146
  169  192  212  229  243  255  264  271  276  281  285  288  289  288  285  279
  272  264  255  247  237  225  210  192  171
    52.5-180.0 180.0   5.0 450.0                            LAT/LON1/LON2/DLON/H
  191  168  144  119   96   76   62   53   48   47   47   48   49   50   51   53
   54   55   55   54   51   47   45   44   46   48   52   54   56   57   56   56
   56   58   61   64   65   65   62   59   57   58   64   75   91  111  135  159
  183  206  226  243  256  266  273  278  283  287  291  295  298  299  298  293
  287  280  271  262  253  241  228  211  191
    50.0-180.0 180.0   5.0 450.0                            LAT/LON1/LON2/DLON/H
  207  187  164  140  117   96   78   66   58   54   53   53   53   53   54   55
   56   56   56   55   53   51   50   50   52   54   55   56   56   55   54   54
   56   59   65   70   73   73   71   68   66   68   75   87  104  125  149  174
  199  223  243  260  272  280  285  287  289  290  293  297  300  302  302  299
  294  287  279  270  261  251  239  224  207
    47.5-180.0 180.0   5.0 450.0                            LAT/LON1/LON2/DLON/H
  214  198  179  159  137  116   97   82   71   64   60   58   57   57   56   56
   56   57   58   59   60   61   62   64   65   66   66   65   62   59   57   56
   59   65   72   79   83   84   81   78   77   79   87  100  118  140  165  191
  217  241  261  278  289  296  298  297  295  293  292  293  295  297  296  294
  288  281  274  266  258  249  239  228  214
    45.0-180.0 180.0   5.0 450.0                            LAT/LON1/LON2/DLON/H
  209  198  185  169  152  134  116  100   86   76   69   65   63   61   59   58
   57   59   61   66   70   75   79   83   85   85   82   78   72   67   63   62
   65   71   80   87   92   93   90   87   87   91  100  114  134  157  182  209
  236  260  280  296  307  312  313  309  302  296  290  287  285  284  282  278
  273  265  258  250  243  235  228  219  209
    42.5-180.0 180.0   5.0 450.0                            LAT/LON1/LON2/DLON/H
  193  186  177  168  157  144  130  115  101   89   80   75   72   68   65   62
   61   64   69   77   85   93  100  105  106  105  100   92   84   76   70   68
   71   77   86   94   98   99   96   94   95  101  113  129  150  174  200  227
  253  277  297  313  323  328  328  322  313  302  292  284  277  273  268  262
  254  246  237  229  222  215  208  200  193
    40.0-180.0 180.0   5.0 450.0                            LAT/LON1/LON2/DLON/H
  171  164  159  154  150  145  137  126  113  101   92   86   82   79   75   71
   70   73   81   91  103  113  121  125  126  122  115  105   94   85   77   74
   75   81   89   96  100  100   98   97  101  110  125  144  166  191  217  243
  269  291  310  325  336  343  344  339  330  318  304  291  281  272  264  255
  246  235  225  215  206  196  188  179  171
    37.5-180.0 180.0   5.0 450.0                            LAT/LON1/LON2/DLON/H
  152  142  135  132  133  134  133  128  119  109  101   96   94   91   87   84
   83   88   97  109  121  131  137  140  139  134  125  114  102   92   83   78
   78   82   88   94   97   97   95   97  104  118  136  158  181  206  231  257
  280  301  318  333  346  356  361  362  356  345  331  317  304  292  282  271
  260  247  234  220  207  193  179  165  152
    35.0-180.0 180.0   5.0 450.0                            LAT/LON1/LON2/DLON/H
  149  129  116  110  111  117  122  122  117  110  105  103  103  103  101   99
   99  104  114  126  137  144  148  148  145  139  130  119  108   97   88   82
   80   81   86   90   91   90   90   94  105  123  145  169  194  218  243  266
  288  306  323  338  354  369  382  390  392  387  377  365  352  340  330  319
  306  291  274  257  237  217  195  171  149
    32.5-180.0 180.0   5.0 450.0                            LAT/LON1/LON2/DLON/H
  171  138  112   97   94   99  107  111  110  106  104  105  109  112  113  112
  113  120  129  140  147  151  150  148  143  138  131  122  113  103   95   87
   83   82   83   84   84   82   83   89  105  127  153  179  204  228  251  273
  293  310  326  342  362  384  407  425  437  442  440  433  424  416  408  398
  386  370  350  328  302  273  241  206  171
    30.0-180.0 180.0   5.0 450.0                            LAT/LON1/LON2/DLON/H
  224  175  133  104   90   90   96  100  101   99   99  103  111  117  120  121
  124  130  139  147  151  150  146  142  139  135  131  125  119  111  103   95
   89   84   82   79   77   74   75   85  103  130  159  187  213  236  259  280
  298  314  331  350  375  405  436  466  489  505  513  515  513  510  507  502
  492  476  455  429  397  361  319  273  224
    27.5-180.0 180.0   5.0 450.0                            LAT/LON1/LON2/DLON/H
  306  243  185  139  110   98   97   98   97   95   95  101  110  118  122  125
  128  134  142  147  148  144  139  136  135  135  134  132  128  123  115  107
   98   89   83   77   71   67   69   80  102  132  164  194  221  245  267  288
  306  324  342  365  395  431  471  509  543  569  587  598  604  609  612  612
  607  594  573  546  511  470  422  367  306
    25.0-180.0 180.0   5.0 450.0                            LAT/LON1/LON2/DLON/H
  408  336  264  201  156  130  117  111  105  100   98  103  111  119  123  125
  128  133  138  141  140  136  133  133  136  140  143  143  141  136  130  120
  109   97   87   77   69   63   64   77  102  135  170  202  230  255  278  300
  321  340  362  389  423  463  507  551  591  625  651  670  684  695  704  710
  710  702  684  658  624  583  533  475  408
    22.5-180.0 180.0   5.0 450.0                            LAT/LON1/LON2/DLON/H
  515  440  361  286  226  184  159  143  130  120  115  115  120  125  127  128
  128  130  133  134  133  131  131  137  145  153  157  157  155  151  144  133
  120  106   92   79   68   61   62   76  103  139  177  211  241  268  293  318
  341  364  389  420  457  499  544  588  629  666  696  720  738  753  767  778
  782  779  767  746  717  680  635  580  515
    20.0-180.0 180.0   5.0 450.0                            LAT/LON1/LON2/DLON/H
  609  541  462  381  310  256  219  194  175  159  149  144  143  143  141  138
  134  133  132  131  131  133  139  150  162  172  176  174  169  162  155  144
  129  113   97   82   70   62   63   78  107  146  186  223  255  284  312  340
  366  393  423  456  495  535  576  616  653  688  717  741  760  776  791  803
  811  813  807  794  773  745  710  665  609
    17.5-180.0 180.0   5.0 450.0                            LAT/LON1/LON2/DLON/H
  676  620  550  472  397  335  290  258  234  215  200  191  183  177  169  161
  153  146  141  139  139  145  156  171  186  194  194  188  178  169  160  148
  133  117  100   86   73   65   66   82  114  154  197  236  271  302  333  363
  393  424  456  492  529  566  601  633  663  691  716  736  752  765  777  788
  797  802  802  797  786  769  747  717  676
    15.0-180.0 180.0   5.0 450.0                            LAT/LON1/LON2/DLON/H
  706  668  612  543  471  409  361  326  300  281  264  251  238  226  213  200
  187  174  165  160  161  169  183  199  212  216  210  197  183  170  159  147
  133  117  102   89   78   70   72   90  122  165  209  250  287  320  353  385
  418  450  485  521  556  589  616  640  661  681  699  713  723  729  736  742
  749  755  760  762  760  754  744  729  706
    12.5-180.0 180.0   5.0 450.0                            LAT/LON1/LON2/DLON/H
  702  681  642  586  523  465  419  386  364  346  331  316  301  285  268  252
  234  217  203  194  194  202  215  228  236  233  220  201  181  165  152  141
  128  115  104   93   84   78   81   98  132  175  221  263  300  335  368  402
  435  469  504  539  573  601  623  639  653  665  676  683  686  686  686  686
  689  694  700  706  710  711  711  709  702
    10.0-180.0 180.0   5.0 450.0                            LAT/LON1/LON2/DLON/H
  671  664  640  599  547  498  458  430  413  401  390  377  362  345  327  309
  289  268  250  238  235  240  248  254  254  243  223  198  175  156  143  132
  122  113  106   99   93   88   91  108  141  184  230  272  309  344  378  412
  445  478  511  545  577  603  622  635  644  652  658  660  658  653  646  641
  639  640  645  651  656  660  663  668  671
     7.5-180.0 180.0   5.0 450.0                            LAT/LON1/LON2/DLON/H
  632  632  617  587  547  506  473  452  440  435  429  421  409  394  379  362
  342  320  298  283  277  276  276  273  263  245  220  192  167  148  135  125
  118  112  110  107  103   98  101  117  149  191  235  276  313  348  381  414
  446  477  509  541  572  598  618  631  640  647  651  651  648  641  632  623
  616  613  614  616  618  618  620  625  632
     5.0-180.0 180.0   5.0 450.0                            LAT/LON1/LON2/DLON/H
  598  598  587  563  530  497  470  452  445  444  444  440  433  423  412  399
  381  359  337  320  310  303  295  282  263  240  213  185  161  142  130  121
  117  115  116  116  113  109  110  125  155  195  237  277  313  347  380  412
  442  470  500  530  561  589  613  630  643  652  658  661  661  656  649  639
  630  622  618  614  609  602  596  595  598
     2.5-180.0 180.0   5.0 450.0                            LAT/LON1/LON2/DLON/H
  584  577  564  540  511  480  454  438  430  430  433  434  431  426  420  412
  398  379  358  341  328  316  300  279  256  231  205  180  158  141  129  122
  120  121  124  126  124  119  119  132  159  196  236  274  310  344  377  408
  436  462  489  518  550  581  609  633  652  667  678  686  692  694  692  686
  676  667  657  646  632  616  600  590  584
