static/ion/2024-01-06.24i
     1.0            IONOSPHERE MAPS     GNSS                IONEX VERSION / TYPE
IONINX V5.5         AIUB                05-JAN-24 07:48     PGM / RUN BY / DATE 
CODE'S 2-DAY PREDICTED IONOSPHERE MAPS FOR DAY 006, 2024    COMMENT             
Global ionosphere maps (GIM) are generated on a daily basis DESCRIPTION         
at CODE using data from about 120 GNSS sites of the IGS and DESCRIPTION         
other institutions. The vertical total electron content     DESCRIPTION         
(VTEC) is modeled in a solar-geomagnetic reference frame    DESCRIPTION         
using a spherical harmonics expansion up to degree and      DESCRIPTION         
order 15. Piece-wise linear functions are used for          DESCRIPTION         
representation in the time domain. The time spacing of      DESCRIPTION         
their vertices is 1 hour, conforming with the epochs of the DESCRIPTION         
VTEC maps.                                                  DESCRIPTION         
To convert line-of-sight TEC into vertical TEC, a modified  DESCRIPTION         
single-layer model mapping function approximating the JPL   DESCRIPTION         
extended slab model mapping function is adopted. The        DESCRIPTION         
mapping function is evaluated at geodetic satellite         DESCRIPTION         
elevation angles. For the computation of the ionospheric    DESCRIPTION         
pierce points, a spherical layer with a radius of 6821 km   DESCRIPTION         
is assumed, implying geocentric, not geodetic IONEX         DESCRIPTION         
latitudes.                                                  DESCRIPTION         
Instrumental biases with respect to each involved GNSS code DESCRIPTION         
observable are estimated as constant values for each        DESCRIPTION         
day. They are modeled with one set of bias parameters for   DESCRIPTION         
each satellite and each station in case of GPS and for each DESCRIPTION         
satellite-station link in case of GLONASS. The code bias    DESCRIPTION         
datum is defined by zero-mean conditions imposed on the     DESCRIPTION         
satellite bias estimates. In this file, just GPS C1W-C2W    DESCRIPTION         
satellite and station bias values are included. The         DESCRIPTION         
complete set of GNSS code bias results is provided in an    DESCRIPTION         
additional Bias-SINEX file as pseudo-absolute values        DESCRIPTION         
specific to each observable.                                DESCRIPTION         
Contact address: code(at)aiub.unibe.ch                      DESCRIPTION         
Data archive:    ftp.aiub.unibe.ch/CODE/                    DESCRIPTION         
                 www.aiub.unibe.ch/download/CODE/           DESCRIPTION         
  2024     1     6     0     0     0                        EPOCH OF FIRST MAP  
  2024     1     7     0     0     0                        EPOCH OF LAST MAP   
  3600                                                      INTERVAL            
    25                                                      # OF MAPS IN FILE   
  NONE                                                      MAPPING FUNCTION    
    10.0                                                    ELEVATION CUTOFF    
One-way carrier phase leveled to code                       OBSERVABLES USED    
  6371.0                                                    BASE RADIUS         
     2                                                      MAP DIMENSION       
   450.0 450.0   0.0                                        HGT1 / HGT2 / DHGT  
    87.5 -87.5  -2.5                                        LAT1 / LAT2 / DLAT  
  -180.0 180.0   5.0                                        LON1 / LON2 / DLON  
    -1                                                      EXPONENT            
TEC/RMS values in 0.1 TECU; 9999, if no value available     COMMENT             
                                                            END OF HEADER       
[from data line 4719]
    12                                                      START OF TEC MAP    
  2024     1     6    11     0     0                        EPOCH OF CURRENT MAP
    87.5-180.0 180.0   5.0 450.0                            LAT/LON1/LON2/DLON/H
   54   55   55   56   56   57   57   58   58   58   59   59   60   60   60   60
   61   61   61   61   61   61   61   61   60   60   60   59   59   59   58   58
   57   56   56   55   54   53   53   52   51   51   50   49   49   48   48   48
   47   47   47   47   47   47   47   47   47   48   48   48   49   49   49   50
   50   51   51   52   52   53   53   54   54
    85.0-180.0 180.0   5.0 450.0                            LAT/LON1/LON2/DLON/H
   52   53   53   54   54   55   56   56   57   57   58   58   59   59   60   60
   60   61   61   61   61   62   62   62   62   61   61   61   60   60   59   58
   57   56   55   54   53   52   50   49   48   46   45   44   43   42   41   41
   41   41   41   41   41   41   42   43   43   44   45   45   46   46   47   48
   48   49   49   49   50   50   51   51   52
    82.5-180.0 180.0   5.0 450.0                            LAT/LON1/LON2/DLON/H
   50   50   50   50   51   51   51   52   52   52   52   52   53   53   53   53
   54   54   55   55   56   56   57   57   58   58   58   58   58   58   58   58
   57   57   56   55   53   52   50   49   47   45   44   42   41   40   39   39
   39   39   40   41   42   43   44   45   47   48   49   50   50   51   51   51
   51   51   51   51   50   50   50   50   50
    80.0-180.0 180.0   5.0 450.0                            LAT/LON1/LON2/DLON/H
   50   49   48   48   48   47   47   46   45   45   44   43   43   43   42   43
   43   44   44   45   46   47   48   49   50   51   52   53   54   55   56   57
   58   58   58   58   57   56   55   54   52   50   49   47   46   45   45   45
   46   47   48   50   51   53   55   57   59   60   61   62   62   62   62   61
   60   59   57   56   54   53   52   50   50
    77.5-180.0 180.0   5.0 450.0                            LAT/LON1/LON2/DLON/H
   52   50   49   48   47   46   44   43   41   39   36   35   33   32   31   31
   32   33   34   36   38   39   41   43   44   46   47   49   51   53   56   58
   60   63   64   66   67   67   67   66   65   64   62   61   60   60   60   60
   62   63   65   67   69   71   73   75   77   78   79   79   79   78   77   75
   73   70   67   64   61   58   56   54   52
    75.0-180.0 180.0   5.0 450.0                            LAT/LON1/LON2/DLON/H
   57   55   53   52   50   48   46   43   39   35   32   28   25   24   23   23
   24   26   28   31   34   37   39   41   43   44   46   48   50   53   57   61
   66   71   75   79   82   84   85   86   85   85   84   83   83   82   83   84
   85   86   88   90   91   93   94   95   95   96   95   95   94   92   90   87
   84   80   76   72   68   65   62   59   57
    72.5-180.0 180.0   5.0 450.0                            LAT/LON1/LON2/DLON/H
   62   60   59   58   57   54   51   47   42   36   31   26   22   20   19   20
   22   26   30   34   38   42   44   46   47   48   49   51   53   57   62   68
   74   82   89   95  101  105  108  110  111  112  111  111  111  111  111  111
  112  112  113  113  112  112  111  109  108  106  105  103  101   99   96   93
   89   85   81   77   73   69   66   64   62
    70.0-180.0 180.0   5.0 450.0                            LAT/LON1/LON2/DLON/H
   64   64   64   64   64   62   58   53   47   41   34   28   23   21   21   23
   27   32   38   44   50   54   56   58   58   57   57   57   59   62   68   75
   84   94  104  113  122  128  134  137  140  141  141  141  141  140  140  139
  138  136  134  131  128  124  119  114  109  105  102   98   95   93   90   87
   84   81   78   75   72   69   67   65   64
    67.5-180.0 180.0   5.0 450.0                            LAT/LON1/LON2/DLON/H
   63   64   66   68   68   67   64   59   53   45   38   31   27   25   26   30
   35   43   51   58   64   69   71   72   70   68   66   64   65   68   74   83
   94  106  119  131  141  150  158  163  167  169  170  170  169  168  166  163
  160  155  150  143  135  126  117  108   99   92   86   81   77   74   72   70
   69   67   66   64   63   62   62   62   63
    65.0-180.0 180.0   5.0 450.0                            LAT/LON1/LON2/DLON/H
   56   59   62   66   68   68   66   62   55   48   41   34   31   30   32   37
   45   53   62   71   77   82   84   83   80   76   72   70   70   73   80   90
  103  117  132  145  158  168  177  185  190  193  195  195  193  191  187  182
  176  168  159  148  135  122  108   94   81   71   62   55   51   48   46   45
   45   46   47   48   49   50   51   53   56
    62.5-180.0 180.0   5.0 450.0                            LAT/LON1/LON2/DLON/H
   45   49   53   58   61   63   62   59   53   47   40   35   33   33   37   43
   51   61   70   77   84   87   88   87   83   78   74   71   72   76   85   97
  111  127  142  157  170  181  192  200  207  212  215  215  212  208  202  195
  186  176  163  149  132  114   96   78   62   49   38   30   25   21   20   20
   21   23   26   29   32   35   38   41   45
    60.0-180.0 180.0   5.0 450.0                            LAT/LON1/LON2/DLON/H
   33   37   41   46   50   53   53   51   47   42   37   34   32   34   38   45
   53   62   70   76   81   83   83   82   78   74   70   69   72   78   89  103
  119  136  151  165  178  190  201  211  219  226  229  229  226  220  213  204
  193  181  166  150  131  110   89   68   50   35   23   14    7    4    2    2
    4    6   10   14   19   22   26   29   33
    57.5-180.0 180.0   5.0 450.0                            LAT/LON1/LON2/DLON/H
   24   27   30   34   38   40   41   40   38   35   32   30   30   32   37   44
   51   58   64   68   70   71   71   69   67   64   64   66   71   81   95  112
  129  145  159  172  183  194  205  217  227  235  239  240  236  230  221  211
  200  187  172  155  135  113   90   69   50   34   21   12    5    1    0    0
    0    1    5    9   13   17   20   22   24
    55.0-180.0 180.0   5.0 450.0                            LAT/LON1/LON2/DLON/H
   23   24   25   27   29   30   31   31   30   28   27   27   28   31   35   40
   46   51   54   56   56   56   55   54   53   54   57   63   73   88  105  123
  141  156  169  179  188  198  208  220  231  241  247  248  245  238  229  219
  208  197  183  166  147  125  103   82   63   47   35   26   20   14   10    8
    7    8   11   14   18   20   22   23   23
    52.5-180.0 180.0   5.0 450.0                            LAT/LON1/LON2/DLON/H
   30   28   27   27   27   27   27   26   26   26   26   27   29   31   34   38
   42   45   47   46   45   43   41   41   43   48   55   66   80   98  118  137
  155  169  179  187  193  201  211  223  235  246  253  255  253  246  238  229
  220  210  198  183  165  145  123  103   85   71   60   52   45   39   34   30
   27   26   27   29   31   32   32   32   30
    50.0-180.0 180.0   5.0 450.0                            LAT/LON1/LON2/DLON/H
   44   41   39   36   34   32   30   29   29   30   32   33   34   35   37   40
   43   45   45   43   40   37   36   37   42   50   61   76   93  113  134  153
  170  182  190  196  200  206  215  227  240  251  259  262  260  255  248  241
  233  225  215  202  185  166  146  127  110   97   87   80   73   67   61   55
   51   48   47   47   48   49   48   47   44
    47.5-180.0 180.0   5.0 450.0                            LAT/LON1/LON2/DLON/H
   61   58   56   52   49   45   42   40   40   41   43   44   44   44   44   46
   49   51   51   49   46   43   41   44   50   61   75   93  112  132  151  169
  183  194  201  205  210  215  223  234  246  258  265  269  267  263  258  253
  248  241  231  218  202  183  164  146  130  118  108  101   95   88   82   76
   70   66   63   63   63   63   64   63   61
    45.0-180.0 180.0   5.0 450.0                            LAT/LON1/LON2/DLON/H
   75   74   73   71   67   63   59   56   56   57   59   60   59   57   57   58
   61   64   65   64   60   57   56   59   68   80   97  115  133  151  167  181
  193  203  210  216  222  228  236  245  256  266  273  276  275  273  270  266
  261  255  245  231  214  194  175  157  141  128  119  111  104   98   91   85
   79   74   71   69   70   71   73   74   75
    42.5-180.0 180.0   5.0 450.0                            LAT/LON1/LON2/DLON/H
   81   84   86   86   84   80   76   73   73   75   77   78   76   73   72   72
   76   81   83   83   80   77   76   80   90  104  121  139  155  168  180  190
  199  209  219  229  237  245  253  261  270  277  283  285  285  284  282  280
  275  267  255  239  220  200  180  161  144  130  119  110  103   96   89   82
   77   72   68   66   67   69   73   77   81
    40.0-180.0 180.0   5.0 450.0                            LAT/LON1/LON2/DLON/H
   78   84   89   93   94   92   89   87   87   90   93   95   93   89   87   88
   92   98  101  102   99   96   96  101  112  128  145  161  174  182  188  194
  202  214  228  244  258  269  277  284  289  294  297  299  299  299  298  297
  291  281  266  248  227  206  185  165  147  131  117  107   97   89   82   75
   69   63   59   56   56   59   65   71   78
    37.5-180.0 180.0   5.0 450.0                            LAT/LON1/LON2/DLON/H
   66   74   82   89   93   95   94   93   95   99  104  107  106  103  101  102
  106  111  115  115  113  110  111  117  130  147  165  180  189  193  194  197
  205  220  241  263  283  298  307  312  316  318  319  320  320  321  321  319
  313  302  284  263  242  221  200  179  160  141  125  112  101   91   83   75
   67   60   53   48   46   47   52   58   66
    35.0-180.0 180.0   5.0 450.0                            LAT/LON1/LON2/DLON/H
   52   60   68   77   84   88   90   91   95  101  108  113  115  113  111  112
  115  119  122  121  118  116  118  126  141  160  179  194  201  203  201  203
  214  233  260  289  315  333  344  348  349  350  350  350  350  351  352  351
  345  332  314  293  272  253  234  213  193  172  154  139  126  114  103   92
   82   71   60   51   44   41   42   46   52
    32.5-180.0 180.0   5.0 450.0                            LAT/LON1/LON2/DLON/H
   43   47   53   61   69   75   79   82   88   96  106  113  117  118  117  117
  119  122  122  120  116  115  118  128  145  167  188  204  213  215  214  218
  232  256  289  323  353  374  385  389  390  390  389  389  390  391  394  394
  389  377  360  341  324  308  291  272  251  230  211  194  180  166  152  137
  122  106   90   74   60   50   44   42   43
    30.0-180.0 180.0   5.0 450.0                            LAT/LON1/LON2/DLON/H
   47   43   44   48   55   61   66   71   77   87   98  109  115  118  118  119
  119  119  117  113  109  109  114  127  147  171  195  215  227  232  236  244
  262  291  327  364  395  417  429  434  435  436  437  437  438  441  444  446
  443  434  421  407  395  384  371  355  334  313  293  276  261  245  228  209
  189  167  144  120   98   79   64   54   47
    27.5-180.0 180.0   5.0 450.0                            LAT/LON1/LON2/DLON/H
   66   54   46   45   48   52   56   61   67   77   89  101  110  114  116  116
  116  114  110  105  102  103  111  126  148  175  202  226  244  256  267  282
  305  336  372  408  439  461  473  479  483  486  488  490  492  495  500  504
  505  501  493  485  479  474  465  450  431  410  391  374  360  343  323  300
  274  246  216  185  155  127  103   83   66
    25.0-180.0 180.0   5.0 450.0                            LAT/LON1/LON2/DLON/H
  101   80   64   55   53   53   55   57   62   70   81   93  103  109  111  112
  111  108  104  100   99  102  112  130  153  182  212  241  266  287  307  329
  357  388  422  453  480  500  513  521  528  534  539  542  545  549  555  563
  568  568  566  564  564  564  558  544  525  505  487  472  457  441  419  392
  362  330  296  259  222  187  155  126  101
    22.5-180.0 180.0   5.0 450.0                            LAT/LON1/LON2/DLON/H
  147  119   96   80   71   66   64   62   63   68   77   87   96  102  104  105
  105  104  102  100  101  107  119  139  164  193  226  259  291  321  351  380
  410  440  468  494  516  534  547  558  567  576  584  589  592  596  604  614
  623  628  631  634  638  639  635  621  602  581  563  549  535  518  495  467
  435  401  365  327  287  248  212  178  147
    20.0-180.0 180.0   5.0 450.0                            LAT/LON1/LON2/DLON/H
  194  163  135  114   99   89   82   76   73   73   78   85   91   95   97   99
  100  102  103  104  108  117  132  153  179  209  243  279  317  355  392  428
  459  485  507  525  543  559  574  586  598  610  619  625  628  633  642  653
  664  672  678  683  688  689  684  669  648  626  607  591  577  559  536  507
  476  443  409  373  336  298  261  227  194
    17.5-180.0 180.0   5.0 450.0                            LAT/LON1/LON2/DLON/H
  233  203  175  151  133  118  106   96   88   84   84   86   88   90   91   92
   96  101  106  111  118  129  147  169  196  227  261  300  342  385  427  466
  497  518  533  546  560  576  592  607  620  632  642  648  652  657  666  678
  689  697  703  707  710  708  700  683  660  635  613  594  576  557  534  506
  476  447  419  389  358  326  294  263  233
    15.0-180.0 180.0   5.0 450.0                            LAT/LON1/LON2/DLON/H
  257  231  206  183  164  147  132  118  106   98   93   91   89   87   86   87
   93  101  110  118  127  141  160  185  214  245  280  319  362  407  451  490
  519  537  546  555  568  585  604  620  634  645  654  660  664  669  678  689
  698  704  706  707  705  699  687  668  643  615  587  562  539  517  492  466
  440  416  395  374  352  329  305  281  257
    12.5-180.0 180.0   5.0 450.0                            LAT/LON1/LON2/DLON/H
  263  244  224  205  187  170  153  137  122  111  104   98   93   88   84   84
   91  101  112  123  133  148  170  198  230  263  298  336  377  421  464  500
  526  540  547  555  570  591  612  629  641  651  658  664  668  673  680  689
  696  698  695  690  683  673  658  636  610  578  544  511  480  452  426  401
  379  360  347  336  324  310  296  280  263
    10.0-180.0 180.0   5.0 450.0                            LAT/LON1/LON2/DLON/H
  254  242  228  214  199  184  167  149  134  122  114  107   99   91   85   84
   90  101  113  123  134  151  175  208  243  279  315  351  388  427  466  498
  521  534  540  551  569  594  617  634  645  652  658  663  667  673  680  686
  689  686  678  668  656  642  625  604  577  543  502  460  420  387  358  334
  313  300  292  288  285  280  273  265  254
     7.5-180.0 180.0   5.0 450.0                            LAT/LON1/LON2/DLON/H
  237  229  220  211  200  187  171  154  140  129  121  115  107   98   90   87
   91  101  112  121  132  149  177  214  255  294  330  363  395  428  460  489
  509  521  530  544  568  596  621  638  647  652  657  662  668  674  681  685
  685  677  665  651  636  620  604  585  560  524  478  427  379  340  309  284
  265  253  249  249  251  251  249  244  237
     5.0-180.0 180.0   5.0 450.0                            LAT/LON1/LON2/DLON/H
  222  215  208  202  194  183  168  153  140  131  126  121  114  105   96   92
   94  101  109  117  127  147  179  221  266  308  343  373  400  426  452  476
  494  508  521  540  567  599  625  642  649  653  658  665  672  679  686  689
  686  676  662  646  630  616  602  587  565  530  481  424  370  326  293  268
  248  236  232  232  235  236  234  229  222
     2.5-180.0 180.0   5.0 450.0                            LAT/LON1/LON2/DLON/H
  217  207  199  193  187  176  162  147  136  129  126  124  119  112  103   97
   97  101  107  113  125  146  182  229  278  321  355  381  403  423  443  464
  482  498  515  538  568  601  628  644  651  656  663  671  681  689  696  698
  694  683  669  655  641  629  619  608  591  559  510  452  395  349  315  289
  269  255  247  245  245  243  237  228  217
