static/ion/2024-01-03.24i
     1.0            IONOSPHERE MAPS     GNSS                IONEX VERSION / TYPE
IONINX V5.5         AIUB                02-JAN-24 07:50     PGM / RUN BY / DATE 
CODE'S 2-DAY PREDICTED IONOSPHERE MAPS FOR DAY 003, 2024    COMMENT             
Global ionosphere maps (GIM) are generated on a daily basis DESCRIPTION         
at CODE using data from about 120 GNSS sites of the IGS and DESCRIPTION         
other institutions. The vertical total electron content     DESCRIPTION         
(VTEC) is modeled in a solar-geomagnetic reference frame    DESCRIPTION         
using a spherical harmonics expansion up to degree and      DESCRIPTION         
order 15. Piece-wise linear functions are used for          DESCRIPTION         
representation in the time domain. The time spacing of      DESCRIPTION         
their vertices is 1 hour, conforming with the epochs of the DESCRIPTION         
VTEC maps.                                                  DESCRIPTION         
To convert line-of-sight TEC into vertical TEC, a modified  DESCRIPTION         
single-layer model mapping function approximating the JPL   DESCRIPTION         
extended slab model mapping function is adopted. The        DESCRIPTION         
mapping function is evaluated at geodetic satellite         DESCRIPTION         
elevation angles. For the computation of the ionospheric    DESCRIPTION         
pierce points, a spherical layer with a radius of 6821 km   DESCRIPTION         
is assumed, implying geocentric, not geodetic IONEX         DESCRIPTION         
latitudes.                                                  DESCRIPTION         
Instrumental biases with respect to each involved GNSS code DESCRIPTION         
observable are estimated as constant values for each        DESCRIPTION         
day. They are modeled with one set of bias parameters for   DESCRIPTION         
each satellite and each station in case of GPS and for each DESCRIPTION         
satellite-station link in case of GLONASS. The code bias    DESCRIPTION         
datum is defined by zero-mean conditions imposed on the     DESCRIPTION         
satellite bias estimates. In this file, just GPS C1W-C2W    DESCRIPTION         
satellite and station bias values are included. The         DESCRIPTION         
complete set of GNSS code bias results is provided in an    DESCRIPTION         
additional Bias-SINEX file as pseudo-absolute values        DESCRIPTION         
specific to each observable.                                DESCRIPTION         
Contact address: code(at)aiub.unibe.ch                      DESCRIPTION         
Data archive:    ftp.aiub.unibe.ch/CODE/                    DESCRIPTION         
                 www.aiub.unibe.ch/download/CODE/           DESCRIPTION         
  2024     1     3     0     0     0                        EPOCH OF FIRST MAP  
  2024     1     4     0     0     0                        EPOCH OF LAST MAP   
  3600                                                      INTERVAL            
    25                                                      # OF MAPS IN FILE   
  NONE                                                      MAPPING FUNCTION    
    10.0                                                    ELEVATION CUTOFF    
One-way carrier phase leveled to code                       OBSERVABLES USED    
  6371.0                                                    BASE RADIUS         
     2                                                      MAP DIMENSION       
   450.0 450.0   0.0                                        HGT1 / HGT2 / DHGT  
    87.5 -87.5  -2.5                                        LAT1 / LAT2 / DLAT  
  -180.0 180.0   5.0                                        LON1 / LON2 / DLON  
    -1                                                      EXPONENT            
TEC/RMS values in 0.1 TECU; 9999, if no value available     COMMENT             
                                                            END OF HEADER       
[from data line 9009]
    22                                                      START OF TEC MAP    
  2024     1     3    21     0     0                        EPOCH OF CURRENT MAP
    87.5-180.0 180.0   5.0 450.0                            LAT/LON1/LON2/DLON/H
   84   85   86   87   88   89   90   91   92   92   93   93   93   93   93   93
   92   92   91   90   89   88   87   86   84   83   82   80   79   77   76   75
   74   73   72   71   70   70   69   69   68   68   68   68   68   68   69   69
   69   70   70   71   72   72   73   73   74   74   75   75   76   76   77   77
   78   79   79   80   81   82   82   83   84
    85.0-180.0 180.0   5.0 450.0                            LAT/LON1/LON2/DLON/H
   79   81   83   86   89   92   95   98  100  103  104  106  107  107  107  106
  105  103  101   99   97   94   91   89   86   83   80   78   75   73   70   68
   66   64   62   61   59   58   57   57   56   56   56   57   58   59   60   61
   63   64   66   67   69   70   71   72   72   73   73   73   73   73   72   72
   72   72   72   72   73   74   75   77   79
    82.5-180.0 180.0   5.0 450.0                            LAT/LON1/LON2/DLON/H
   64   67   72   77   82   88   94  100  105  110  114  117  119  119  119  117
  115  112  108  104  100   96   92   88   84   81   78   75   72   69   67   64
   62   60   58   55   54   52   50   50   49   49   49   50   52   54   56   59
   61   64   67   70   72   74   75   76   77   76   75   74   72   70   68   65
   63   61   59   58   58   58   59   61   64
    80.0-180.0 180.0   5.0 450.0                            LAT/LON1/LON2/DLON/H
   44   49   55   62   71   80   90   99  108  116  123  128  130  131  130  127
  123  117  111  105   99   93   88   84   80   77   75   73   71   70   68   66
   64   62   60   57   55   53   51   49   48   48   48   49   51   54   57   61
   65   69   74   77   80   83   85   85   85   84   81   78   74   70   65   60
   55   50   46   43   40   39   39   41   44
    77.5-180.0 180.0   5.0 450.0                            LAT/LON1/LON2/DLON/H
   28   33   40   49   60   72   86   99  112  124  133  140  143  144  141  136
  129  121  112  103   95   88   83   79   76   75   74   74   74   74   74   73
   72   71   68   66   63   60   57   55   53   52   52   53   56   59   63   67
   72   77   82   86   90   93   94   95   94   91   88   83   77   71   64   56
   49   43   36   31   27   25   24   25   28
    75.0-180.0 180.0   5.0 450.0                            LAT/LON1/LON2/DLON/H
   21   26   33   43   55   69   86  103  120  135  147  156  160  160  156  148
  137  125  113  102   92   84   79   75   74   74   75   77   79   80   82   82
   82   80   78   75   72   69   65   63   60   59   59   60   62   65   69   74
   79   84   89   93   96   99  100   99   98   95   91   85   79   71   64   56
   48   41   34   28   24   20   19   19   21
    72.5-180.0 180.0   5.0 450.0                            LAT/LON1/LON2/DLON/H
   30   33   39   48   60   75   93  113  133  151  167  178  183  182  176  165
  151  136  120  106   95   86   80   77   75   76   77   80   82   85   87   88
   88   86   84   81   78   74   71   68   66   65   65   66   68   70   74   78
   82   86   90   93   96   97   97   96   94   91   87   82   77   70   64   57
   51   45   39   35   32   29   28   28   30
    70.0-180.0 180.0   5.0 450.0                            LAT/LON1/LON2/DLON/H
   53   55   59   66   76   90  108  129  152  174  192  206  212  211  203  190
  173  154  136  119  106   96   88   84   81   80   81   82   83   85   86   86
   86   84   82   78   75   72   69   68   67   66   67   68   70   72   74   77
   79   82   84   85   86   86   85   83   81   79   76   73   70   66   62   58
   55   52   50   49   49   49   50   51   53
    67.5-180.0 180.0   5.0 450.0                            LAT/LON1/LON2/DLON/H
   86   88   91   95  102  114  131  152  176  200  221  237  246  246  237  222
  202  181  161  142  127  114  105   97   91   86   83   81   79   79   78   77
   76   73   70   66   63   61   60   60   60   62   64   65   67   68   69   70
   71   71   71   70   68   66   64   62   61   60   59   58   58   58   57   57
   57   58   61   64   69   74   79   83   86
    65.0-180.0 180.0   5.0 450.0                            LAT/LON1/LON2/DLON/H
  122  126  128  130  134  143  157  177  201  227  251  270  280  282  274  258
  238  216  193  173  156  140  127  114  103   93   84   77   72   69   67   65
   62   58   53   49   45   44   44   46   49   53   56   58   60   60   60   59
   58   56   53   50   46   43   39   37   36   37   39   41   44   47   50   53
   56   61   67   75   85   96  106  115  122
    62.5-180.0 180.0   5.0 450.0                            LAT/LON1/LON2/DLON/H
  152  159  163  165  167  173  185  203  226  252  278  298  311  315  309  295
  275  252  230  208  188  170  151  133  115   99   84   73   66   61   57   54
   49   44   38   32   28   26   27   31   36   42   47   50   51   51   49   47
   44   40   36   31   26   21   17   15   15   17   21   26   32   37   42   46
   51   57   66   78   92  109  125  140  152
    60.0-180.0 180.0   5.0 450.0                            LAT/LON1/LON2/DLON/H
  171  183  191  195  197  202  211  226  247  272  298  320  335  341  338  326
  308  287  265  242  220  197  174  150  127  105   87   73   64   59   55   51
   46   38   30   22   16   14   15   20   27   34   40   43   43   42   40   37
   33   29   23   17   11    6    1    0    0    4    9   16   23   30   35   39
   43   49   57   70   88  109  132  153  171
    57.5-180.0 180.0   5.0 450.0                            LAT/LON1/LON2/DLON/H
  177  196  209  217  222  227  235  248  266  288  311  332  348  357  357  349
  334  315  293  270  246  221  194  166  138  114   94   80   72   67   65   61
   54   44   33   23   15   11   13   18   25   32   38   40   40   38   35   32
   28   24   19   13    7    1    0    0    0    1    7   14   21   28   32   34
   36   39   45   57   75   99  126  153  177
    55.0-180.0 180.0   5.0 450.0                            LAT/LON1/LON2/DLON/H
  173  198  218  232  242  250  258  268  282  299  318  337  352  362  365  361
  349  333  312  289  264  237  209  180  151  126  107   95   89   86   84   80
   72   60   47   34   25   20   20   25   32   38   43   44   43   40   36   34
   31   28   24   19   14    9    5    4    5    9   15   21   27   32   34   33
   32   31   34   43   60   84  113  144  173
    52.5-180.0 180.0   5.0 450.0                            LAT/LON1/LON2/DLON/H
  164  195  221  242  258  271  281  290  300  311  324  337  350  360  365  364
  356  342  323  301  276  250  222  194  168  145  128  118  114  112  110  104
   94   80   65   51   41   35   35   39   45   50   53   54   51   47   44   42
   42   40   38   34   29   25   23   22   23   26   30   35   39   42   41   38
   34   29   29   36   50   72  101  132  164
    50.0-180.0 180.0   5.0 450.0                            LAT/LON1/LON2/DLON/H
  158  191  222  250  273  292  305  314  320  325  331  338  346  355  360  361
  356  344  328  307  284  260  236  211  189  169  154  145  140  137  132  123
  110   95   80   67   58   53   53   56   60   65   67   66   63   59   56   56
   57   57   56   53   50   46   45   45   46   48   50   52   54   55   53   48
   42   36   34   38   50   70   96  126  158
    47.5-180.0 180.0   5.0 450.0                            LAT/LON1/LON2/DLON/H
  159  191  225  258  288  312  330  340  344  344  342  342  346  351  356  358
  355  345  331  312  293  273  253  233  214  197  182  171  162  154  143  130
  114   99   86   77   71   68   68   71   75   79   80   78   75   71   69   70
   72   74   74   72   69   67   66   67   68   69   70   70   70   69   67   61
   55   49   47   51   62   80  102  129  159
    45.0-180.0 180.0   5.0 450.0                            LAT/LON1/LON2/DLON/H
  168  198  232  267  301  330  353  366  369  366  359  353  351  353  356  358
  356  348  336  321  305  290  275  259  242  224  206  188  173  157  140  122
  104   90   81   77   76   77   78   81   84   88   89   88   85   82   81   83
   86   88   88   85   83   81   82   84   86   87   86   85   83   82   79   75
   69   65   66   72   84  101  120  143  168
    42.5-180.0 180.0   5.0 450.0                            LAT/LON1/LON2/DLON/H
  185  210  241  276  311  344  370  387  393  389  379  370  364  362  363  363
  361  355  345  334  322  311  300  287  269  246  221  195  172  149  126  105
   86   75   72   74   78   82   84   86   89   93   95   94   91   89   88   91
   94   95   95   92   89   88   90   93   96   97   96   94   93   91   89   85
   82   81   85   96  111  128  145  164  185
    40.0-180.0 180.0   5.0 450.0                            LAT/LON1/LON2/DLON/H
  205  226  252  283  317  350  379  400  409  407  399  388  380  376  375  373
  370  365  358  351  343  335  326  311  289  260  226  192  162  135  111   89
   73   66   68   75   83   88   89   90   91   94   97   97   95   92   92   94
   96   97   96   92   89   88   91   95   99  101  100   99   98   97   95   92
   90   92  101  116  136  155  172  188  205
    37.5-180.0 180.0   5.0 450.0                            LAT/LON1/LON2/DLON/H
  225  241  262  287  317  348  378  402  416  418  413  405  397  392  388  385
  381  377  373  368  363  357  346  328  301  264  223  185  154  129  108   91
   80   77   82   92  100  103  100   97   96   97   99   99   97   94   94   95
   96   96   93   89   85   85   87   92   96   99  100  100  100   99   98   95
   94   99  111  131  155  178  196  211  225
    35.0-180.0 180.0   5.0 450.0                            LAT/LON1/LON2/DLON/H
  242  256  272  290  313  339  368  394  412  420  420  416  411  405  400  394
  389  386  384  382  379  371  358  336  303  261  218  182  157  142  132  124
  119  119  125  132  135  131  121  112  106  105  105  104  101   98   96   96
   96   94   91   86   83   82   83   87   92   95   98   99  100  101   99   97
   96  101  116  139  167  193  214  229  242
    32.5-180.0 180.0   5.0 450.0                            LAT/LON1/LON2/DLON/H
  258  270  282  294  309  330  355  381  403  416  421  421  419  415  408  400
  393  390  390  389  385  376  360  335  299  258  219  192  182  183  189  193
  194  195  196  195  188  173  154  137  126  121  119  116  111  106  103  101
  100   97   93   89   85   83   83   85   89   92   96   99  101  102  101   99
   97  103  118  143  173  202  226  244  258
    30.0-180.0 180.0   5.0 450.0                            LAT/LON1/LON2/DLON/H
  273  286  296  303  312  326  347  372  394  410  420  424  425  422  413  402
  393  389  389  388  383  372  354  328  296  261  234  224  233  254  277  292
  298  295  287  273  253  225  196  172  155  146  140  134  127  121  116  113
  110  106  103   99   95   92   89   88   89   92   96  100  104  106  105  103
  102  108  123  149  180  210  236  257  273
    27.5-180.0 180.0   5.0 450.0                            LAT/LON1/LON2/DLON/H
  293  308  317  322  326  336  353  375  397  413  425  432  434  430  418  403
  391  385  383  381  375  362  345  324  300  279  269  278  307  347  383  405
  410  401  381  352  317  277  239  209  189  177  168  159  150  142  136  132
  128  123  119  116  112  107  102   97   95   96   99  104  108  111  111  110
  111  118  135  160  191  222  250  273  293
    25.0-180.0 180.0   5.0 450.0                            LAT/LON1/LON2/DLON/H
  318  336  347  353  356  364  379  398  418  433  444  451  453  447  432  412
  394  384  379  374  365  353  340  328  319  316  325  351  395  445  486  508
  508  489  456  414  366  318  275  243  222  208  197  186  176  167  160  155
  150  146  141  138  133  127  118  109  104  102  105  109  113  117  119  121
  125  135  153  179  210  241  270  296  318
    22.5-180.0 180.0   5.0 450.0                            LAT/LON1/LON2/DLON/H
  351  372  387  396  402  412  426  445  462  475  483  488  488  479  459  433
  409  393  383  374  363  352  346  348  356  371  396  433  481  529  563  577
  567  539  495  443  389  338  296  267  248  234  223  212  201  192  185  180
  175  169  164  160  155  146  135  123  115  111  112  114  118  122  126  132
  141  156  178  205  236  267  297  325  351
    20.0-180.0 180.0   5.0 450.0                            LAT/LON1/LON2/DLON/H
  388  413  433  447  460  475  492  511  527  538  544  546  543  530  505  473
  443  419  402  387  373  366  369  385  410  440  474  511  550  582  598  596
  575  539  491  436  382  335  300  277  263  252  242  231  221  213  207  201
  196  190  184  179  172  162  150  136  126  121  119  120  122  125  131  141
  156  177  204  234  266  298  329  360  388
    17.5-180.0 180.0   5.0 450.0                            LAT/LON1/LON2/DLON/H
  427  455  479  501  523  545  568  589  605  615  620  621  616  600  571  533
  496  464  439  417  401  396  408  437  474  513  547  573  591  595  585  564
  533  493  447  397  350  313  289  275  267  260  251  242  233  226  220  215
  210  204  197  191  183  173  160  147  136  130  126  125  125  127  134  147
  168  196  228  261  295  329  363  396  427
    15.0-180.0 180.0   5.0 450.0                            LAT/LON1/LON2/DLON/H
  461  492  522  551  581  612  640  665  684  695  701  703  697  680  649  608
  566  527  493  465  445  442  460  497  540  579  604  611  599  571  532  492
  455  418  380  341  307  284  272  268  265  260  253  245  237  230  225  220
  216  210  203  196  187  178  166  155  145  138  133  129  126  127  133  149
  174  208  245  283  319  356  392  428  461
    12.5-180.0 180.0   5.0 450.0                            LAT/LON1/LON2/DLON/H
  488  521  555  591  628  665  699  728  749  764  774  779  776  761  731  690
  644  600  560  525  502  498  519  557  599  630  641  624  582  521  458  405
  367  341  316  292  271  261  260  263  263  259  251  243  234  227  222  218
  215  210  204  196  188  179  170  161  152  146  139  133  128  126  131  148
  176  213  255  296  335  375  414  452  488
    10.0-180.0 180.0   5.0 450.0                            LAT/LON1/LON2/DLON/H
  504  540  576  616  659  700  736  766  790  809  824  834  837  827  802  765
  721  675  630  590  563  557  575  608  642  661  654  617  550  467  388  330
  300  286  277  267  259  258  264  269  268  260  250  240  231  222  216  212
  211  208  203  195  187  180  173  166  160  153  145  137  129  126  130  146
  176  215  259  301  343  384  426  467  504
     7.5-180.0 180.0   5.0 450.0                            LAT/LON1/LON2/DLON/H
  511  547  586  627  671  713  748  777  801  823  843  860  870  868  851  822
  784  741  695  652  621  611  622  645  666  672  651  599  519  427  345  293
  274  275  279  278  278  282  289  291  284  271  256  243  231  220  212  209
  209  209  205  199  191  184  179  174  168  160  151  141  133  128  131  147
  177  216  260  303  344  386  430  472  511
     5.0-180.0 180.0   5.0 450.0                            LAT/LON1/LON2/DLON/H
  510  547  585  627  669  708  739  763  786  808  831  853  870  877  871  854
  825  788  745  703  670  654  656  667  674  667  638  583  504  416  343  303
  298  311  323  326  327  330  333  328  313  292  271  254  239  225  215  212
  214  216  214  208  201  194  189  184  177  168  157  147  138  133  136  152
  181  220  263  304  343  384  427  470  510
     2.5-180.0 180.0   5.0 450.0                            LAT/LON1/LON2/DLON/H
  503  541  579  619  659  692  717  735  753  772  795  819  841  856  861  856
  840  813  777  738  705  685  678  675  670  654  625  577  511  440  384  359
  366  385  397  398  394  391  387  374  350  321  296  276  258  242  230  226
  228  231  230  224  216  209  202  195  186  175  163  153  145  142  146  163
  191  229  269  306  342  380  421  463  503
