static/ion/2024-01-06.24i
     1.0            IONOSPHERE MAPS     GNSS                IONEX VERSION / TYPE
IONINX V5.5         AIUB                05-JAN-24 07:48     PGM / RUN BY / DATE 
CODE'S 2-DAY PREDICTED IONOSPHERE MAPS FOR DAY 006, 2024    COMMENT             
Global ionosphere maps (GIM) are generated on a daily basis DESCRIPTION         
at CODE using data from about 120 GNSS sites of the IGS and DESCRIPTION         
other institutions. The vertical total electron content     DESCRIPTION         
(VTEC) is modeled in a solar-geomagnetic reference frame    DESCRIPTION         
using a spherical harmonics expansion up to degree and      DESCRIPTION         
order 15. Piece-wise linear functions are used for          DESCRIPTION         
representation in the time domain. The time spacing of      DESCRIPTION         
their vertices is 1 hour, conforming with the epochs of the DESCRIPTION         
VTEC maps.                                                  DESCRIPTION         
To convert line-of-sight TEC into vertical TEC, a modified  DESCRIPTION         
single-layer model mapping function approximating the JPL   DESCRIPTION         
extended slab model mapping function is adopted. The        DESCRIPTION         
mapping function is evaluated at geodetic satellite         DESCRIPTION         
elevation angles. For the computation of the ionospheric    DESCRIPTION         
pierce points, a spherical layer with a radius of 6821 km   DESCRIPTION         
is assumed, implying geocentric, not geodetic IONEX         DESCRIPTION         
latitudes.                                                  DESCRIPTION         
Instrumental biases with respect to each involved GNSS code DESCRIPTION         
observable are estimated as constant values for each        DESCRIPTION         
day. They are modeled with one set of bias parameters for   DESCRIPTION         
each satellite and each station in case of GPS and for each DESCRIPTION         
satellite-station link in case of GLONASS. The code bias    DESCRIPTION         
datum is defined by zero-mean conditions imposed on the     DESCRIPTION         
satellite bias estimates. In this file, just GPS C1W-C2W    DESCRIPTION         
satellite and station bias values are included. The         DESCRIPTION         
complete set of GNSS code bias results is provided in an    DESCRIPTION         
additional Bias-SINEX file as pseudo-absolute values        DESCRIPTION         
specific to each observable.                                DESCRIPTION         
Contact address: code(at)aiub.unibe.ch                      DESCRIPTION         
Data archive:    ftp.aiub.unibe.ch/CODE/                    DESCRIPTION         
                 www.aiub.unibe.ch/download/CODE/           DESCRIPTION         
  2024     1     6     0     0     0                        EPOCH OF FIRST MAP  
  2024     1     7     0     0     0                        EPOCH OF LAST MAP   
  3600                                                      INTERVAL            
    25                                                      # OF MAPS IN FILE   
  NONE                                                      MAPPING FUNCTION    
    10.0                                                    ELEVATION CUTOFF    
One-way carrier phase leveled to code                       OBSERVABLES USED    
  6371.0                                                    BASE RADIUS         
     2                                                      MAP DIMENSION       
   450.0 450.0   0.0                                        HGT1 / HGT2 / DHGT  
    87.5 -87.5  -2.5                                        LAT1 / LAT2 / DLAT  
  -180.0 180.0   5.0                                        LON1 / LON2 / DLON  
    -1                                                      EXPONENT            
TEC/RMS values in 0.1 TECU; 9999, if no value available     COMMENT             
                                                            END OF HEADER       
[from data line 9009]
    22                                                      START OF TEC MAP    
  2024     1     6    21     0     0                        EPOCH OF CURRENT MAP
    87.5-180.0 180.0   5.0 450.0                            LAT/LON1/LON2/DLON/H
   89   89   90   91   92   93   94   95   96   97   98   98   98   99   99   99
   98   98   98   97   96   95   95   94   93   92   91   90   89   88   87   86
   85   84   84   83   82   82   81   81   81   80   80   80   80   80   80   80
   81   81   81   81   81   82   82   82   82   82   82   83   83   83   83   83
   84   84   84   85   85   86   87   88   89
    85.0-180.0 180.0   5.0 450.0                            LAT/LON1/LON2/DLON/H
   78   80   83   85   88   91   94   97  100  102  104  106  107  107  108  107
  107  105  104  102  101   99   96   94   92   90   88   86   84   82   81   79
   78   76   75   74   73   72   71   71   70   70   70   71   71   72   73   73
   74   75   76   76   77   77   78   78   77   77   76   76   75   74   73   73
   72   72   71   72   72   73   74   76   78
    82.5-180.0 180.0   5.0 450.0                            LAT/LON1/LON2/DLON/H
   58   62   67   72   77   83   89   95  100  105  109  112  114  115  115  114
  112  109  106  103  100   97   93   90   87   85   83   80   79   77   75   73
   72   70   68   67   66   64   63   63   62   62   63   63   64   66   67   69
   71   73   74   76   77   77   77   77   76   74   72   70   67   64   62   59
   56   54   53   52   51   52   53   55   58
    80.0-180.0 180.0   5.0 450.0                            LAT/LON1/LON2/DLON/H
   36   41   47   54   63   72   81   90   99  106  113  117  120  121  120  118
  114  109  104   99   94   90   86   82   80   78   76   75   74   73   72   71
   70   69   67   65   63   62   60   59   58   58   58   59   61   63   65   68
   70   73   76   78   79   80   79   78   76   73   70   65   61   56   50   45
   41   37   33   30   29   29   30   32   36
    77.5-180.0 180.0   5.0 450.0                            LAT/LON1/LON2/DLON/H
   18   23   31   40   50   62   75   87   99  110  118  124  127  128  125  121
  114  107   99   92   86   80   76   73   71   71   71   71   72   73   73   73
   72   71   70   68   66   63   61   59   58   57   57   58   59   62   64   68
   71   74   77   80   81   82   81   80   77   73   68   62   55   49   42   35
   29   23   18   15   12   11   12   14   18
    75.0-180.0 180.0   5.0 450.0                            LAT/LON1/LON2/DLON/H
   11   17   24   34   45   59   73   89  104  117  127  135  138  138  133  126
  116  106   95   86   78   71   67   65   65   65   67   69   71   73   74   75
   75   74   73   71   68   66   63   61   59   58   58   58   59   61   64   67
   71   74   77   80   81   81   80   78   74   69   64   57   50   43   36   30
   23   18   13   10    7    6    6    8   11
    72.5-180.0 180.0   5.0 450.0                            LAT/LON1/LON2/DLON/H
   21   26   32   40   51   65   80   97  114  130  142  151  155  153  147  136
  123  109   96   84   75   68   64   62   62   64   66   68   70   72   73   74
   74   73   71   69   67   64   62   60   58   57   57   57   58   59   62   64
   67   70   72   74   75   74   73   70   66   62   57   51   46   40   34   29
   25   21   19   17   16   16   17   18   21
    70.0-180.0 180.0   5.0 450.0                            LAT/LON1/LON2/DLON/H
   46   49   54   60   68   80   95  113  131  148  163  173  177  175  167  154
  138  122  106   92   81   74   69   67   66   65   66   66   67   67   67   66
   65   63   61   59   57   56   54   54   53   53   53   53   54   54   56   57
   59   60   61   62   62   61   59   56   53   50   47   43   40   37   35   33
   32   31   32   33   36   38   41   44   46
    67.5-180.0 180.0   5.0 450.0                            LAT/LON1/LON2/DLON/H
   81   83   86   89   95  104  117  133  152  171  188  199  205  203  194  180
  162  143  126  111   99   90   84   79   74   70   67   63   60   57   54   52
   49   46   44   41   40   40   40   41   43   44   45   46   46   46   46   46
   46   46   46   45   44   42   40   38   37   35   34   34   34   35   36   37
   40   43   48   53   60   66   72   77   81
    65.0-180.0 180.0   5.0 450.0                            LAT/LON1/LON2/DLON/H
  116  120  121  123  125  131  142  157  175  195  213  227  234  234  226  212
  194  174  156  140  127  116  106   97   87   78   68   60   52   46   40   35
   30   26   22   20   19   20   22   26   29   33   35   36   36   35   33   32
   30   29   27   26   24   22   21   20   20   21   23   25   29   32   36   40
   45   52   60   69   80   91  102  110  116
    62.5-180.0 180.0   5.0 450.0                            LAT/LON1/LON2/DLON/H
  145  151  153  154  155  159  167  179  197  217  236  252  262  265  259  247
  230  211  193  176  160  147  133  118  103   87   71   57   46   36   29   22
   16    9    4    1    0    1    5   11   17   22   25   26   25   23   20   18
   15   13   10    9    7    5    5    5    7   10   14   19   25   30   35   40
   46   53   63   75   90  106  121  135  145
    60.0-180.0 180.0   5.0 450.0                            LAT/LON1/LON2/DLON/H
  161  171  177  179  181  183  189  200  215  234  254  272  285  291  290  281
  266  249  231  213  196  179  160  140  119   97   76   59   45   35   26   19
   11    3    0    0    0    0    0    1    9   15   18   19   18   15   11    7
    4    1    0    0    0    0    0    0    1    6   11   17   23   28   33   37
   41   48   57   70   87  107  127  145  161
    57.5-180.0 180.0   5.0 450.0                            LAT/LON1/LON2/DLON/H
  163  179  190  196  200  204  209  218  231  248  267  285  301  310  313  309
  298  283  266  247  228  207  185  160  134  108   85   67   53   44   36   29
   21   11    2    0    0    0    0    1    8   14   18   18   15   11    7    3
    0    0    0    0    0    0    0    1    5   10   15   20   25   28   31   32
   33   37   44   56   74   96  119  143  163
    55.0-180.0 180.0   5.0 450.0                            LAT/LON1/LON2/DLON/H
  156  177  194  206  215  221  228  236  247  260  276  293  309  321  328  329
  322  310  293  273  252  229  204  177  148  122   99   82   70   63   57   51
   41   30   18    9    3    1    4   10   16   21   24   23   19   14   10    6
    4    4    4    5    7    8   11   14   18   21   25   28   30   31   29   27
   25   25   30   40   57   79  105  131  156
    52.5-180.0 180.0   5.0 450.0                            LAT/LON1/LON2/DLON/H
  146  171  193  212  227  239  248  256  264  273  284  297  312  325  336  340
  337  327  311  291  269  244  218  191  163  138  117  102   93   88   84   77
   66   54   40   29   22   19   21   25   30   34   35   33   29   24   20   17
   17   18   20   22   25   28   31   34   37   39   39   39   38   35   30   25
   20   17   20   28   44   66   92  119  146
    50.0-180.0 180.0   5.0 450.0                            LAT/LON1/LON2/DLON/H
  141  168  194  218  240  257  271  280  285  290  294  302  313  326  337  344
  344  336  321  301  278  254  230  204  179  156  137  124  116  112  107   98
   86   72   58   47   41   38   39   43   47   49   50   47   43   39   35   34
   35   37   41   44   48   51   55   57   58   58   56   52   47   41   34   27
   20   17   19   27   42   63   87  114  141
    47.5-180.0 180.0   5.0 450.0                            LAT/LON1/LON2/DLON/H
  144  170  198  226  254  278  296  307  311  311  310  311  316  326  336  344
  346  339  325  306  284  263  241  219  196  175  156  143  134  127  119  108
   94   79   66   58   54   53   55   58   62   64   64   62   58   55   53   53
   55   58   62   66   70   74   76   78   78   76   70   64   56   48   40   32
   26   24   28   38   53   73   96  119  144
    45.0-180.0 180.0   5.0 450.0                            LAT/LON1/LON2/DLON/H
  157  180  207  237  268  297  320  335  340  337  330  324  324  328  336  343
  345  339  327  310  291  272  254  234  214  192  172  156  142  130  117  102
   86   72   63   59   59   62   66   69   73   75   75   74   72   70   69   70
   73   77   81   84   87   90   93   94   93   89   82   73   64   55   47   41
   37   38   45   58   76   96  116  136  157
    42.5-180.0 180.0   5.0 450.0                            LAT/LON1/LON2/DLON/H
  178  197  221  249  281  313  340  358  365  362  352  342  335  335  339  343
  345  340  329  315  300  284  269  251  230  207  182  160  140  123  105   87
   70   58   53   55   61   67   73   77   80   82   84   83   82   81   82   83
   86   89   92   95   97   99  101  102  101   97   89   80   71   62   55   51
   50   54   65   82  104  125  145  161  178
    40.0-180.0 180.0   5.0 450.0                            LAT/LON1/LON2/DLON/H
  201  216  235  260  290  322  351  372  383  382  373  360  350  344  344  346
  346  342  334  324  312  299  286  268  244  216  186  157  133  111   91   72
   57   49   49   56   67   75   81   85   87   88   89   90   89   89   89   91
   93   95   97   98   99  100  101  102  102   98   92   84   76   68   63   60
   61   68   83  105  131  154  174  189  201
    37.5-180.0 180.0   5.0 450.0                            LAT/LON1/LON2/DLON/H
  223  234  249  268  293  322  350  374  389  393  387  375  364  355  351  350
  349  346  341  334  326  315  301  281  254  221  186  154  129  108   90   74
   62   58   63   74   85   93   97   97   96   96   96   95   93   93   93   94
   95   96   96   96   95   95   96   97   97   96   92   86   79   73   69   67
   69   78   97  122  151  178  198  213  223
    35.0-180.0 180.0   5.0 450.0                            LAT/LON1/LON2/DLON/H
  241  250  260  273  292  315  341  365  384  393  392  384  374  365  358  354
  352  350  348  345  338  328  313  290  259  223  188  158  137  124  113  104
   98   98  105  115  123  126  123  118  113  108  104  101   98   95   95   94
   94   94   92   91   90   88   88   89   90   90   89   85   81   77   74   72
   74   84  104  132  163  192  215  231  241
    32.5-180.0 180.0   5.0 450.0                            LAT/LON1/LON2/DLON/H
  256  264  271  279  290  305  326  350  370  384  389  387  381  373  364  358
  354  354  354  353  348  337  319  294  262  228  197  176  167  166  168  169
  169  171  176  180  180  173  162  149  137  127  118  110  104   99   97   95
   94   92   90   88   85   83   81   81   83   84   85   84   82   80   77   75
   77   87  107  136  169  200  225  244  256
    30.0-180.0 180.0   5.0 450.0                            LAT/LON1/LON2/DLON/H
  270  280  286  289  293  302  317  337  357  374  384  388  386  380  371  362
  357  356  357  357  351  340  321  297  268  240  220  213  221  236  251  262
  267  268  266  260  248  229  207  185  166  150  136  124  114  107  103  100
   97   94   91   88   85   81   78   76   77   79   81   82   83   81   80   78
   81   91  111  140  173  205  233  254  270
    27.5-180.0 180.0   5.0 450.0                            LAT/LON1/LON2/DLON/H
  287  300  307  308  308  311  320  336  354  371  384  392  394  390  380  369
  361  358  358  357  351  339  322  301  281  265  260  270  294  324  351  368
  373  370  358  340  314  282  250  220  196  176  158  141  128  119  114  110
  106  101   98   94   90   84   79   75   74   76   78   81   82   82   82   83
   87   99  119  148  181  214  243  268  287
    25.0-180.0 180.0   5.0 450.0                            LAT/LON1/LON2/DLON/H
  311  328  337  339  338  339  345  356  371  385  398  407  411  408  397  383
  371  364  361  357  350  338  325  313  305  304  316  341  377  416  447  464
  466  454  432  400  361  320  280  247  221  199  179  160  145  136  130  125
  120  114  109  104   98   91   84   77   75   75   77   79   82   83   85   89
   97  112  135  164  197  229  260  287  311
    22.5-180.0 180.0   5.0 450.0                            LAT/LON1/LON2/DLON/H
  342  363  376  381  383  386  391  400  411  421  431  439  443  439  426  408
  390  377  369  361  352  343  336  336  343  358  383  417  457  494  520  530
  523  501  468  426  379  332  291  260  236  215  196  178  164  154  149  144
  137  130  123  116  109  101   91   82   78   76   77   79   82   84   89   96
  110  130  157  188  221  253  285  315  342
    20.0-180.0 180.0   5.0 450.0                            LAT/LON1/LON2/DLON/H
  378  402  419  431  439  447  457  466  473  479  484  490  492  486  470  446
  422  402  386  373  362  357  359  372  394  422  454  489  521  544  555  550
  531  500  460  412  363  317  281  256  238  223  208  193  180  173  168  163
  155  146  137  128  120  110   99   89   83   80   80   81   83   87   93  105
  124  151  183  217  251  283  316  348  378
    17.5-180.0 180.0   5.0 450.0                            LAT/LON1/LON2/DLON/H
  414  441  463  481  498  515  531  543  549  552  554  556  556  547  527  498
  467  439  416  397  385  383  395  420  453  489  521  545  559  559  547  524
  493  455  412  365  319  281  255  239  231  223  213  203  194  188  184  179
  170  159  148  138  128  117  106   96   90   86   85   85   87   91   99  114
  139  172  209  246  281  314  348  382  414
    15.0-180.0 180.0   5.0 450.0                            LAT/LON1/LON2/DLON/H
  446  475  501  526  552  578  602  619  627  629  629  629  627  616  593  560
  524  489  458  433  419  421  440  474  514  550  574  581  569  541  503  462
  423  383  343  302  265  238  223  219  219  219  215  209  203  199  195  190
  181  169  157  145  134  123  113  104   98   95   93   93   93   96  105  122
  151  189  230  270  307  341  377  412  446
    12.5-180.0 180.0   5.0 450.0                            LAT/LON1/LON2/DLON/H
  470  500  528  558  592  627  658  680  692  696  697  698  695  684  660  625
  585  545  508  479  463  467  491  529  570  600  611  596  557  502  442  388
  345  309  276  245  219  204  201  206  212  216  216  213  208  205  202  196
  187  176  163  151  140  129  120  113  109  106  104  103  102  104  112  130
  160  201  245  287  325  361  398  435  470
    10.0-180.0 180.0   5.0 450.0                            LAT/LON1/LON2/DLON/H
  484  515  544  577  615  655  691  717  733  740  745  750  750  740  717  684
  643  602  562  530  512  516  540  577  613  633  629  594  534  459  385  327
  287  259  236  215  200  195  199  208  216  221  220  217  213  209  205  199
  191  181  169  157  146  136  129  124  121  119  116  114  113  113  119  136
  167  208  253  296  334  372  410  449  484
     7.5-180.0 180.0   5.0 450.0                            LAT/LON1/LON2/DLON/H
  490  520  549  583  622  663  699  726  744  756  767  776  781  776  758  728
  692  652  612  579  560  561  582  613  640  649  632  584  512  428  353  299
  268  251  238  226  217  217  224  231  236  236  232  226  220  214  208  202
  195  187  177  166  156  147  141  137  135  132  130  126  124  122  127  142
  172  212  257  299  337  375  415  454  490
     5.0-180.0 180.0   5.0 450.0                            LAT/LON1/LON2/DLON/H
  489  519  548  580  617  654  687  712  729  744  760  776  787  788  776  754
  724  690  654  621  601  599  614  636  652  651  626  575  502  423  355  313
  295  290  284  276  270  269  273  274  270  262  252  241  232  223  215  209
  203  197  189  180  171  163  157  153  150  146  142  138  134  131  135  149
  177  216  259  299  336  374  414  454  489
     2.5-180.0 180.0   5.0 450.0                            LAT/LON1/LON2/DLON/H
  486  516  543  574  606  638  664  683  698  713  732  753  770  778  774  760
  739  713  682  653  633  627  635  646  653  645  619  572  510  444  393  367
  361  364  362  354  345  340  337  329  315  297  279  263  250  238  228  222
  217  212  206  198  190  182  175  170  165  159  153  147  142  139  142  156
  184  221  262  300  336  372  411  451  486
