static/ion/2024-01-05.24i
     1.0            IONOSPHERE MAPS     GNSS                IONEX VERSION / TYPE
IONINX V5.5         AIUB                04-JAN-24 07:40     PGM / RUN BY / DATE 
CODE'S 2-DAY PREDICTED IONOSPHERE MAPS FOR DAY 005, 2024    COMMENT             
Global ionosphere maps (GIM) are generated on a daily basis DESCRIPTION         
at CODE using data from about 120 GNSS sites of the IGS and DESCRIPTION         
other institutions. The vertical total electron content     DESCRIPTION         
(VTEC) is modeled in a solar-geomagnetic reference frame    DESCRIPTION         
using a spherical harmonics expansion up to degree and      DESCRIPTION         
order 15. Piece-wise linear functions are used for          DESCRIPTION         
representation in the time domain. The time spacing of      DESCRIPTION         
their vertices is 1 hour, conforming with the epochs of the DESCRIPTION         
VTEC maps.                                                  DESCRIPTION         
To convert line-of-sight TEC into vertical TEC, a modified  DESCRIPTION         
single-layer model mapping function approximating the JPL   DESCRIPTION         
extended slab model mapping function is adopted. The        DESCRIPTION         
mapping function is evaluated at geodetic satellite         DESCRIPTION         
elevation angles. For the computation of the ionospheric    DESCRIPTION         
pierce points, a spherical layer with a radius of 6821 km   DESCRIPTION         
is assumed, implying geocentric, not geodetic IONEX         DESCRIPTION         
latitudes.                                                  DESCRIPTION         
Instrumental biases with respect to each involved GNSS code DESCRIPTION         
observable are estimated as constant values for each        DESCRIPTION         
day. They are modeled with one set of bias parameters for   DESCRIPTION         
each satellite and each station in case of GPS and for each DESCRIPTION         
satellite-station link in case of GLONASS. The code bias    DESCRIPTION         
datum is defined by zero-mean conditions imposed on the     DESCRIPTION         
satellite bias estimates. In this file, just GPS C1W-C2W    DESCRIPTION         
satellite and station bias values are included. The         DESCRIPTION         
complete set of GNSS code bias results is provided in an    DESCRIPTION         
additional Bias-SINEX file as pseudo-absolute values        DESCRIPTION         
specific to each observable.                                DESCRIPTION         
Contact address: code(at)aiub.unibe.ch                      DESCRIPTION         
Data archive:    ftp.aiub.unibe.ch/CODE/                    DESCRIPTION         
                 www.aiub.unibe.ch/download/CODE/           DESCRIPTION         
  2024     1     5     0     0     0                        EPOCH OF FIRST MAP  
  2024     1     6     0     0     0                        EPOCH OF LAST MAP   
  3600                                                      INTERVAL            
    25                                                      # OF MAPS IN FILE   
  NONE                                                      MAPPING FUNCTION    
    10.0                                                    ELEVATION CUTOFF    
One-way carrier phase leveled to code                       OBSERVABLES USED    
  6371.0                                                    BASE RADIUS         
     2                                                      MAP DIMENSION       
   450.0 450.0   0.0                                        HGT1 / HGT2 / DHGT  
    87.5 -87.5  -2.5                                        LAT1 / LAT2 / DLAT  
  -180.0 180.0   5.0                                        LON1 / LON2 / DLON  
    -1                                                      EXPONENT            
TEC/RMS values in 0.1 TECU; 9999, if no value available     COMMENT             
                                                            END OF HEADER       
[from data line 7293]
    18                                                      START OF TEC MAP    
  2024     1     5    17     0     0                        EPOCH OF CURRENT MAP
    87.5-180.0 180.0   5.0 450.0                            LAT/LON1/LON2/DLON/H
  109  110  112  113  115  117  118  120  121  122  124  125  126  127  128  128
  129  129  130  130  130  130  130  129  129  128  128  127  126  125  124  123
  122  121  120  118  117  116  114  113  112  110  109  108  106  105  104  103
  102  101  100   99   98   98   97   97   96   96   96   96   96   97   97   98
   99  100  101  102  103  104  106  107  109
    85.0-180.0 180.0   5.0 450.0                            LAT/LON1/LON2/DLON/H
   96   99  102  105  108  111  114  117  120  122  125  127  129  131  132  133
  134  135  135  135  135  135  134  134  133  132  130  129  128  126  125  123
  121  119  117  115  113  111  108  106  104  102   99   97   95   93   91   89
   87   85   83   82   81   79   78   77   77   76   76   76   76   76   76   77
   78   80   81   83   85   87   90   93   96
    82.5-180.0 180.0   5.0 450.0                            LAT/LON1/LON2/DLON/H
   79   83   87   91   95   99  104  108  112  115  119  122  124  127  129  130
  131  132  133  133  132  132  131  130  129  128  126  125  123  121  119  117
  115  113  110  108  106  103  100   98   95   92   90   87   84   82   80   78
   76   74   72   70   69   67   66   64   63   62   61   60   60   59   59   60
   60   61   63   65   67   70   73   76   79
    80.0-180.0 180.0   5.0 450.0                            LAT/LON1/LON2/DLON/H
   64   68   72   76   80   84   89   93   98  103  107  111  114  117  120  122
  124  125  126  126  126  126  125  124  123  122  120  118  116  114  111  109
  107  104  102  100   97   95   92   89   87   84   82   79   77   75   74   72
   71   69   68   67   66   65   63   62   60   58   56   55   53   52   51   50
   50   50   51   52   54   56   58   61   64
    77.5-180.0 180.0   5.0 450.0                            LAT/LON1/LON2/DLON/H
   55   57   59   62   65   69   73   77   82   87   92   97  101  105  109  112
  115  118  120  122  123  124  124  123  122  120  117  114  111  108  105  102
   99   96   93   91   89   86   84   82   80   78   76   74   73   72   72   72
   72   72   72   72   72   72   71   69   68   65   63   60   57   55   52   51
   49   49   48   49   49   50   52   53   55
    75.0-180.0 180.0   5.0 450.0                            LAT/LON1/LON2/DLON/H
   53   53   53   53   54   56   59   63   67   73   78   84   89   95  100  105
  110  115  120  124  128  130  132  132  130  127  123  118  113  107  102   97
   93   89   86   83   80   78   76   74   73   72   71   71   71   72   73   75
   77   79   81   83   84   85   85   84   82   80   77   73   69   66   63   60
   58   56   55   55   55   54   54   54   53
    72.5-180.0 180.0   5.0 450.0                            LAT/LON1/LON2/DLON/H
   60   57   54   51   49   48   49   52   56   62   68   74   81   88   95  103
  111  119  128  136  144  149  153  153  151  147  140  132  123  114  105   97
   90   84   79   75   71   69   68   67   66   66   67   68   69   71   74   77
   81   85   88   92   95   97   99   99   98   95   92   88   84   80   76   73
   71   70   69   68   67   67   65   63   60
    70.0-180.0 180.0   5.0 450.0                            LAT/LON1/LON2/DLON/H
   73   67   61   55   50   47   46   47   51   56   63   70   78   87   96  107
  118  131  145  158  170  179  185  186  183  176  166  154  140  126  113  100
   90   80   73   67   63   60   58   58   58   59   61   63   66   69   72   76
   80   85   90   95   99  103  105  107  107  105  103  100   96   92   88   85
   83   82   82   82   82   82   80   77   73
    67.5-180.0 180.0   5.0 450.0                            LAT/LON1/LON2/DLON/H
   86   79   72   63   56   50   47   47   50   56   63   72   81   91  103  116
  131  148  167  185  202  215  223  225  221  211  197  180  162  143  125  108
   94   81   70   62   56   52   50   49   50   52   54   56   59   62   65   69
   73   77   82   87   92   97  101  103  105  105  104  102   99   96   93   91
   89   89   90   91   93   93   93   90   86
    65.0-180.0 180.0   5.0 450.0                            LAT/LON1/LON2/DLON/H
   94   88   80   71   62   55   51   51   54   60   69   79   89  100  113  128
  146  167  190  212  233  249  259  262  257  245  228  207  185  163  141  121
  102   86   72   60   52   46   43   42   43   44   47   49   51   53   55   57
   59   62   66   70   75   80   85   89   92   94   95   94   93   90   88   87
   86   86   88   90   93   96   97   97   94
    62.5-180.0 180.0   5.0 450.0                            LAT/LON1/LON2/DLON/H
   93   90   84   76   68   61   57   57   61   68   78   89  101  113  126  143
  162  185  210  235  258  276  287  290  284  271  252  231  207  184  160  138
  117   97   80   65   54   46   41   39   39   40   41   42   43   43   43   43
   43   43   45   47   51   56   62   67   72   76   79   79   79   78   76   74
   73   74   75   78   82   86   90   93   93
    60.0-180.0 180.0   5.0 450.0                            LAT/LON1/LON2/DLON/H
   82   83   81   76   69   64   61   62   68   78   90  102  115  128  142  158
  178  201  226  251  273  291  302  304  298  286  269  248  227  205  183  160
  137  115   95   77   63   53   46   42   40   40   40   39   38   37   34   31
   28   26   26   26   29   34   39   46   52   57   61   63   63   62   60   58
   56   55   55   57   61   66   72   78   82
    57.5-180.0 180.0   5.0 450.0                            LAT/LON1/LON2/DLON/H
   64   70   72   70   67   64   64   68   76   88  102  117  131  144  159  175
  194  215  237  259  279  294  303  305  300  290  277  261  244  226  206  185
  162  139  116   96   79   67   58   52   48   46   44   42   39   36   31   26
   22   18   15   15   16   20   25   32   38   44   48   51   51   50   47   44
   39   36   33   33   35   40   48   56   64
    55.0-180.0 180.0   5.0 450.0                            LAT/LON1/LON2/DLON/H
   44   53   59   62   62   63   65   72   84   99  115  132  148  163  178  194
  211  229  247  264  279  290  296  297  294  288  279  269  258  245  229  210
  188  164  140  118  100   86   75   67   61   57   53   50   46   42   37   31
   25   21   17   16   17   19   24   30   36   41   45   47   47   45   41   36
   29   23   17   14   14   17   24   33   44
    52.5-180.0 180.0   5.0 450.0                            LAT/LON1/LON2/DLON/H
   28   39   48   54   57   61   67   77   92  110  129  148  165  182  199  215
  231  246  259  270  278  284  287  288  287  284  281  276  270  262  249  231
  210  186  162  140  121  106   94   85   78   72   67   63   58   54   49   44
   39   35   31   30   30   33   37   41   46   50   52   53   52   48   43   36
   29   20   12    6    2    2    7   16   28
    50.0-180.0 180.0   5.0 450.0                            LAT/LON1/LON2/DLON/H
   20   31   41   49   55   61   69   83  101  122  143  164  183  202  220  238
  253  266  275  280  282  283  283  283  283  284  284  283  280  273  261  244
  223  199  176  155  138  124  113  103   94   87   82   77   73   69   66   62
   58   55   53   52   53   55   57   61   63   65   66   65   63   59   53   45
   37   28   19   10    4    2    4   10   20
    47.5-180.0 180.0   5.0 450.0                            LAT/LON1/LON2/DLON/H
   24   33   41   49   55   63   74   91  112  135  157  179  200  220  241  261
  277  289  296  297  295  291  289  288  289  290  291  291  287  278  265  246
  225  202  181  164  150  138  128  118  109  101   95   91   87   85   82   80
   78   76   76   76   76   77   79   81   82   82   81   79   76   71   65   58
   51   43   34   26   19   14   13   17   24
    45.0-180.0 180.0   5.0 450.0                            LAT/LON1/LON2/DLON/H
   36   42   48   53   59   68   81  100  124  148  172  194  215  237  259  282
  301  314  320  320  315  310  306  303  303  302  301  297  289  277  260  239
  217  196  179  165  155  147  139  130  120  112  106  102   99   97   95   93
   93   92   92   92   92   93   93   94   94   94   92   89   85   81   76   71
   65   59   53   47   41   36   33   33   36
    42.5-180.0 180.0   5.0 450.0                            LAT/LON1/LON2/DLON/H
   52   54   57   60   65   74   89  111  136  162  186  208  228  250  274  299
  320  336  344  345  341  335  330  325  322  317  311  302  288  271  251  229
  208  189  175  166  160  155  148  140  131  122  115  111  107  105  103  101
  100  100   99   98   97   96   96   96   96   96   94   92   89   85   81   77
   74   71   69   66   62   58   54   52   52
    40.0-180.0 180.0   5.0 450.0                            LAT/LON1/LON2/DLON/H
   67   66   65   66   70   79   96  121  149  176  200  220  240  261  285  311
  335  353  364  368  367  362  355  348  341  331  320  305  287  266  245  224
  205  190  180  174  171  167  161  153  143  133  126  120  116  112  108  105
  103  101   98   95   92   90   88   88   88   88   88   87   85   83   80   77
   76   75   76   77   77   75   72   69   67
    37.5-180.0 180.0   5.0 450.0                            LAT/LON1/LON2/DLON/H
   74   72   69   69   72   82  102  129  159  188  213  233  251  271  294  318
  342  363  377  385  387  383  376  366  354  341  325  308  289  269  251  235
  221  210  202  197  194  189  182  173  161  150  141  133  127  121  116  111
  107  102   97   90   84   79   75   75   75   77   78   78   78   76   75   72
   71   71   73   77   80   80   79   77   74
    35.0-180.0 180.0   5.0 450.0                            LAT/LON1/LON2/DLON/H
   73   71   68   67   71   83  105  135  168  199  225  246  263  281  301  323
  345  365  381  392  397  394  386  374  360  345  329  314  300  287  278  270
  263  255  248  241  234  226  215  203  190  176  165  155  147  139  132  125
  119  112  103   93   83   74   68   66   66   68   70   72   72   71   69   66
   63   62   64   68   72   74   75   75   73
    32.5-180.0 180.0   5.0 450.0                            LAT/LON1/LON2/DLON/H
   65   64   62   62   67   81  106  138  174  208  237  259  277  293  310  327
  344  362  378  390  396  394  385  372  358  346  336  329  325  325  328  331
  332  327  318  305  291  277  262  246  229  213  199  188  178  169  161  154
  146  137  126  112   97   84   75   70   69   71   72   73   74   73   70   65
   59   55   53   55   58   61   63   65   65
    30.0-180.0 180.0   5.0 450.0                            LAT/LON1/LON2/DLON/H
   54   55   55   56   63   80  107  142  180  216  248  273  293  309  321  333
  345  357  370  381  387  385  376  364  354  349  349  355  366  382  400  416
  424  420  405  384  361  338  318  298  278  260  244  230  220  212  205  198
  191  181  168  151  132  115  101   93   89   88   88   87   86   84   79   72
   64   55   48   45   45   46   49   52   54
    27.5-180.0 180.0   5.0 450.0                            LAT/LON1/LON2/DLON/H
   47   49   50   53   62   81  110  147  186  225  259  288  311  327  337  344
  349  355  363  370  374  371  364  356  354  360  374  395  422  454  486  512
  525  520  499  468  434  404  377  354  332  311  293  280  270  264  259  255
  249  240  226  207  186  164  146  134  126  121  117  113  109  105   99   90
   79   65   54   45   40   38   40   43   47
    25.0-180.0 180.0   5.0 450.0                            LAT/LON1/LON2/DLON/H
   46   49   51   54   65   86  117  154  194  234  271  304  330  348  357  360
  359  359  361  363  363  360  356  356  364  384  412  447  487  531  573  605
  620  612  583  542  500  463  433  407  383  361  343  330  322  319  316  314
  310  303  290  271  248  224  202  185  173  164  155  147  140  133  126  117
  103   87   71   57   47   42   40   43   46
    22.5-180.0 180.0   5.0 450.0                            LAT/LON1/LON2/DLON/H
   56   57   58   62   75   97  129  166  206  245  284  320  349  370  380  381
  377  371  367  364  360  357  358  368  389  421  461  505  552  601  646  680
  693  680  645  598  550  509  477  451  426  404  386  373  368  366  366  365
  362  357  346  329  306  280  256  236  220  207  195  182  172  163  156  146
  133  116   98   81   67   57   53   54   56
    20.0-180.0 180.0   5.0 450.0                            LAT/LON1/LON2/DLON/H
   73   73   72   76   89  113  146  182  220  259  298  336  368  391  403  406
  401  393  384  376  370  368  375  395  428  471  517  563  609  653  694  724
  733  717  678  628  578  537  506  481  457  434  416  404  399  398  398  397
  394  390  381  367  345  320  295  274  258  242  227  212  199  190  182  174
  162  146  128  110   94   82   76   73   73
    17.5-180.0 180.0   5.0 450.0                            LAT/LON1/LON2/DLON/H
   94   91   89   92  107  132  165  202  239  276  315  353  386  412  427  433
  431  424  413  402  393  394  407  437  479  527  573  613  648  682  713  734
  738  720  682  633  587  549  521  497  473  450  431  418  412  410  406  402
  398  394  388  377  359  336  313  293  277  263  248  232  218  207  200  193
  183  170  154  138  123  110  102   97   94
    15.0-180.0 180.0   5.0 450.0                            LAT/LON1/LON2/DLON/H
  114  108  105  109  124  152  187  223  259  295  333  370  404  431  451  462
  465  461  451  438  429  431  451  487  534  581  620  648  668  686  704  715
  715  697  664  622  582  549  525  502  478  453  432  417  407  400  392  383
  376  371  367  360  346  327  307  291  278  267  254  239  225  215  208  202
  194  184  172  159  146  134  126  119  114
    12.5-180.0 180.0   5.0 450.0                            LAT/LON1/LON2/DLON/H
  127  120  116  122  140  170  207  244  281  317  353  390  423  451  474  491
  501  502  494  482  473  477  500  539  586  628  655  667  671  673  677  680
  677  663  637  605  573  547  525  503  477  449  424  404  389  376  361  346
  336  331  329  325  315  300  285  273  265  258  249  237  224  214  207  202
  195  186  177  168  158  149  141  134  127
    10.0-180.0 180.0   5.0 450.0                            LAT/LON1/LON2/DLON/H
  132  125  122  130  152  185  225  264  302  339  376  411  443  471  497  520
  536  543  539  528  521  526  549  587  629  660  674  672  661  651  645  643
  640  631  615  593  570  548  528  505  476  444  413  387  366  345  324  305
  293  288  288  287  281  270  258  251  247  245  240  230  220  210  202  195
  188  180  173  167  160  153  146  139  132
     7.5-180.0 180.0   5.0 450.0                            LAT/LON1/LON2/DLON/H
  129  123  123  135  160  197  239  282  322  361  398  433  464  493  520  547
  569  581  581  573  566  571  592  625  657  678  680  667  649  632  622  618
  617  614  607  594  577  559  538  513  480  442  406  373  346  320  295  274
  262  260  263  264  260  251  242  237  236  236  233  226  217  207  198  189
  179  170  163  158  154  149  143  136  129
     5.0-180.0 180.0   5.0 450.0                            LAT/LON1/LON2/DLON/H
  122  118  122  137  167  207  252  296  339  380  419  454  485  513  542  571
  596  611  615  610  605  609  625  650  672  682  677  660  641  626  617  614
  615  617  617  610  597  579  557  528  491  449  407  369  337  308  283  265
  257  258  264  266  263  255  246  241  239  239  236  230  220  209  198  187
  174  163  154  149  145  141  136  129  122
     2.5-180.0 180.0   5.0 450.0                            LAT/LON1/LON2/DLON/H
  117  115  122  141  174  216  262  308  352  395  436  472  503  531  560  589
  615  632  639  638  635  637  647  663  675  678  670  656  644  635  631  631
  634  638  640  636  624  605  580  548  508  464  418  377  343  315  294  282
  281  287  295  298  294  285  274  266  260  256  250  242  231  219  206  192
  177  163  151  144  139  135  129  123  117
