static/ion/2024-01-04.24i
     1.0            IONOSPHERE MAPS     GNSS                IONEX VERSION / TYPE
IONINX V5.5         AIUB                03-JAN-24 07:38     PGM / RUN BY / DATE 
CODE'S 2-DAY PREDICTED IONOSPHERE MAPS FOR DAY 004, 2024    COMMENT             
Global ionosphere maps (GIM) are generated on a daily basis DESCRIPTION         
at CODE using data from about 120 GNSS sites of the IGS and DESCRIPTION         
other institutions. The vertical total electron content     DESCRIPTION         
(VTEC) is modeled in a solar-geomagnetic reference frame    DESCRIPTION         
using a spherical harmonics expansion up to degree and      DESCRIPTION         
order 15. Piece-wise linear functions are used for          DESCRIPTION         
representation in the time domain. The time spacing of      DESCRIPTION         
their vertices is 1 hour, conforming with the epochs of the DESCRIPTION         
VTEC maps.                                                  DESCRIPTION         
To convert line-of-sight TEC into vertical TEC, a modified  DESCRIPTION         
single-layer model mapping function approximating the JPL   DESCRIPTION         
extended slab model mapping function is adopted. The        DESCRIPTION         
mapping function is evaluated at geodetic satellite         DESCRIPTION         
elevation angles. For the computation of the ionospheric    DESCRIPTION         
pierce points, a spherical layer with a radius of 6821 km   DESCRIPTION         
is assumed, implying geocentric, not geodetic IONEX         DESCRIPTION         
latitudes.                                                  DESCRIPTION         
Instrumental biases with respect to each involved GNSS code DESCRIPTION         
observable are estimated as constant values for each        DESCRIPTION         
day. They are modeled with one set of bias parameters for   DESCRIPTION         
each satellite and each station in case of GPS and for each DESCRIPTION         
satellite-station link in case of GLONASS. The code bias    DESCRIPTION         
datum is defined by zero-mean conditions imposed on the     DESCRIPTION         
satellite bias estimates. In this file, just GPS C1W-C2W    DESCRIPTION         
satellite and station bias values are included. The         DESCRIPTION         
complete set of GNSS code bias results is provided in an    DESCRIPTION         
additional Bias-SINEX file as pseudo-absolute values        DESCRIPTION         
specific to each observable.                                DESCRIPTION         
Contact address: code(at)aiub.unibe.ch                      DESCRIPTION         
Data archive:    ftp.aiub.unibe.ch/CODE/                    DESCRIPTION         
                 www.aiub.unibe.ch/download/CODE/           DESCRIPTION         
  2024     1     4     0     0     0                        EPOCH OF FIRST MAP  
  2024     1     5     0     0     0                        EPOCH OF LAST MAP   
  3600                                                      INTERVAL            
    25                                                      # OF MAPS IN FILE   
  NONE                                                      MAPPING FUNCTION    
    10.0                                                    ELEVATION CUTOFF    
One-way carrier phase leveled to code                       OBSERVABLES USED    
  6371.0                                                    BASE RADIUS         
     2                                                      MAP DIMENSION       
   450.0 450.0   0.0                                        HGT1 / HGT2 / DHGT  
    87.5 -87.5  -2.5                                        LAT1 / LAT2 / DLAT  
  -180.0 180.0   5.0                                        LON1 / LON2 / DLON  
    -1                                                      EXPONENT            
TEC/RMS values in 0.1 TECU; 9999, if no value available     COMMENT             
                                                            END OF HEADER       
[from data line 8151]
    20                                                      START OF TEC MAP    
  2024     1     4    19     0     0                        EPOCH OF CURRENT MAP
    87.5-180.0 180.0   5.0 450.0                            LAT/LON1/LON2/DLON/H
   98   99  100  101  102  103  104  105  106  106  107  108  109  109  110  110
  110  110  110  110  110  110  110  109  109  108  107  107  106  105  104  103
  102  101  100   99   97   96   95   94   93   92   91   91   90   89   89   88
   88   88   88   88   88   88   88   88   89   89   89   90   90   91   91   92
   93   93   94   95   95   96   97   98   98
    85.0-180.0 180.0   5.0 450.0                            LAT/LON1/LON2/DLON/H
   89   90   91   93   94   96   98  100  102  104  106  108  110  111  113  113
  114  114  115  114  114  113  113  112  111  110  109  107  106  105  103  101
   99   98   95   93   91   89   87   84   82   80   78   77   75   74   74   73
   73   73   73   73   74   75   76   76   77   78   79   80   81   81   82   83
   83   84   84   85   85   86   87   88   89
    82.5-180.0 180.0   5.0 450.0                            LAT/LON1/LON2/DLON/H
   73   74   75   77   79   82   85   89   92   96  100  103  106  109  111  113
  114  114  114  113  112  111  110  108  107  106  104  103  102  101   99   98
   96   94   91   89   85   82   79   75   72   69   66   64   62   60   60   59
   60   60   61   63   64   66   68   69   71   72   73   74   74   75   75   75
   75   74   74   74   73   73   73   73   73
    80.0-180.0 180.0   5.0 450.0                            LAT/LON1/LON2/DLON/H
   56   56   56   58   60   63   68   73   78   84   90   96  101  106  109  111
  112  112  111  110  108  105  103  101   99   98   97   96   96   95   95   94
   93   91   89   86   82   78   74   69   65   61   57   54   52   51   50   51
   52   54   56   59   61   64   66   68   70   71   72   73   73   73   72   71
   70   69   67   65   63   61   59   57   56
    77.5-180.0 180.0   5.0 450.0                            LAT/LON1/LON2/DLON/H
   44   41   40   40   42   45   50   57   65   73   82   90   98  105  110  113
  115  114  112  109  105  101   97   94   91   89   88   88   88   89   90   90
   90   89   87   84   81   76   71   66   61   56   52   49   47   47   48   49
   52   55   59   62   66   69   71   73   75   75   76   75   75   74   72   71
   69   67   65   62   58   55   51   47   44
    75.0-180.0 180.0   5.0 450.0                            LAT/LON1/LON2/DLON/H
   40   35   31   29   30   32   37   45   55   66   77   89  100  109  117  122
  124  124  121  117  111  104   98   92   88   84   83   82   82   84   85   86
   86   86   84   82   78   73   68   63   58   54   51   48   48   48   50   54
   58   62   67   71   75   78   80   81   81   80   79   78   76   75   74   73
   71   70   67   65   61   56   51   46   40
    72.5-180.0 180.0   5.0 450.0                            LAT/LON1/LON2/DLON/H
   46   39   33   29   27   28   33   41   51   64   79   94  108  121  131  138
  142  143  140  135  127  118  109  101   93   87   83   80   79   79   80   80
   80   79   77   74   71   67   62   58   55   52   50   49   50   52   56   61
   66   72   77   81   84   86   87   86   84   82   79   77   75   73   73   73
   73   74   74   72   70   66   60   53   46
    70.0-180.0 180.0   5.0 450.0                            LAT/LON1/LON2/DLON/H
   59   51   43   37   34   33   37   45   56   70   87  104  121  138  151  162
  169  171  170  164  156  145  132  120  108   98   90   84   79   76   74   72
   70   67   65   61   58   55   52   49   47   47   47   48   51   55   60   66
   72   78   83   87   89   89   88   85   81   77   73   69   67   67   67   70
   73   76   79   81   81   78   74   67   59
    67.5-180.0 180.0   5.0 450.0                            LAT/LON1/LON2/DLON/H
   75   66   58   52   48   47   50   57   68   83  100  119  139  158  175  189
  199  205  206  202  193  180  165  149  132  117  104   92   83   76   69   64
   58   53   48   43   40   37   36   36   37   38   41   44   49   54   60   66
   72   77   82   84   85   83   80   76   70   65   60   56   54   54   57   61
   67   74   80   86   89   89   87   82   75
    65.0-180.0 180.0   5.0 450.0                            LAT/LON1/LON2/DLON/H
   85   79   73   68   65   64   68   75   86  100  117  137  158  179  199  216
  230  240  244  241  233  220  202  182  161  141  122  106   91   79   68   58
   49   40   32   26   21   19   19   21   24   28   32   37   42   47   53   59
   64   68   71   73   72   69   65   60   54   48   43   39   38   39   42   48
   57   66   75   83   89   92   93   90   85
    62.5-180.0 180.0   5.0 450.0                            LAT/LON1/LON2/DLON/H
   86   83   81   80   80   82   88   96  107  121  137  156  177  198  220  240
  257  270  277  278  271  257  238  215  191  166  143  122  104   89   74   60
   46   34   22   14    8    5    6    8   12   18   23   28   32   37   41   46
   50   53   54   55   53   50   46   41   35   30   26   23   22   23   27   34
   42   52   63   72   80   85   87   88   86
    60.0-180.0 180.0   5.0 450.0                            LAT/LON1/LON2/DLON/H
   76   78   81   85   91   98  107  118  130  143  159  176  196  216  238  259
  278  293  302  305  300  287  268  243  217  190  165  142  122  105   88   72
   55   39   24   12    4    0    0    3    7   11   16   20   23   26   28   31
   33   35   36   36   34   32   28   25   21   17   14   12   12   13   16   21
   28   37   46   55   62   68   72   74   76
    57.5-180.0 180.0   5.0 450.0                            LAT/LON1/LON2/DLON/H
   58   64   73   84   96  110  124  139  153  167  182  197  214  233  253  273
  291  307  318  321  318  306  288  264  238  211  186  164  145  128  111   94
   75   56   38   24   13    7    5    6    9   12   15   17   18   19   19   20
   21   22   23   23   22   20   18   16   15   13   12   10   10   10   11   14
   19   24   31   37   42   46   49   53   58
    55.0-180.0 180.0   5.0 450.0                            LAT/LON1/LON2/DLON/H
   38   48   62   79   99  119  139  158  176  191  206  220  235  250  267  284
  300  314  324  328  325  316  300  278  254  229  207  187  171  156  140  123
  103   82   62   45   33   25   20   19   19   20   21   21   20   18   17   17
   18   19   20   20   20   19   19   19   19   19   19   18   17   16   15   15
   16   18   21   23   25   26   28   32   38
    52.5-180.0 180.0   5.0 450.0                            LAT/LON1/LON2/DLON/H
   23   36   54   76  101  127  153  177  198  216  231  245  257  270  282  295
  307  318  325  328  326  319  306  289  268  247  227  211  197  184  170  152
  131  109   88   70   57   47   41   37   35   34   33   31   29   26   24   24
   25   26   28   29   30   30   31   32   33   34   34   33   31   29   27   25
   23   21   20   19   17   15   15   17   23
    50.0-180.0 180.0   5.0 450.0                            LAT/LON1/LON2/DLON/H
   20   33   53   78  107  137  166  194  219  240  257  271  282  292  301  309
  316  322  326  327  326  322  313  300  283  265  247  232  219  207  192  174
  152  129  108   91   77   68   61   56   53   51   49   46   43   40   39   39
   41   44   47   48   49   49   50   51   52   53   52   51   49   47   43   40
   36   32   29   25   21   17   14   14   20
    47.5-180.0 180.0   5.0 450.0                            LAT/LON1/LON2/DLON/H
   29   42   62   88  117  148  180  210  238  262  282  297  309  317  323  327
  329  330  330  330  329  327  322  313  300  283  265  249  234  220  202  181
  158  135  115  100   90   82   76   71   68   66   64   63   61   58   57   58
   61   65   69   71   71   71   71   71   71   71   70   68   67   64   61   57
   53   49   45   40   35   30   25   24   29
    45.0-180.0 180.0   5.0 450.0                            LAT/LON1/LON2/DLON/H
   48   60   80  104  133  163  194  225  254  281  304  321  334  343  347  348
  346  343  340  338  338  338  336  330  318  301  281  260  240  221  199  174
  149  126  109   99   93   89   85   81   79   77   78   77   76   75   74   76
   80   85   89   91   90   89   88   86   85   84   82   81   79   78   75   72
   68   65   61   58   54   49   45   44   48
    42.5-180.0 180.0   5.0 450.0                            LAT/LON1/LON2/DLON/H
   71   84  102  125  151  178  207  237  267  296  321  342  357  366  370  370
  365  360  355  352  352  354  354  349  336  316  291  264  238  212  186  157
  131  109   96   91   91   92   91   88   86   86   88   89   89   87   87   89
   93   97  101  102  100   98   96   94   92   90   88   86   86   85   84   82
   79   76   74   73   71   68   66   66   71
    40.0-180.0 180.0   5.0 450.0                            LAT/LON1/LON2/DLON/H
   92  106  124  145  168  192  218  246  277  306  333  356  374  385  390  389
  384  378  372  369  368  370  370  364  350  326  296  264  233  202  172  142
  115   96   88   89   94   99   99   97   94   94   96   98   98   96   95   95
   98  101  103  103  101   98   96   93   91   89   87   87   87   88   88   87
   84   81   79   79   80   80   80   83   92
    37.5-180.0 180.0   5.0 450.0                            LAT/LON1/LON2/DLON/H
  104  121  141  161  182  203  226  253  282  312  340  365  384  398  404  404
  399  393  388  384  383  383  382  374  357  331  298  264  231  200  170  142
  118  103   99  104  112  118  117  113  108  107  108  109  108  104  100   98
   98   98   98   96   94   91   89   88   87   85   84   85   86   88   88   86
   82   78   76   76   78   80   84   92  104
    35.0-180.0 180.0   5.0 450.0                            LAT/LON1/LON2/DLON/H
  107  128  151  172  191  210  232  258  286  315  343  368  389  403  411  411
  408  403  398  395  392  390  385  375  358  332  301  269  240  215  192  169
  151  140  139  145  153  155  151  142  133  128  127  125  122  115  108  103
   99   96   93   89   86   84   83   83   83   82   83   84   86   88   87   84
   78   72   67   66   67   71   78   90  107
    32.5-180.0 180.0   5.0 450.0                            LAT/LON1/LON2/DLON/H
  103  128  154  177  196  215  237  262  289  317  344  368  389  403  411  412
  410  406  403  399  394  388  380  370  354  332  309  287  269  255  243  231
  219  212  211  215  217  212  201  185  170  161  156  151  144  135  125  116
  108  101   94   89   85   83   83   83   84   84   85   87   89   90   88   83
   75   66   58   53   53   57   66   81  103
    30.0-180.0 180.0   5.0 450.0                            LAT/LON1/LON2/DLON/H
   98  127  156  181  201  221  243  268  294  320  345  368  387  400  407  408
  406  404  401  397  390  381  371  361  351  339  328  321  319  321  323  323
  319  314  310  306  298  283  261  238  218  204  195  187  178  166  153  141
  129  119  109  101   96   94   93   92   92   93   94   95   96   96   93   86
   77   65   53   45   41   44   54   72   98
    27.5-180.0 180.0   5.0 450.0                            LAT/LON1/LON2/DLON/H
   97  130  161  187  209  230  253  278  303  327  349  370  387  399  404  404
  402  400  398  393  384  373  363  357  356  357  362  372  388  407  423  433
  435  429  418  402  381  354  322  292  268  251  240  230  219  206  192  178
  164  150  137  127  121  117  113  111  109  108  108  108  107  105  101   94
   84   71   57   45   39   39   49   69   97
    25.0-180.0 180.0   5.0 450.0                            LAT/LON1/LON2/DLON/H
  107  141  173  200  223  246  269  294  318  340  359  377  393  403  406  404
  401  400  397  392  381  370  363  364  374  390  412  438  469  500  527  543
  546  536  515  486  450  411  372  339  314  297  285  275  263  251  237  223
  207  191  176  165  156  149  142  135  130  127  125  123  119  115  111  105
   97   85   70   56   47   46   56   77  107
    22.5-180.0 180.0   5.0 450.0                            LAT/LON1/LON2/DLON/H
  127  161  193  221  245  268  293  317  340  359  377  393  407  415  417  414
  410  408  405  399  389  379  377  387  409  438  473  511  550  587  617  634
  633  616  583  540  492  444  401  368  346  332  322  312  302  290  278  265
  250  233  218  206  195  185  174  161  151  145  141  137  131  126  121  117
  112  102   89   75   65   64   74   96  127
    20.0-180.0 180.0   5.0 450.0                            LAT/LON1/LON2/DLON/H
  155  190  222  249  274  298  322  346  367  385  402  418  431  439  440  437
  432  430  427  420  410  404  407  426  458  497  539  580  620  654  679  689
  681  654  611  556  499  446  404  376  360  351  344  336  327  317  307  296
  282  267  253  241  230  217  201  184  169  160  154  147  140  133  129  128
  126  119  109   96   87   87   99  123  155
    17.5-180.0 180.0   5.0 450.0                            LAT/LON1/LON2/DLON/H
  186  221  253  282  308  333  357  380  399  417  434  451  466  475  477  473
  470  467  463  455  446  443  452  478  516  559  600  637  668  692  705  704
  686  650  598  537  475  422  385  365  356  353  349  342  334  325  317  308
  298  286  274  263  253  238  219  199  181  170  162  155  146  138  134  134
  135  132  124  114  107  110  126  152  186
    15.0-180.0 180.0   5.0 450.0                            LAT/LON1/LON2/DLON/H
  213  250  284  314  342  369  394  416  435  453  472  491  509  520  524  523
  520  517  513  504  495  493  507  536  575  615  650  675  692  701  699  685
  657  614  558  494  432  383  353  341  339  340  338  331  322  314  307  301
  294  286  278  270  261  247  227  205  187  175  167  159  150  141  137  137
  139  137  131  123  120  127  147  177  213
    12.5-180.0 180.0   5.0 450.0                            LAT/LON1/LON2/DLON/H
  233  273  309  343  375  404  430  452  471  491  513  535  556  570  577  579
  580  578  572  561  551  549  563  591  626  658  681  692  693  686  670  645
  610  564  508  447  389  346  322  316  319  321  318  308  298  289  283  280
  277  272  268  264  258  246  227  207  189  178  171  163  153  144  138  137
  137  135  129  123  124  135  160  194  233
    10.0-180.0 180.0   5.0 450.0                            LAT/LON1/LON2/DLON/H
  245  287  327  366  402  434  462  485  506  528  552  578  602  619  630  637
  641  640  633  621  608  604  614  637  664  685  694  691  679  659  634  603
  566  522  470  415  363  325  305  301  304  304  297  284  270  261  256  255
  255  254  253  252  248  239  224  207  192  183  176  168  158  148  141  137
  134  129  122  117  120  136  164  202  245
     7.5-180.0 180.0   5.0 450.0                            LAT/LON1/LON2/DLON/H
  249  294  338  381  422  459  489  514  537  561  588  616  642  662  677  688
  695  697  691  676  660  651  655  670  686  694  691  679  659  634  607  576
  542  504  460  411  364  329  310  304  303  298  285  268  252  242  239  240
  242  243  244  243  241  234  223  210  199  191  185  177  166  155  146  139
  132  123  114  109  114  132  164  205  249
     5.0-180.0 180.0   5.0 450.0                            LAT/LON1/LON2/DLON/H
  251  297  343  390  435  476  509  536  561  587  615  644  670  692  710  725
  737  742  736  721  701  687  684  689  694  692  681  664  644  622  599  574
  547  517  480  438  396  361  338  327  319  307  289  268  251  242  241  245
  248  249  248  246  243  237  229  220  211  204  197  188  177  166  155  145
  134  121  110  104  110  130  164  205  251
     2.5-180.0 180.0   5.0 450.0                            LAT/LON1/LON2/DLON/H
  254  299  346  394  442  485  521  551  577  604  632  660  685  707  726  744
  760  769  766  751  730  712  702  698  694  685  671  655  640  626  612  596
  578  555  526  489  448  411  383  365  350  332  310  288  273  267  269  274
  277  275  270  263  257  250  243  236  229  221  212  202  190  178  167  155
  142  127  114  109  115  135  168  209  254
